"WO - ID - prefix","WO - ID - number","WO - ID","ID Solicitud de Acceso - prefix","ID Solicitud de Acceso - number","ID Solicitud de Acceso","ID Site de trabajo - prefix","ID Site de trabajo - number","ID Site de trabajo","ID Site de trabajo (Descargas Baterias) - prefix","ID Site de trabajo (Descargas Baterias) - number","ID Site de trabajo (Descargas Baterias)",Solicitante,Estado,"Fecha de creación","Ultimo cambio",Título,"Descripción del Trabajo",Tipo,"¿Impacto en el servicio?","Fecha de inicio del impacto del servicio","Fecha de finalización del impacto del servicio","Fecha ejecución","Estado Cierre","ID Ocean","Fecha próxima revisión","ID de emplazamiento - prefix","ID de emplazamiento - number","ID de emplazamiento","Trabajo completo","Trabajo realizado","Fin de trabajo (previsto)","Fin del trabajo","Inicio de obra","Inicio de obra (previsto)","Reconocimiento requerido","No empezar antes","coordenadas - Latitude - WGS 84","coordenadas - Longitude - WGS 84","coordenadas - Elevation",Razón,"Trabajo realizado","Trabajo por hacer","Próxima visita preventiva en","Próxima visita PM","¿Se requiere acceso al sitio?",Dominio,"Fecha de inicio prevista","Fecha de finalización prevista"
WO,2552,WO-2552,,,-,,,,SPA-LE,152,SPA-LE00152,"System Administrator",Cerrado,"2023-11-14 18:45:53","2023-11-15 12:07:28","2112311219645_LE0152-INSPECCION__OCA_-14-08-2020.PDF","2112311219645_LE0152-INSPECCION__OCA_-14-08-2020.PDF","Inspecciones (OCA)",NO,,,,,,14.08.2023,LO,3377,LO-003377,false,,,,,,false,2023-11-14,,,,,,,,,,,,
WO,4042,WO-4042,,,-,,,,SPA-ZX,522,SPA-ZX00522,"System Administrator",Cerrado,"2024-01-18 17:34:50","2024-01-18 18:02:02","010920523741_ZX0522-REV_MAT_13_07_23.PDF","010920523741_ZX0522-REV_MAT_13_07_23.PDF","Revision (MTO)",NO,,,,,,13.07.2024,LO,7778,LO-007778,false,,,,,,false,2024-01-18,,,,,,,,,,,,
WO,3770,WO-3770,,,-,,,,SPA-VA,2196,SPA-VA02196,"System Administrator",Cerrado,"2023-11-14 19:13:57","2023-11-15 12:22:54",2508385517380_VA2196.PDF,2508385517380_VA2196.PDF,"Revision (MTO)",NO,,,,,,,LO,7045,LO-007045,false,,,,,,false,2023-11-14,,,,,,,,,,,,
WO,2503,WO-2503,,,-,,,,SPA-VX,74,SPA-VX00074,"System Administrator",Cerrado,"2023-11-14 18:44:47","2023-11-15 12:25:06","2112310516090_VX0074-REVISION__MTO_-17-06-2020.DOC","2112310516090_VX0074-REVISION__MTO_-17-06-2020.DOC","Revision (MTO)",NO,,,,,,,LO,7254,LO-007254,false,,,,,,false,2023-11-14,,,,,,,,,,,,
WO,3722,WO-3722,,,-,,,,SPA-AB,6006,SPA-AB06006,"System Administrator",Cerrado,"2023-11-14 19:12:48","2023-11-15 12:17:12","2709420216021_AB6006_-_REV_MTO_05-09-2022.PDF","2709420216021_AB6006_-_REV_MTO_05-09-2022.PDF","Revision (MTO)",NO,,,,,,,LO,43,LO-000043,false,,,,,,false,2023-11-14,,,,,,,,,,,,
WO,2569,WO-2569,,,-,,,,SPA-LE,1691,SPA-LE01691,"System Administrator",Cerrado,"2023-11-14 18:46:16","2023-11-15 12:25:03","2112311320736_LE1691-INSPECCION__OCA_-11-08-2020.PDF","2112311320736_LE1691-INSPECCION__OCA_-11-08-2020.PDF","Inspecciones (OCA)",NO,,,,,,11.08.2023,LO,3464,LO-003464,false,,,,,,false,2023-11-14,,,,,,,,,,,,
WO,2024,WO-2024,,,-,,,,SPA-SA,5612,SPA-SA05612,"System Administrator",Cerrado,"2023-11-14 18:33:18","2023-11-15 12:17:46","2112300213579_SA5612-INSPECCION__OCA_-15-11-2019.PDF","2112300213579_SA5612-INSPECCION__OCA_-15-11-2019.PDF","Inspecciones (OCA)",NO,,,,,,15.11.2022,LO,5693,LO-005693,false,,,,,,false,2023-11-14,,,,,,,,,,,,
WO,2471,WO-2471,,,-,,,,SPA-AB,6318,SPA-AB06318,"System Administrator",Cerrado,"2023-11-14 18:44:02","2023-11-15 12:09:15","211230592401_AB6318-REVISION__MTO_-23-04-2020.DOC","211230592401_AB6318-REVISION__MTO_-23-04-2020.DOC","Revision (MTO)",NO,,,,,,,LO,65,LO-000065,false,,,,,,false,2023-11-14,,,,,,,,,,,,
WO,2032,WO-2032,,,-,,,,SPA-HU,7145,SPA-HU07145,"System Administrator",Cerrado,"2023-11-14 18:33:29","2023-11-15 12:06:16","2112300227753_HU7145-INSPECCION__OCA_-13-06-2019.PDF","2112300227753_HU7145-INSPECCION__OCA_-13-06-2019.PDF","Inspecciones (OCA)",NO,,,,,,13.06.2022,LO,2857,LO-002857,false,,,,,,false,2023-11-14,,,,,,,,,,,,
WO,4330,WO-4330,,,-,,,,SPA-SE,128,SPA-SE00128,"System Administrator",Cerrado,"2024-01-18 17:41:33","2024-01-18 18:04:57","2213464127222_01370302_ORANGE_ESPAGNE__SAU_SE0128_CT_PERIO_DESFAV.PDF","2213464127222_01370302_ORANGE_ESPAGNE__SAU_SE0128_CT_PERIO_DESFAV.PDF","Inspecciones (OCA)",NO,,,,,,,LO,5786,LO-005786,false,,,,,,false,2024-01-18,,,,,,,,,,,,
WO,2392,WO-2392,,,-,,,,SPA-CR,3205,SPA-CR03205,"System Administrator",Cerrado,"2023-11-14 18:42:06","2023-11-15 12:06:30","2112305029876_CR3205-REVISION__MTO_-11-02-2019.PDF","2112305029876_CR3205-REVISION__MTO_-11-02-2019.PDF","Revision (MTO)",NO,,,,,,,LO,1769,LO-001769,false,,,,,,false,2023-11-14,,,,,,,,,,,,
WO,3984,WO-3984,,,-,,,,SPA-CS,129,SPA-CS00129,"System Administrator",Cerrado,"2024-01-18 17:33:26","2024-01-18 18:01:26","2517365112310_CS0129_INFORME_REVISION_VINAROZ_2023.PDF","2517365112310_CS0129_INFORME_REVISION_VINAROZ_2023.PDF","Revision (MTO)",NO,,,,,,03.05.2024,LO,1896,LO-001896,false,,,,,,false,2024-01-18,,,,,,,,,,,,
WO,3668,WO-3668,,,-,,,,SPA-BU,4300,SPA-BU04300,"System Administrator",Cerrado,"2023-11-14 19:11:29","2023-11-15 12:16:28","1608263910264_BU4300-CON_DEFECTOS.PDF","1608263910264_BU4300-CON_DEFECTOS.PDF","Revision (MTO)",NO,,,,,,,LO,730,LO-000730,false,,,,,,false,2023-11-14,,,,,,,,,,,,
WO,3743,WO-3743,,,-,,,,SPA-AX,6310,SPA-AX06310,"System Administrator",Cerrado,"2023-11-14 19:13:18","2023-11-15 12:24:04","0316563016512_AX6310_INFORME_MANTENIMIENTO_LA_NUCIA_2022.PDF","0316563016512_AX6310_INFORME_MANTENIMIENTO_LA_NUCIA_2022.PDF","Revision (MTO)",NO,,,,,,,LO,351,LO-000351,false,,,,,,false,2023-11-14,,,,,,,,,,,,
WO,3440,WO-3440,,,-,,,,SPA-MX,1047,SPA-MX01047,"System Administrator",Cerrado,"2023-11-14 19:06:13","2023-11-15 12:18:56",011436409443_MX1047.PDF,011436409443_MX1047.PDF,"Revision (MTO)",NO,,,,,,,LO,4538,LO-004538,false,,,,,,false,2023-11-14,,,,,,,,,,,,
WO,2436,WO-2436,,,-,,,,SPA-GU,9145,SPA-GU09145,"System Administrator",Cerrado,"2023-11-14 18:43:10","2023-11-15 12:19:02","2112305327037_GU9145-REVISION__MTO_-06-03-2019.PDF","2112305327037_GU9145-REVISION__MTO_-06-03-2019.PDF","Revision (MTO)",NO,,,,,,,LO,2777,LO-002777,false,,,,,,false,2023-11-14,,,,,,,,,,,,
WO,3220,WO-3220,,,-,,,,SPA-SS,5616,SPA-SS05616,"System Administrator",Cerrado,"2023-11-14 19:01:08","2023-11-15 12:10:36","0312220921432_SS5616-REV_MTO_17-08-2022.PDF","0312220921432_SS5616-REV_MTO_17-08-2022.PDF","Revision (MTO)",NO,,,,,,,LO,6227,LO-006227,false,,,,,,false,2023-11-14,,,,,,,,,,,,
WO,3946,WO-3946,,,-,,,,SPA-CU,8677,SPA-CU08677,"System Administrator",Cerrado,"2024-01-18 17:32:29","2024-01-18 18:01:02","0315513719559_CU8677-REV_MTO_20-03-2023.PDF","0315513719559_CU8677-REV_MTO_20-03-2023.PDF","Revision (MTO)",NO,,,,,,,LO,2058,LO-002058,false,,,,,,false,2024-01-18,,,,,,,,,,,,
WO,3487,WO-3487,,,-,,,,SPA-TO,411,SPA-TO00411,"System Administrator",Cerrado,"2023-11-14 19:07:17","2023-11-15 12:14:27","1812442617985_TO0411-REV__MTO_07-06-2022.PDF","1812442617985_TO0411-REV__MTO_07-06-2022.PDF","Revision (MTO)",NO,,,,,,,LO,6717,LO-006717,false,,,,,,false,2023-11-14,,,,,,,,,,,,
WO,3734,WO-3734,,,-,,,,SPA-TE,19,SPA-TE00019,"System Administrator",Cerrado,"2023-11-14 19:13:05","2023-11-15 12:20:58","271014372266_TE0019-REV_MTO_22-08-2022.PDF","271014372266_TE0019-REV_MTO_22-08-2022.PDF","Revision (MTO)",NO,,,,,,,LO,6402,LO-006402,false,,,,,,false,2023-11-14,,,,,,,,,,,,
WO,3669,WO-3669,,,-,,,,SPA-BU,4302,SPA-BU04302,"System Administrator",Cerrado,"2023-11-14 19:11:30","2023-11-15 12:19:51","160827459497_BU4302-CON_DEFECTOS.PDF","160827459497_BU4302-CON_DEFECTOS.PDF","Revision (MTO)",NO,,,,,,,LO,732,LO-000732,false,,,,,,false,2023-11-14,,,,,,,,,,,,
WO,3726,WO-3726,,,-,,,,SPA-AB,6326,SPA-AB06326,"System Administrator",Cerrado,"2023-11-14 19:12:54","2023-11-15 12:24:44","2709544826018_AB6326-REV_MTO_05-09-2022.PDF","2709544826018_AB6326-REV_MTO_05-09-2022.PDF","Revision (MTO)",NO,,,,,,,LO,68,LO-000068,false,,,,,,false,2023-11-14,,,,,,,,,,,,
WO,4355,WO-4355,,,-,,,,SPA-CX,986,SPA-CX00986,"System Administrator",Cerrado,"2024-01-18 17:42:07","2024-01-18 18:05:12",0416015517199_CX0986.PDF,0416015517199_CX0986.PDF,"Inspecciones (OCA)",NO,,,,,,,LO,2184,LO-002184,false,,,,,,false,2024-01-18,,,,,,,,,,,,
WO,4530,WO-4530,SAR,190,SAR-000190,SPA-OX,1,SPA-OX00001,,,,"DNO acceso OSP",Abierto,"2024-01-29 08:57:53","2024-01-29 09:02:57","444200  OX0000","CCG Acceso-2024-01-29-0001  Revisión de equipos  por avería",Urgente,NO,,,,,,,,,-,false,,,,,,false,2024-01-29,,,,,,,,,,,,
WO,4130,WO-4130,,,-,,,,SPA-BU,4136,SPA-BU04136,"System Administrator",Cerrado,"2024-01-18 17:36:57","2024-01-18 18:02:56",0610082515354_BU4136.PDF,0610082515354_BU4136.PDF,"Revision (MTO)",NO,,,,,,25.10.2024,LO,650,LO-000650,false,,,,,,false,2024-01-18,,,,,,,,,,,,
WO,4145,WO-4145,,,-,,,,SPA-CU,8457,SPA-CU08457,"System Administrator",Cerrado,"2024-01-18 17:37:20","2024-01-18 18:03:05","041755176064_CU8457-REV__MTO_27-09-2023.PDF","041755176064_CU8457-REV__MTO_27-09-2023.PDF","Revision (MTO)",NO,,,,,,27.09.2024,LO,2003,LO-002003,false,,,,,,false,2024-01-18,,,,,,,,,,,,
WO,3476,WO-3476,,,-,,,,SPA-TO,73,SPA-TO00073,"System Administrator",Cerrado,"2023-11-14 19:07:03","2023-11-15 12:09:12","1812173324171_CERT_AT-TO-007_22_TOTEM_TO0073_CORRAL_DE_ALMALAGUER_CT.PDF","1812173324171_CERT_AT-TO-007_22_TOTEM_TO0073_CORRAL_DE_ALMALAGUER_CT.PDF","Inspecciones (OCA)",NO,,,,,,06.06.2025,LO,6661,LO-006661,false,,,,,,false,2023-11-14,,,,,,,,,,,,
WO,4054,WO-4054,,,-,,,,SPA-GU,49,SPA-GU00049,"System Administrator",Cerrado,"2024-01-18 17:35:07","2024-01-18 18:02:09","101051365842_GU0049-REV__MTO_16-10-2023.PDF","101051365842_GU0049-REV__MTO_16-10-2023.PDF","Revision (MTO)",NO,,,,,,16.10.2024,LO,2743,LO-002743,false,,,,,,false,2024-01-18,,,,,,,,,,,,
WO,3844,WO-3844,,,-,,,,SPA-HX,9480,SPA-HX09480,"System Administrator",Cerrado,"2024-01-18 17:29:58","2024-01-18 17:59:58","1110493525407_HX9480-REVISION__MTO_-02-08-2023.PDF","1110493525407_HX9480-REVISION__MTO_-02-08-2023.PDF","Revision (MTO)",NO,,,,,,,LO,2933,LO-002933,false,,,,,,false,2024-01-18,,,,,,,,,,,,
WO,3380,WO-3380,,,-,,,,SPA-TO,2123,SPA-TO02123,"System Administrator",Cerrado,"2023-11-14 19:04:50","2023-11-15 12:22:41","1914024228822_TO2123-TOTEM.PDF","1914024228822_TO2123-TOTEM.PDF","Revision (MTO)",NO,,,,,,,LO,6786,LO-006786,false,,,,,,false,2023-11-14,,,,,,,,,,,,
WO,4328,WO-4328,,,-,,,,SPA-SE,128,SPA-SE00128,"System Administrator",Cerrado,"2024-01-18 17:41:31","2024-01-18 18:04:56","2213340318581_01370311_ORANGE_ESPAGNE__SAU_SE0128___LAMT_PERIO_FAV.PDF","2213340318581_01370311_ORANGE_ESPAGNE__SAU_SE0128___LAMT_PERIO_FAV.PDF","Inspecciones (OCA)",NO,,,,,,,LO,5786,LO-005786,false,,,,,,false,2024-01-18,,,,,,,,,,,,
WO,2913,WO-2913,,,-,,,,SPA-BU,4122,SPA-BU04122,"System Administrator",Cerrado,"2023-11-14 18:54:10","2023-11-15 12:20:19","211605574550_BU4122-DEFECTOS_CORREGIDOS.PDF","211605574550_BU4122-DEFECTOS_CORREGIDOS.PDF","Revision (MTO)",NO,,,,,,,LO,641,LO-000641,false,,,,,,false,2023-11-14,,,,,,,,,,,,
WO,3960,WO-3960,,,-,,,,SPA-GU,9188,SPA-GU09188,"System Administrator",Cerrado,"2024-01-18 17:32:50","2024-01-18 18:01:10","1911141232767_GU9188-REV_MTO_28-03-2023.PDF","1911141232767_GU9188-REV_MTO_28-03-2023.PDF","Revision (MTO)",NO,,,,,,,LO,2798,LO-002798,false,,,,,,false,2024-01-18,,,,,,,,,,,,
WO,3166,WO-3166,,,-,,,,SPA-SG,9202,SPA-SG09202,"System Administrator",Cerrado,"2023-11-14 18:59:51","2023-11-15 12:15:34",140956428575_SG9202.PDF,140956428575_SG9202.PDF,"Revision (MTO)",NO,,,,,,,LO,6068,LO-006068,false,,,,,,false,2023-11-14,,,,,,,,,,,,
WO,4585,WO-4585,SAR,245,SAR-000245,SPA-MX,183,SPA-MX00183,,,,"DNO acceso OSP",Abierto,"2024-01-29 14:28:34","2024-01-29 14:32:46","443769 - MX0183","MEDICION INTERFERENCIAS EN INSTALACIONES ORANGE.","Inspecciones (OCA)",NO,,,,,,,,,-,false,,,,,,false,2024-01-29,,,,,,,,,,,,
WO,2926,WO-2926,,,-,,,,SPA-LU,7720,SPA-LU07720,"System Administrator",Cerrado,"2023-11-14 18:54:29","2023-11-15 12:11:08","210931533332_LU7720-DEFFECTOS_CORREGIDOS.PDF","210931533332_LU7720-DEFFECTOS_CORREGIDOS.PDF","Revision (MTO)",NO,,,,,,,LO,3608,LO-003608,false,,,,,,false,2023-11-14,,,,,,,,,,,,
WO,3114,WO-3114,,,-,,,,SPA-CU,8540,SPA-CU08540,"System Administrator",Cerrado,"2023-11-14 18:58:38","2023-11-15 12:20:43",0915452422078_CU8540.PDF,0915452422078_CU8540.PDF,"Inspecciones (OCA)",NO,,,,,,29.07.2024,LO,2040,LO-002040,false,,,,,,false,2023-11-14,,,,,,,,,,,,
WO,4056,WO-4056,,,-,,,,SPA-LE,1718,SPA-LE01718,"System Administrator",Cerrado,"2024-01-18 17:35:09","2024-01-18 18:02:10",2008430720439_LE1718.PDF,2008430720439_LE1718.PDF,"Revision (MTO)",NO,,,,,,18.10.2024,LO,3474,LO-003474,false,,,,,,false,2024-01-18,,,,,,,,,,,,
WO,3939,WO-3939,,,-,,,,SPA-CU,8510,SPA-CU08510,"System Administrator",Cerrado,"2024-01-18 17:32:18","2024-01-18 18:00:58","031546357160_CU8510-REV_MTO_17-03-2023.PDF","031546357160_CU8510-REV_MTO_17-03-2023.PDF","Revision (MTO)",NO,,,,,,,LO,2027,LO-002027,false,,,,,,false,2024-01-18,,,,,,,,,,,,
WO,2301,WO-2301,,,-,,,,SPA-LE,991,SPA-LE00991,"System Administrator",Cerrado,"2023-11-14 18:39:56","2023-11-15 12:14:54","2112304330502_LE0991-REVISION__MTO_-10-06-2019.PDF","2112304330502_LE0991-REVISION__MTO_-10-06-2019.PDF","Revision (MTO)",NO,,,,,,,LO,3428,LO-003428,false,,,,,,false,2023-11-14,,,,,,,,,,,,
WO,4396,WO-4396,SAR,2,SAR-000002,SPA-GR,5940,SPA-GR05940,,,,"Javier Santos Redin",Cerrado,"2024-01-20 09:50:24","2024-01-22 11:33:00","PRUEBA COS JSR 20.01","prueba COS JSR 20.01",Urgente,SI,"2024-01-20 00:00:00","2024-01-23 00:00:00",,,,,,,-,false,,,,,,false,2024-01-20,,,,,,,,,,,,
WO,1884,WO-1884,,,-,,,,SPA-SG,9154,SPA-SG09154,"System Administrator",Cerrado,"2023-11-14 18:29:57","2023-11-15 12:21:17",2310450617748_SG9154.PDF,2310450617748_SG9154.PDF,"Revision (MTO)",NO,,,,,,,LO,6053,LO-006053,false,,,,,,false,2023-11-14,,,,,,,,,,,,
WO,2993,WO-2993,,,-,,,,SPA-BA,412,SPA-BA00412,"System Administrator",Cerrado,"2023-11-14 18:56:02","2023-11-15 12:12:35","220951423914_REVISION_ANUAL_CT_BA0412_2021.PDF","220951423914_REVISION_ANUAL_CT_BA0412_2021.PDF","Revision (MTO)",NO,,,,,,,LO,429,LO-000429,false,,,,,,false,2023-11-14,,,,,,,,,,,,
WO,3423,WO-3423,,,-,,,,SPA-GU,9330,SPA-GU09330,"System Administrator",Cerrado,"2023-11-14 19:05:49","2023-11-15 12:20:21","2710583419283_GU9330-TOTEM.PDF","2710583419283_GU9330-TOTEM.PDF","Revision (MTO)",NO,,,,,,,LO,2828,LO-002828,false,,,,,,false,2023-11-14,,,,,,,,,,,,
WO,4358,WO-4358,,,-,,,,SPA-PO,6637,SPA-PO06637,"System Administrator",Cerrado,"2024-01-18 17:42:11","2024-01-18 18:05:14",0515093927040_PO6637.PDF,0515093927040_PO6637.PDF,"Inspecciones (OCA)",NO,,,,,,,LO,5604,LO-005604,false,,,,,,false,2024-01-18,,,,,,,,,,,,
WO,3536,WO-3536,,,-,,,,SPA-OR,8985,SPA-OR08985,"System Administrator",Cerrado,"2023-11-14 19:08:25","2023-11-15 12:14:03",0810194611861_OR8985.PDF,0810194611861_OR8985.PDF,"Revision (MTO)",NO,,,,,,,LO,5130,LO-005130,false,,,,,,false,2023-11-14,,,,,,,,,,,,
WO,2540,WO-2540,,,-,,,,SPA-PO,6639,SPA-PO06639,"System Administrator",Cerrado,"2023-11-14 18:45:37","2023-11-15 12:22:59","2112311117282_PO6639-REVISION__MTO_-21-04-2020.PDF","2112311117282_PO6639-REVISION__MTO_-21-04-2020.PDF","Revision (MTO)",NO,,,,,,,LO,5605,LO-005605,false,,,,,,false,2023-11-14,,,,,,,,,,,,
WO,4582,WO-4582,SAR,241,SAR-000241,SPA-CX,201,SPA-CX00201,,,,"DNO acceso OSP",Abierto,"2024-01-29 14:07:26","2024-01-29 14:12:56","442877 CX0201","Certificación Radioeléctrica de antenas de telefonía. No se realizan trabajos de altura, tensión, obra, ni que conlleve riesgo a terceros.  No se accede a sala, se accede a la cubierta donde se emplaza la antena","Inspección Preventiva",NO,,,,,,,,,-,false,,,,,,false,2024-01-29,,,,,,,,,,,,
WO,1921,WO-1921,,,-,,,,SPA-AB,6318,SPA-AB06318,"System Administrator",Cerrado,"2023-11-14 18:30:50","2023-11-15 12:10:00","0709471726209_AB6318_INFORME_REVISION_EL_BONILLO_2021.DOC","0709471726209_AB6318_INFORME_REVISION_EL_BONILLO_2021.DOC","Revision (MTO)",NO,,,,,,,LO,65,LO-000065,false,,,,,,false,2023-11-14,,,,,,,,,,,,
WO,4500,WO-4500,SAR,162,SAR-000162,SPA-OX,1210,SPA-OX01210,,,,"DNO acceso OSP",Abierto,"2024-01-26 14:42:23","2024-01-26 14:46:11","443142   OX1210","Certificación Radioeléctrica de antenas de Telefonía + Reportaje fotográfico.","Inspección Preventiva",NO,,,,,,,,,-,false,,,,,,false,2024-01-26,,,,,,,,,,,,
WO,3966,WO-3966,,,-,,,,SPA-GU,9120,SPA-GU09120,"System Administrator",Cerrado,"2024-01-18 17:32:59","2024-01-18 18:01:14","191307436435_GU9120-REV_MTO_29-03-2023.PDF","191307436435_GU9120-REV_MTO_29-03-2023.PDF","Revision (MTO)",NO,,,,,,,LO,2764,LO-002764,false,,,,,,false,2024-01-18,,,,,,,,,,,,
WO,2716,WO-2716,,,-,,,,SPA-JX,8511,SPA-JX08511,"System Administrator",Cerrado,"2023-11-14 18:49:35","2023-11-15 12:08:19","2112312526919_JX8511-INSPECCION__OCA_-01-07-2020.PDF","2112312526919_JX8511-INSPECCION__OCA_-01-07-2020.PDF","Inspecciones (OCA)",NO,,,,,,01.07.2023,LO,3340,LO-003340,false,,,,,,false,2023-11-14,,,,,,,,,,,,
WO,2375,WO-2375,,,-,,,,SPA-CR,3034,SPA-CR03034,"System Administrator",Cerrado,"2023-11-14 18:41:42","2023-11-15 12:11:10","2112304828773_CR3034-REVISION__MTO_-11-02-2019.PDF","2112304828773_CR3034-REVISION__MTO_-11-02-2019.PDF","Revision (MTO)",NO,,,,,,,LO,1712,LO-001712,false,,,,,,false,2023-11-14,,,,,,,,,,,,
WO,4263,WO-4263,,,-,,,,SPA-ZA,6982,SPA-ZA06982,"System Administrator",Cerrado,"2024-01-18 17:40:04","2024-01-18 18:04:18",1611040626336_ZA6982.PDF,1611040626336_ZA6982.PDF,"Inspecciones (OCA)",NO,,,,,,,LO,7652,LO-007652,false,,,,,,false,2024-01-18,,,,,,,,,,,,
WO,4622,WO-4622,SAR,291,SAR-000291,SPA-BX,19,SPA-BX00019,,,,"DNO acceso OSP",Abierto,"2024-01-30 10:10:44","2024-01-30 10:15:50","444437   BX0019","Ampliación de las bandas altas para aumento de capacidad. Adjunto CAP con los rabajos detallados. Trabajadores correctamente acreditados en UCAGECI.","Inspección Preventiva",NO,,,,,,,,,-,false,,,,,,false,2024-01-30,,,,,,,,,,,,
WO,2200,WO-2200,,,-,,,,SPA-ZA,6993,SPA-ZA06993,"System Administrator",Cerrado,"2023-11-14 18:37:33","2023-11-15 12:18:55","211230315006_ZA6993-REVISION__MTO_-08-07-2019.PDF","211230315006_ZA6993-REVISION__MTO_-08-07-2019.PDF","Revision (MTO)",NO,,,,,,,LO,7657,LO-007657,false,,,,,,false,2023-11-14,,,,,,,,,,,,
WO,3311,WO-3311,,,-,,,,SPA-LE,1501,SPA-LE01501,"System Administrator",Cerrado,"2023-11-14 19:03:15","2023-11-15 12:19:28","281541154089_PARTE_INCIDENCIA.PDF","281541154089_PARTE_INCIDENCIA.PDF","Revision (MTO)",NO,,,,,,,LO,3437,LO-003437,false,,,,,,false,2023-11-14,,,,,,,,,,,,
WO,2572,WO-2572,,,-,,,,SPA-LE,1951,SPA-LE01951,"System Administrator",Cerrado,"2023-11-14 18:46:20","2023-11-15 12:13:34","2112311421138_LE1951-INSPECCION__OCA_-11-08-2020.PDF","2112311421138_LE1951-INSPECCION__OCA_-11-08-2020.PDF","Inspecciones (OCA)",NO,,,,,,11.08.2023,LO,3502,LO-003502,false,,,,,,false,2023-11-14,,,,,,,,,,,,
WO,2952,WO-2952,,,-,,,,SPA-HX,9803,SPA-HX09803,"System Administrator",Cerrado,"2023-11-14 18:55:05","2023-11-15 12:07:39","221403538332_REVISION_ANUAL_CT_HX9803_2021.PDF","221403538332_REVISION_ANUAL_CT_HX9803_2021.PDF","Revision (MTO)",NO,,,,,,,LO,2994,LO-002994,false,,,,,,false,2023-11-14,,,,,,,,,,,,
WO,2119,WO-2119,,,-,,,,SPA-CU,8516,SPA-CU08516,"System Administrator",Cerrado,"2023-11-14 18:35:35","2023-11-15 12:09:39","211230247905_CU8516-REVISION__MTO_-15-03-2018.PDF","211230247905_CU8516-REVISION__MTO_-15-03-2018.PDF","Revision (MTO)",NO,,,,,,,LO,2030,LO-002030,false,,,,,,false,2023-11-14,,,,,,,,,,,,
WO,2176,WO-2176,,,-,,,,SPA-BU,4147,SPA-BU04147,"System Administrator",Cerrado,"2023-11-14 18:36:57","2023-11-15 12:21:09","211230273652_BU4147-REVISION__MTO_-08-08-2019.PDF","211230273652_BU4147-REVISION__MTO_-08-08-2019.PDF","Revision (MTO)",NO,,,,,,,LO,660,LO-000660,false,,,,,,false,2023-11-14,,,,,,,,,,,,
WO,3259,WO-3259,,,-,,,,SPA-LE,9995,SPA-LE09995,"System Administrator",Cerrado,"2023-11-14 19:02:02","2023-11-15 12:18:31",1410094228776_LE9995.PDF,1410094228776_LE9995.PDF,"Revision (MTO)",NO,,,,,,,LO,3512,LO-003512,false,,,,,,false,2023-11-14,,,,,,,,,,,,
WO,1924,WO-1924,,,-,,,,SPA-AB,6017,SPA-AB06017,"System Administrator",Cerrado,"2023-11-14 18:30:54","2023-11-15 12:17:52","070940221269_AB6017_INFORME_REVISION_HELLIN_2021.DOC","070940221269_AB6017_INFORME_REVISION_HELLIN_2021.DOC","Revision (MTO)",NO,,,,,,,LO,48,LO-000048,false,,,,,,false,2023-11-14,,,,,,,,,,,,
WO,4541,WO-4541,,,-,,,,,,,"DNO acceso OSP",Cancelado,"2024-01-29 10:33:58","2024-01-29 11:21:29","442874  MX3763","Instalación bandejas más ATN",Auditoría,NO,,,,,,,,,-,false,,,,,,false,2024-01-29,,,,,,,,,,,,
WO,2022,WO-2022,,,-,,,,SPA-TO,55,SPA-TO00055,"System Administrator",Cerrado,"2023-11-14 18:33:15","2023-11-15 12:25:22","2112300215678_TO0055-INSPECCION__OCA_-16-05-2019.PDF","2112300215678_TO0055-INSPECCION__OCA_-16-05-2019.PDF","Inspecciones (OCA)",NO,,,,,,16.05.2022,LO,6654,LO-006654,false,,,,,,false,2023-11-14,,,,,,,,,,,,
WO,3614,WO-3614,,,-,,,,SPA-ZX,562,SPA-ZX00562,"System Administrator",Cerrado,"2023-11-14 19:10:12","2023-11-15 12:17:27","121119536130_ZX0562-REV_MTO_05-07-2022.PDF","121119536130_ZX0562-REV_MTO_05-07-2022.PDF","Revision (MTO)",NO,,,,,,,LO,7789,LO-007789,false,,,,,,false,2023-11-14,,,,,,,,,,,,
WO,2056,WO-2056,,,-,,,,SPA-CA,5001,SPA-CA05001,"System Administrator",Cerrado,"2023-11-14 18:34:04","2023-11-15 12:14:29","21123004170_CA5001-REVISION__MTO_-21-01-2019.PDF","21123004170_CA5001-REVISION__MTO_-21-01-2019.PDF","Revision (MTO)",NO,,,,,,,LO,1511,LO-001511,false,,,,,,false,2023-11-14,,,,,,,,,,,,
WO,3792,WO-3792,,,-,,,,SPA-BI,627,SPA-BI00627,"System Administrator",Cerrado,"2023-11-14 19:14:28","2023-11-15 12:10:25","030928185624_BI0627-AT-BI-001-22_ALONSOTEGUI_OCA.PDF","030928185624_BI0627-AT-BI-001-22_ALONSOTEGUI_OCA.PDF","Inspecciones (OCA)",NO,,,,,,16.08.2025,LO,559,LO-000559,false,,,,,,false,2023-11-14,,,,,,,,,,,,
WO,2890,WO-2890,,,-,,,,SPA-AV,8434,SPA-AV08434,"System Administrator",Cerrado,"2023-11-14 18:53:40","2023-11-15 12:14:50","231318503945_AV8434-CON_DEFECTOS.PDF","231318503945_AV8434-CON_DEFECTOS.PDF","Revision (MTO)",NO,,,,,,,LO,149,LO-000149,false,,,,,,false,2023-11-14,,,,,,,,,,,,
WO,2093,WO-2093,,,-,,,,SPA-SG,9124,SPA-SG09124,"System Administrator",Cerrado,"2023-11-14 18:34:55","2023-11-15 12:10:11","2112301130032_SG9124-INCIDENCIA-16-03-2020.PDF","2112301130032_SG9124-INCIDENCIA-16-03-2020.PDF","Revision (MTO)",NO,,,,,,,LO,6042,LO-006042,false,,,,,,false,2023-11-14,,,,,,,,,,,,
WO,4552,WO-4552,SAR,221,SAR-000221,SPA-MX,6260,SPA-MX06260,,,,"DNO acceso OSP",Abierto,"2024-01-29 11:54:49","2024-01-29 14:30:50","442869   MX6260","LEAV: Auditoria de calidad y reporte fotográfico","Inspección Preventiva",NO,,,,,,,,,-,false,,,,,,false,2024-01-29,,,,,,,,,,,,
WO,4426,WO-4426,SAR,48,SAR-000048,SPA-CA,4309,SPA-CA04309,,,,"Agustín  Martín grande",Abierto,"2024-01-23 11:31:33","2024-01-23 11:46:23","Replanteo CVE SPA-SE01304","Replanteo CVE SPA-SE01304",Refuerzos,NO,,,,,,,,,-,false,,,,,,false,2024-01-23,,,,,,,,,,,,
WO,4434,WO-4434,,,-,,,,,,,"Noemia josilda fátima  Gomes dos santos",Cerrado,"2024-01-23 14:01:24","2024-01-25 14:14:58",SPA-MX00613,"DESMONTAJE EQUIPO Y ADECUACION",Normal,NO,,,"2024-01-23 00:00:00",,,,,,-,false,,,,,,false,2024-01-23,,,,,,,,,,,,
WO,3180,WO-3180,,,-,,,,SPA-GU,9330,SPA-GU09330,"System Administrator",Cerrado,"2023-11-14 19:00:12","2023-11-15 12:25:26",2513220518664_GU9330.PDF,2513220518664_GU9330.PDF,"Inspecciones (OCA)",NO,,,,,,16.07.2024,LO,2828,LO-002828,false,,,,,,false,2023-11-14,,,,,,,,,,,,
WO,2384,WO-2384,,,-,,,,SPA-CR,3311,SPA-CR03311,"System Administrator",Cerrado,"2023-11-14 18:41:54","2023-11-15 12:10:57","211230499850_CR3311-REVISION__MTO_-11-02-2019.PDF","211230499850_CR3311-REVISION__MTO_-11-02-2019.PDF","Revision (MTO)",NO,,,,,,,LO,1790,LO-001790,false,,,,,,false,2023-11-14,,,,,,,,,,,,
WO,1963,WO-1963,,,-,,,,SPA-TE,19,SPA-TE00019,"System Administrator",Cerrado,"2023-11-14 18:31:47","2023-12-21 15:08:46","1819203231949_TE0019_BAÑON_INFORME_REVISION_2021.PDF","1819203231949_TE0019_BAÑON_INFORME_REVISION_2021.PDF","Revision (MTO)",NO,,,,,,,LO,6402,LO-006402,false,,,,,,false,2023-11-14,,,,,,,,,,,,
WO,2346,WO-2346,,,-,,,,SPA-TO,73,SPA-TO00073,"System Administrator",Cerrado,"2023-11-14 18:41:01","2023-11-15 12:10:48","2112304722194_TO0073-REVISION__MTO_-04-02-2019.PDF","2112304722194_TO0073-REVISION__MTO_-04-02-2019.PDF","Revision (MTO)",NO,,,,,,,LO,6661,LO-006661,false,,,,,,false,2023-11-14,,,,,,,,,,,,
WO,4242,WO-4242,,,-,,,,SPA-MX,9001,SPA-MX09001,"System Administrator",Cerrado,"2024-01-18 17:39:36","2024-01-18 18:04:05","191005401229_OCA_OR9301.PDF","191005401229_OCA_OR9301.PDF","Inspecciones (OCA)",NO,,,,,,,LO,4988,LO-004988,false,,,,,,false,2024-01-18,,,,,,,,,,,,
WO,3127,WO-3127,,,-,,,,SPA-CR,3424,SPA-CR03424,"System Administrator",Cerrado,"2023-11-14 18:58:56","2023-11-15 12:24:14",1110455917715_CR3424.PDF,1110455917715_CR3424.PDF,"Inspecciones (OCA)",NO,,,,,,28.07.2024,LO,1801,LO-001801,false,,,,,,false,2023-11-14,,,,,,,,,,,,
WO,2198,WO-2198,,,-,,,,SPA-ZA,6944,SPA-ZA06944,"System Administrator",Cerrado,"2023-11-14 18:37:30","2023-11-15 12:09:49","211230314978_ZA6944-REVISION__MTO_-08-07-2019.PDF","211230314978_ZA6944-REVISION__MTO_-08-07-2019.PDF","Revision (MTO)",NO,,,,,,,LO,7636,LO-007636,false,,,,,,false,2023-11-14,,,,,,,,,,,,
WO,2707,WO-2707,,,-,,,,SPA-LE,1722,SPA-LE01722,"System Administrator",Cerrado,"2023-11-14 18:49:23","2023-11-15 12:18:35","211231254629_LE1722-REVISION__MTO_-23-06-2020.PDF","211231254629_LE1722-REVISION__MTO_-23-06-2020.PDF","Revision (MTO)",NO,,,,,,,LO,3478,LO-003478,false,,,,,,false,2023-11-14,,,,,,,,,,,,
WO,3756,WO-3756,,,-,,,,SPA-VX,74,SPA-VX00074,"System Administrator",Cerrado,"2023-11-14 19:13:37","2023-11-15 12:12:14","031717327189_VX0074_INFORME_REVISION_CASTELLO_DE_RUGAT_2022.PDF","031717327189_VX0074_INFORME_REVISION_CASTELLO_DE_RUGAT_2022.PDF","Revision (MTO)",NO,,,,,,,LO,7254,LO-007254,false,,,,,,false,2023-11-14,,,,,,,,,,,,
WO,2234,WO-2234,,,-,,,,SPA-VA,2147,SPA-VA02147,"System Administrator",Cerrado,"2023-11-14 18:38:20","2023-11-15 12:16:37","2112303531812_VA2147-REVISION__MTO_-08-10-2019.PDF","2112303531812_VA2147-REVISION__MTO_-08-10-2019.PDF","Revision (MTO)",NO,,,,,,,LO,7013,LO-007013,false,,,,,,false,2023-11-14,,,,,,,,,,,,
WO,2765,WO-2765,,,-,,,,SPA-SO,9921,SPA-SO09921,"System Administrator",Cerrado,"2023-11-14 18:50:43","2023-11-15 12:24:09","211234256816_SO9921-INSPECCION__OCA_-17-08-2020.PDF","211234256816_SO9921-INSPECCION__OCA_-17-08-2020.PDF","Inspecciones (OCA)",NO,,,,,,17.08.2023,LO,6167,LO-006167,false,,,,,,false,2023-11-14,,,,,,,,,,,,
WO,3760,WO-3760,,,-,,,,SPA-SG,9220,SPA-SG09220,"System Administrator",Cerrado,"2023-11-14 19:13:43","2023-11-15 12:16:05","1310082426286_PARTE_INCIDENCIA.PDF","1310082426286_PARTE_INCIDENCIA.PDF","Revision (MTO)",NO,,,,,,,LO,6070,LO-006070,false,,,,,,false,2023-11-14,,,,,,,,,,,,
WO,4300,WO-4300,,,-,,,,SPA-BU,4210,SPA-BU04210,"System Administrator",Cerrado,"2024-01-18 17:40:53","2024-01-18 18:04:40",090850046258_BU4210.PDF,090850046258_BU4210.PDF,"Inspecciones (OCA)",NO,,,,,,,LO,688,LO-000688,false,,,,,,false,2024-01-18,,,,,,,,,,,,
WO,2191,WO-2191,,,-,,,,SPA-SO,9784,SPA-SO09784,"System Administrator",Cerrado,"2023-11-14 18:37:20","2023-11-15 12:17:54","2112302921487_SO9784-REVISION__MTO_-10-07-2019.PDF","2112302921487_SO9784-REVISION__MTO_-10-07-2019.PDF","Revision (MTO)",NO,,,,,,,LO,6127,LO-006127,false,,,,,,false,2023-11-14,,,,,,,,,,,,
WO,3309,WO-3309,,,-,,,,SPA-BA,412,SPA-BA00412,"System Administrator",Cerrado,"2023-11-14 19:03:12","2023-11-15 12:11:15","2113084532440_BA00412-JEREZ_DE_LOS_CABALLEROS-20220318.DOCX","2113084532440_BA00412-JEREZ_DE_LOS_CABALLEROS-20220318.DOCX","Revision (MTO)",NO,,,,,,,LO,429,LO-000429,false,,,,,,false,2023-11-14,,,,,,,,,,,,
WO,2659,WO-2659,,,-,,,,SPA-BU,4136,SPA-BU04136,"System Administrator",Cerrado,"2023-11-14 18:48:17","2023-11-15 12:07:46","2112312113543_BU4136-INSPECCION__OCA_-14-10-2020.PDF","2112312113543_BU4136-INSPECCION__OCA_-14-10-2020.PDF","Inspecciones (OCA)",NO,,,,,,14.10.2023,LO,650,LO-000650,false,,,,,,false,2023-11-14,,,,,,,,,,,,
WO,2116,WO-2116,,,-,,,,SPA-BU,4155,SPA-BU04155,"System Administrator",Cerrado,"2023-11-14 18:35:30","2023-11-15 12:19:46","2112302127936_BU4155-REVISION__MTO_-02-08-2018.PDF","2112302127936_BU4155-REVISION__MTO_-02-08-2018.PDF","Revision (MTO)",NO,,,,,,,LO,664,LO-000664,false,,,,,,false,2023-11-14,,,,,,,,,,,,
WO,4464,WO-4464,SAR,113,SAR-000113,SPA-BX,2016,SPA-BX02016,,,,"Neus Crespo barbera",Abierto,"2024-01-25 13:43:55","2024-01-25 13:48:08","REVISAR CERRADURA DE CASETA","REVISAR CERRADURA DE CASETA",Normal,NO,,,,,2401A33406,,,,-,false,,,,,,false,2024-01-25,,,,,,,,,,,,
WO,3077,WO-3077,,,-,,,,SPA-SA,6411,SPA-SA06411,"System Administrator",Cerrado,"2023-11-14 18:57:48","2023-11-15 12:24:54","2812595510664_SA6411-CON_DEFECTOS.PDF","2812595510664_SA6411-CON_DEFECTOS.PDF","Revision (MTO)",NO,,,,,,,LO,5715,LO-005715,false,,,,,,false,2023-11-14,,,,,,,,,,,,
WO,3685,WO-3685,,,-,,,,SPA-SO,9888,SPA-SO09888,"System Administrator",Cerrado,"2023-11-14 19:11:56","2023-11-15 12:08:26","1609090212812_PARTE_INCIDENCIA.PDF","1609090212812_PARTE_INCIDENCIA.PDF","Revision (MTO)",NO,,,,,,,LO,6163,LO-006163,false,,,,,,false,2023-11-14,,,,,,,,,,,,
WO,3927,WO-3927,,,-,,,,SPA-CU,10,SPA-CU00010,"System Administrator",Cerrado,"2024-01-18 17:32:01","2024-01-18 18:00:51","0315311718691_CU0010-REV_MTO_23-03-2023.PDF","0315311718691_CU0010-REV_MTO_23-03-2023.PDF","Revision (MTO)",NO,,,,,,,LO,1959,LO-001959,false,,,,,,false,2024-01-18,,,,,,,,,,,,
WO,2511,WO-2511,,,-,,,,SPA-OR,9125,SPA-OR09125,"System Administrator",Cerrado,"2023-11-14 18:44:58","2023-11-15 12:11:50","2112310626_OR9125-INSPECCION__OCA_-06-08-2020.PDF","2112310626_OR9125-INSPECCION__OCA_-06-08-2020.PDF","Inspecciones (OCA)",NO,,,,,,06.08.2023,LO,5140,LO-005140,false,,,,,,false,2023-11-14,,,,,,,,,,,,
WO,2143,WO-2143,,,-,,,,SPA-AV,8434,SPA-AV08434,"System Administrator",Cerrado,"2023-11-14 18:36:12","2023-11-15 12:15:29","2112302520666_AV8434-REVISION__MTO_-08-08-2019.PDF","2112302520666_AV8434-REVISION__MTO_-08-08-2019.PDF","Revision (MTO)",NO,,,,,,,LO,149,LO-000149,false,,,,,,false,2023-11-14,,,,,,,,,,,,
WO,2174,WO-2174,,,-,,,,SPA-BU,4155,SPA-BU04155,"System Administrator",Cerrado,"2023-11-14 18:36:55","2023-11-15 12:18:16","2112302718661_BU4155-REVISION__MTO_-08-08-2019.PDF","2112302718661_BU4155-REVISION__MTO_-08-08-2019.PDF","Revision (MTO)",NO,,,,,,,LO,664,LO-000664,false,,,,,,false,2023-11-14,,,,,,,,,,,,
WO,2719,WO-2719,,,-,,,,SPA-JX,8020,SPA-JX08020,"System Administrator",Cerrado,"2023-11-14 18:49:39","2023-11-15 12:18:29","2112312619842_JX8020-INSPECCION__OCA_-15-10-2020.PDF","2112312619842_JX8020-INSPECCION__OCA_-15-10-2020.PDF","Inspecciones (OCA)",NO,,,,,,15.10.2023,LO,3311,LO-003311,false,,,,,,false,2023-11-14,,,,,,,,,,,,
WO,4089,WO-4089,,,-,,,,SPA-TO,213,SPA-TO00213,"System Administrator",Cerrado,"2024-01-18 17:35:58","2024-01-18 18:02:31","0107072031709_TO0213-REV_MAT_22_06_23.PDF","0107072031709_TO0213-REV_MAT_22_06_23.PDF","Revision (MTO)",NO,,,,,,22.06.2024,LO,6700,LO-006700,false,,,,,,false,2024-01-18,,,,,,,,,,,,
WO,4522,WO-4522,SAR,182,SAR-000182,SPA-CC,3908,SPA-CC03908,,,,"Cristobal Muñoz delgado",Abierto,"2024-01-28 12:19:05","2024-01-28 12:24:56","revision equipos caido","Revisar equipos caidos",Urgente,SI,,,,,,,,,-,false,,,,,,false,2024-01-28,,,,,,,,,,,,
WO,2754,WO-2754,,,-,,,,SPA-ZA,6913,SPA-ZA06913,"System Administrator",Cerrado,"2023-11-14 18:50:27","2023-11-15 12:09:08","2112342417291_ZA6913-INSPECCION__OCA_-10-09-2020.PDF","2112342417291_ZA6913-INSPECCION__OCA_-10-09-2020.PDF","Inspecciones (OCA)",NO,,,,,,10.09.2023,LO,7627,LO-007627,false,,,,,,false,2023-11-14,,,,,,,,,,,,
WO,4423,WO-4423,,,-,,,,,,,"Pedro jose Jesus dominguez","En Curso","2024-01-23 09:59:52","2024-01-23 10:03:09","CO7550 DESMONTAJE INFRAESTRUCTURA",DESMONTAJE,Infraestructura,NO,,,,,,,,,-,false,,,,,,false,2024-01-23,,,,,,,,,,,,
WO,3533,WO-3533,,,-,,,,SPA-OR,9724,SPA-OR09724,"System Administrator",Cerrado,"2023-11-14 19:08:22","2023-11-15 12:15:09",0810171520525_OR9724.PDF,0810171520525_OR9724.PDF,"Revision (MTO)",NO,,,,,,,LO,5173,LO-005173,false,,,,,,false,2023-11-14,,,,,,,,,,,,
WO,3123,WO-3123,,,-,,,,SPA-CR,4005,SPA-CR04005,"System Administrator",Cerrado,"2023-11-14 18:58:50","2023-11-15 12:22:07",1110213130356_CR4005.PDF,1110213130356_CR4005.PDF,"Inspecciones (OCA)",NO,,,,,,28.07.2024,LO,1810,LO-001810,false,,,,,,false,2023-11-14,,,,,,,,,,,,
WO,4290,WO-4290,,,-,,,,SPA-SO,9832,SPA-SO09832,"System Administrator",Cerrado,"2024-01-18 17:40:40","2024-01-18 18:04:34",3008250211399_SO9832.PDF,3008250211399_SO9832.PDF,"Inspecciones (OCA)",NO,,,,,,,LO,6146,LO-006146,false,,,,,,false,2024-01-18,,,,,,,,,,,,
WO,3709,WO-3709,,,-,,,,SPA-HU,7140,SPA-HU07140,"System Administrator",Cerrado,"2023-11-14 19:12:30","2023-12-21 15:17:26","2709143917686_HU7140_-_AT-HU-23-22_-_SABIÑANIGO_-_OCA.PDF","2709143917686_HU7140_-_AT-HU-23-22_-_SABIÑANIGO_-_OCA.PDF","Inspecciones (OCA)",NO,,,,,,08.09.2025,LO,2853,LO-002853,false,,,,,,false,2023-11-14,,,,,,,,,,,,
WO,3099,WO-3099,,,-,,,,SPA-CU,8322,SPA-CU08322,"System Administrator",Cerrado,"2023-11-14 18:58:17","2023-11-15 12:23:34",0913501231013_CU8322.PDF,0913501231013_CU8322.PDF,"Inspecciones (OCA)",NO,,,,,,02.08.2024,LO,1981,LO-001981,false,,,,,,false,2023-11-14,,,,,,,,,,,,
WO,2969,WO-2969,,,-,,,,SPA-SS,5616,SPA-SS05616,"System Administrator",Cerrado,"2023-11-14 18:55:29","2023-11-15 12:07:00",0810431624831_SS5616.PDF,0810431624831_SS5616.PDF,"Inspecciones (OCA)",NO,,,,,,15.06.2024,LO,6227,LO-006227,false,,,,,,false,2023-11-14,,,,,,,,,,,,
WO,3632,WO-3632,,,-,,,,SPA-JX,8149,SPA-JX08149,"System Administrator",Cerrado,"2023-11-14 19:10:37","2023-11-15 12:20:15","1211591813313_JX8149-REVISION__MTO_-29-08-2022.PDF","1211591813313_JX8149-REVISION__MTO_-29-08-2022.PDF","Revision (MTO)",NO,,,,,,,LO,3321,LO-003321,false,,,,,,false,2023-11-14,,,,,,,,,,,,
WO,3548,WO-3548,,,-,,,,SPA-MX,9001,SPA-MX09001,"System Administrator",Cerrado,"2023-11-14 19:08:42","2023-11-15 12:06:44",081601417196_MX9001.PDF,081601417196_MX9001.PDF,"Revision (MTO)",NO,,,,,,,LO,4988,LO-004988,false,,,,,,false,2023-11-14,,,,,,,,,,,,
WO,3963,WO-3963,,,-,,,,SPA-GU,9200,SPA-GU09200,"System Administrator",Cerrado,"2024-01-18 17:32:54","2024-01-18 18:01:12","191126111835_GU9200-REV_MTO_29-03-2023.PDF","191126111835_GU9200-REV_MTO_29-03-2023.PDF","Revision (MTO)",NO,,,,,,,LO,2803,LO-002803,false,,,,,,false,2024-01-18,,,,,,,,,,,,
WO,3767,WO-3767,,,-,,,,SPA-VA,2171,SPA-VA02171,"System Administrator",Cerrado,"2023-11-14 19:13:53","2023-11-15 12:22:34","2508370314866_VA2171-CON_DEFECTOS.PDF","2508370314866_VA2171-CON_DEFECTOS.PDF","Revision (MTO)",NO,,,,,,,LO,7028,LO-007028,false,,,,,,false,2023-11-14,,,,,,,,,,,,
WO,2533,WO-2533,,,-,,,,SPA-LE,1726,SPA-LE01726,"System Administrator",Cerrado,"2023-11-14 18:45:28","2023-11-15 12:25:14","2112310910883_LE1726-REVISION__MTO_-23-06-2020.PDF","2112310910883_LE1726-REVISION__MTO_-23-06-2020.PDF","Revision (MTO)",NO,,,,,,,LO,3481,LO-003481,false,,,,,,false,2023-11-14,,,,,,,,,,,,
WO,3995,WO-3995,,,-,,,,SPA-LE,1691,SPA-LE01691,"System Administrator",Cerrado,"2024-01-18 17:33:43","2024-01-18 18:01:32",130819413489_LE1691.PDF,130819413489_LE1691.PDF,"Revision (MTO)",NO,,,,,,04.11.2024,LO,3464,LO-003464,false,,,,,,false,2024-01-18,,,,,,,,,,,,
WO,3401,WO-3401,,,-,,,,SPA-CU,8336,SPA-CU08336,"System Administrator",Cerrado,"2023-11-14 19:05:18","2023-11-15 12:16:29","2510114524160_CU8336-TOTEM.PDF","2510114524160_CU8336-TOTEM.PDF","Revision (MTO)",NO,,,,,,,LO,1989,LO-001989,false,,,,,,false,2023-11-14,,,,,,,,,,,,
WO,3098,WO-3098,,,-,,,,SPA-CU,8319,SPA-CU08319,"System Administrator",Cerrado,"2023-11-14 18:58:16","2023-11-15 12:14:25",0913462829610_CU8319.PDF,0913462829610_CU8319.PDF,"Inspecciones (OCA)",NO,,,,,,02.08.2024,LO,1979,LO-001979,false,,,,,,false,2023-11-14,,,,,,,,,,,,
WO,3982,WO-3982,,,-,,,,SPA-CS,96,SPA-CS00096,"System Administrator",Cerrado,"2024-01-18 17:33:23","2024-01-18 18:01:24","2517330130545_CS0096_INFORME_REVISION_LA_POBLA_TORNESA_2023.PDF","2517330130545_CS0096_INFORME_REVISION_LA_POBLA_TORNESA_2023.PDF","Revision (MTO)",NO,,,,,,03.05.2024,LO,1888,LO-001888,false,,,,,,false,2024-01-18,,,,,,,,,,,,
WO,3121,WO-3121,,,-,,,,SPA-CR,3034,SPA-CR03034,"System Administrator",Cerrado,"2023-11-14 18:58:48","2023-11-15 12:09:55",1109140531174_CR3034.PDF,1109140531174_CR3034.PDF,"Inspecciones (OCA)",NO,,,,,,26.07.2024,LO,1712,LO-001712,false,,,,,,false,2023-11-14,,,,,,,,,,,,
WO,4285,WO-4285,,,-,,,,SPA-SG,9545,SPA-SG09545,"System Administrator",Cerrado,"2024-01-18 17:40:33","2024-01-18 18:04:31",2712394932025_SG9545.PDF,2712394932025_SG9545.PDF,"Inspecciones (OCA)",NO,,,,,,,LO,6087,LO-006087,false,,,,,,false,2024-01-18,,,,,,,,,,,,
WO,4542,WO-4542,SAR,205,SAR-000205,SPA-BX,9289,SPA-BX09289,,,,"DNO acceso OSP",Abierto,"2024-01-29 10:45:56","2024-01-29 10:50:08","443409   -  BX9289","Swap de SSRR + RRUs",Infraestructura,NO,,,,,,,,,-,false,,,,,,false,2024-01-29,,,,,,,,,,,,
WO,3620,WO-3620,,,-,,,,SPA-ZX,564,SPA-ZX00564,"System Administrator",Cerrado,"2023-11-14 19:10:21","2023-11-15 12:13:50","1211282524278_ZX0564_-_AT-Z-16-22_-_CASTILISCAR_-_OCA.PDF","1211282524278_ZX0564_-_AT-Z-16-22_-_CASTILISCAR_-_OCA.PDF","Inspecciones (OCA)",NO,,,,,,06.07.2025,LO,7791,LO-007791,false,,,,,,false,2023-11-14,,,,,,,,,,,,
WO,3160,WO-3160,,,-,,,,SPA-SG,9405,SPA-SG09405,"System Administrator",Cerrado,"2023-11-14 18:59:41","2023-11-15 12:12:52",1410015029374_SG9405.PDF,1410015029374_SG9405.PDF,"Revision (MTO)",NO,,,,,,,LO,6081,LO-006081,false,,,,,,false,2023-11-14,,,,,,,,,,,,
WO,4258,WO-4258,,,-,,,,SPA-ZA,6985,SPA-ZA06985,"System Administrator",Cerrado,"2024-01-18 17:39:57","2024-01-18 18:04:15",160846204710_ZA6985.PDF,160846204710_ZA6985.PDF,"Inspecciones (OCA)",NO,,,,,,,LO,7653,LO-007653,false,,,,,,false,2024-01-18,,,,,,,,,,,,
WO,2088,WO-2088,,,-,,,,SPA-TE,48,SPA-TE00048,"System Administrator",Cerrado,"2023-11-14 18:34:48","2023-11-15 12:12:39","211230104287_TE0048-REVISION__MTO_-26-02-2020.DOC","211230104287_TE0048-REVISION__MTO_-26-02-2020.DOC","Revision (MTO)",NO,,,,,,,LO,6416,LO-006416,false,,,,,,false,2023-11-14,,,,,,,,,,,,
WO,2624,WO-2624,,,-,,,,SPA-BU,4333,SPA-BU04333,"System Administrator",Cerrado,"2023-11-14 18:47:31","2023-11-15 12:13:37","2112311922161_BU4333-REVISION__MTO_-20-07-2020.PDF","2112311922161_BU4333-REVISION__MTO_-20-07-2020.PDF","Revision (MTO)",NO,,,,,,,LO,740,LO-000740,false,,,,,,false,2023-11-14,,,,,,,,,,,,
WO,2033,WO-2033,,,-,,,,SPA-HU,7133,SPA-HU07133,"System Administrator",Cerrado,"2023-11-14 18:33:31","2023-11-15 12:13:44","2112300220899_HU7133-INSPECCION__OCA_-12-06-2019.PDF","2112300220899_HU7133-INSPECCION__OCA_-12-06-2019.PDF","Inspecciones (OCA)",NO,,,,,,12.06.2022,LO,2850,LO-002850,false,,,,,,false,2023-11-14,,,,,,,,,,,,
WO,3986,WO-3986,,,-,,,,SPA-VX,305,SPA-VX00305,"System Administrator",Cerrado,"2024-01-18 17:33:29","2024-01-18 18:01:27","2518072420571_VX0305_RIOLA_INFORME_REVISION_2023.PDF","2518072420571_VX0305_RIOLA_INFORME_REVISION_2023.PDF","Revision (MTO)",NO,,,,,,03.05.2024,LO,7329,LO-007329,false,,,,,,false,2024-01-18,,,,,,,,,,,,
WO,2114,WO-2114,,,-,,,,SPA-BU,4202,SPA-BU04202,"System Administrator",Cerrado,"2023-11-14 18:35:27","2023-11-15 12:21:06","2112302112259_BU4202-REVISION__MTO_-03-08-2018.PDF","2112302112259_BU4202-REVISION__MTO_-03-08-2018.PDF","Revision (MTO)",NO,,,,,,,LO,685,LO-000685,false,,,,,,false,2023-11-14,,,,,,,,,,,,
WO,4411,WO-4411,SAR,27,SAR-000027,SPA-OX,606,SPA-OX00606,,,,"Cristina Fernandez Garcia",Abierto,"2024-01-22 13:39:03","2024-01-22 13:39:09","Auditoría PRL","Auditoría PRL Centro Técnico",PRL,NO,,,,,,,,,-,false,,,,,,false,2024-01-22,,,,,,,,,,,,
WO,4092,WO-4092,,,-,,,,SPA-GU,9102,SPA-GU09102,"System Administrator",Cerrado,"2024-01-18 17:36:02","2024-01-18 18:02:32","101342091753_GU9102_REV_MTO_22-08-23.PDF","101342091753_GU9102_REV_MTO_22-08-23.PDF","Revision (MTO)",NO,,,,,,22.08.2024,LO,2754,LO-002754,false,,,,,,false,2024-01-18,,,,,,,,,,,,
WO,2474,WO-2474,,,-,,,,SPA-AB,6017,SPA-AB06017,"System Administrator",Cerrado,"2023-11-14 18:44:07","2023-11-15 12:18:27","2112310030548_AB6017-REVISION__MTO_-27-04-2020.DOC","2112310030548_AB6017-REVISION__MTO_-27-04-2020.DOC","Revision (MTO)",NO,,,,,,,LO,48,LO-000048,false,,,,,,false,2023-11-14,,,,,,,,,,,,
WO,2437,WO-2437,,,-,,,,SPA-GU,9137,SPA-GU09137,"System Administrator",Cerrado,"2023-11-14 18:43:11","2023-11-15 12:09:23","2112305322630_GU9137-REVISION__MTO_-06-03-2019.PDF","2112305322630_GU9137-REVISION__MTO_-06-03-2019.PDF","Revision (MTO)",NO,,,,,,,LO,2772,LO-002772,false,,,,,,false,2023-11-14,,,,,,,,,,,,
WO,3503,WO-3503,,,-,,,,SPA-TO,1510,SPA-TO01510,"System Administrator",Cerrado,"2023-11-14 19:07:40","2023-11-15 12:20:30","1813045912978_TO1510-REV__MTO_09-06-2022.PDF","1813045912978_TO1510-REV__MTO_09-06-2022.PDF","Revision (MTO)",NO,,,,,,,LO,6766,LO-006766,false,,,,,,false,2023-11-14,,,,,,,,,,,,
WO,3904,WO-3904,,,-,,,,SPA-LE,1673,SPA-LE01673,"System Administrator",Cerrado,"2024-01-18 17:31:27","2024-01-18 18:00:36","2309545232409_LE1673-_CON_DEFECTOS.PDF","2309545232409_LE1673-_CON_DEFECTOS.PDF","Revision (MTO)",NO,,,,,,,LO,3461,LO-003461,false,,,,,,false,2024-01-18,,,,,,,,,,,,
WO,4059,WO-4059,,,-,,,,SPA-AV,8451,SPA-AV08451,"System Administrator",Cerrado,"2024-01-18 17:35:13","2024-01-18 18:02:12",3008270323563_AV8451.PDF,3008270323563_AV8451.PDF,"Revision (MTO)",NO,,,,,,18.11.2024,LO,150,LO-000150,false,,,,,,false,2024-01-18,,,,,,,,,,,,
WO,2713,WO-2713,,,-,,,,SPA-SE,1328,SPA-SE01328,"System Administrator",Cerrado,"2023-11-14 18:49:31","2023-11-15 12:08:53","2112312530466_SE1328-INSPECCION__OCA_-23-11-2020.PDF","2112312530466_SE1328-INSPECCION__OCA_-23-11-2020.PDF","Inspecciones (OCA)",NO,,,,,,23.11.2023,LO,5964,LO-005964,false,,,,,,false,2023-11-14,,,,,,,,,,,,
WO,2049,WO-2049,,,-,,,,SPA-HX,9611,SPA-HX09611,"System Administrator",Cerrado,"2023-11-14 18:33:54","2023-11-15 12:16:33","2112300326857_HX9611-REVISION__MTO_-12-07-2019.PDF","2112300326857_HX9611-REVISION__MTO_-12-07-2019.PDF","Revision (MTO)",NO,,,,,,,LO,2952,LO-002952,false,,,,,,false,2023-11-14,,,,,,,,,,,,
WO,4267,WO-4267,,,-,,,,SPA-HU,7193,SPA-HU07193,"System Administrator",Cerrado,"2024-01-18 17:40:09","2024-01-18 18:04:21","1711141523235_AT-HU-028-22-R2-HU7193_PERALTILLA_2__VISITA_OCA.PDF","1711141523235_AT-HU-028-22-R2-HU7193_PERALTILLA_2__VISITA_OCA.PDF","Inspecciones (OCA)",NO,,,,,,,LO,2881,LO-002881,false,,,,,,false,2024-01-18,,,,,,,,,,,,
WO,2663,WO-2663,,,-,,,,SPA-BU,4229,SPA-BU04229,"System Administrator",Cerrado,"2023-11-14 18:48:23","2023-11-15 12:14:12","2112312115275_BU4229-INSPECCION__OCA_-14-10-2020.PDF","2112312115275_BU4229-INSPECCION__OCA_-14-10-2020.PDF","Inspecciones (OCA)",NO,,,,,,14.10.2023,LO,699,LO-000699,false,,,,,,false,2023-11-14,,,,,,,,,,,,
WO,2464,WO-2464,,,-,,,,SPA-AB,6420,SPA-AB06420,"System Administrator",Cerrado,"2023-11-14 18:43:52","2023-11-15 12:06:14","2112305816371_AB6420-REVISION__MTO_-22-04-2020.DOC","2112305816371_AB6420-REVISION__MTO_-22-04-2020.DOC","Revision (MTO)",NO,,,,,,,LO,86,LO-000086,false,,,,,,false,2023-11-14,,,,,,,,,,,,
WO,2897,WO-2897,,,-,,,,SPA-AV,8872,SPA-AV08872,"System Administrator",Cerrado,"2023-11-14 18:53:49","2023-11-15 12:21:47",081045033690_AV8872.PDF,081045033690_AV8872.PDF,"Revision (MTO)",NO,,,,,,,LO,210,LO-000210,false,,,,,,false,2023-11-14,,,,,,,,,,,,
WO,4462,WO-4462,SAR,110,SAR-000110,SPA-IB,162,SPA-IB00162,,,,"Ruben  Benitez tirado",Abierto,"2024-01-25 13:11:31","2024-01-25 13:22:06",PRUEBA,PRUEBA,Normal,NO,,,,,,,,,-,false,,,,,,false,2024-01-25,,,,,,,,,,,,
WO,3323,WO-3323,,,-,,,,SPA-CO,7237,SPA-CO07237,"System Administrator",Cerrado,"2023-11-14 19:03:32","2023-11-15 12:06:13","0813480825871_OCA_CT_CO7237_2022.PDF","0813480825871_OCA_CT_CO7237_2022.PDF","Inspecciones (OCA)",NO,,,,,,10.03.2025,LO,1657,LO-001657,false,,,,,,false,2023-11-14,,,,,,,,,,,,
WO,3694,WO-3694,,,-,,,,SPA-ZX,540,SPA-ZX00540,"System Administrator",Cerrado,"2023-11-14 19:12:09","2023-11-15 12:07:55","2209043427212_ZX0540_-_AT-Z-019-22_-_MUEL_-_OCA.PDF","2209043427212_ZX0540_-_AT-Z-019-22_-_MUEL_-_OCA.PDF","Inspecciones (OCA)",NO,,,,,,19.07.2025,LO,7783,LO-007783,false,,,,,,false,2023-11-14,,,,,,,,,,,,
WO,3480,WO-3480,,,-,,,,SPA-TO,115,SPA-TO00115,"System Administrator",Cerrado,"2023-11-14 19:07:08","2023-11-15 12:15:32","1812315118804_CERT_AT-TO-020_22_TOTEM_TO0115_CALERA_Y_CHOZAS_CT.PDF","1812315118804_CERT_AT-TO-020_22_TOTEM_TO0115_CALERA_Y_CHOZAS_CT.PDF","Inspecciones (OCA)",NO,,,,,,09.06.2025,LO,6681,LO-006681,false,,,,,,false,2023-11-14,,,,,,,,,,,,
WO,2172,WO-2172,,,-,,,,SPA-BU,4178,SPA-BU04178,"System Administrator",Cerrado,"2023-11-14 18:36:52","2023-11-15 12:05:12","2112302729105_BU4178-REVISION__MTO_-08-08-2019.PDF","2112302729105_BU4178-REVISION__MTO_-08-08-2019.PDF","Revision (MTO)",NO,,,,,,,LO,677,LO-000677,false,,,,,,false,2023-11-14,,,,,,,,,,,,
WO,2026,WO-2026,,,-,,,,SPA-SA,5620,SPA-SA05620,"System Administrator",Cerrado,"2023-11-14 18:33:21","2023-11-15 12:17:34","2112300212750_SA5620-INSPECCION__OCA_-15-11-2019.PDF","2112300212750_SA5620-INSPECCION__OCA_-15-11-2019.PDF","Inspecciones (OCA)",NO,,,,,,15.11.2022,LO,5694,LO-005694,false,,,,,,false,2023-11-14,,,,,,,,,,,,
WO,2354,WO-2354,,,-,,,,SPA-TO,26,SPA-TO00026,"System Administrator",Cerrado,"2023-11-14 18:41:12","2023-11-15 12:04:46","211230477469_TO0026-REVISION__MTO_-04-02-2019.PDF","211230477469_TO0026-REVISION__MTO_-04-02-2019.PDF","Revision (MTO)",NO,,,,,,,LO,6641,LO-006641,false,,,,,,false,2023-11-14,,,,,,,,,,,,
WO,3461,WO-3461,,,-,,,,SPA-TO,26,SPA-TO00026,"System Administrator",Cerrado,"2023-11-14 19:06:42","2023-11-15 12:21:27","1514264919918_CERT_AT-TO-025_22_TOTEM_TO0026_ILLESCAS_CT.PDF","1514264919918_CERT_AT-TO-025_22_TOTEM_TO0026_ILLESCAS_CT.PDF","Inspecciones (OCA)",NO,,,,,,20.06.2025,LO,6641,LO-006641,false,,,,,,false,2023-11-14,,,,,,,,,,,,
WO,2232,WO-2232,,,-,,,,SPA-VA,2149,SPA-VA02149,"System Administrator",Cerrado,"2023-11-14 18:38:17","2023-11-15 12:23:41","2112303416741_VA2149-REVISION__MTO_-08-10-2019.PDF","2112303416741_VA2149-REVISION__MTO_-08-10-2019.PDF","Revision (MTO)",NO,,,,,,,LO,7015,LO-007015,false,,,,,,false,2023-11-14,,,,,,,,,,,,
WO,4011,WO-4011,,,-,,,,SPA-SG,9159,SPA-SG09159,"System Administrator",Cerrado,"2024-01-18 17:34:05","2024-01-18 18:01:42",271206559874_SG9159.PDF,271206559874_SG9159.PDF,"Revision (MTO)",NO,,,,,,07.10.2024,LO,6056,LO-006056,false,,,,,,false,2024-01-18,,,,,,,,,,,,
WO,3439,WO-3439,,,-,,,,SPA-CR,3220,SPA-CR03220,"System Administrator",Cerrado,"2023-11-14 19:06:11","2023-11-15 12:21:48","011433219105_CR3220-TOTEM.PDF","011433219105_CR3220-TOTEM.PDF","Revision (MTO)",NO,,,,,,,LO,1776,LO-001776,false,,,,,,false,2023-11-14,,,,,,,,,,,,
WO,4046,WO-4046,,,-,,,,SPA-MU,75,SPA-MU00075,"System Administrator",Cerrado,"2024-01-18 17:34:55","2024-01-18 18:02:04","251026283560_MU0075_INFORME_REVISION_CEHEGIN_2023.PDF","251026283560_MU0075_INFORME_REVISION_CEHEGIN_2023.PDF","Revision (MTO)",NO,,,,,,14.06.2024,LO,4054,LO-004054,false,,,,,,false,2024-01-18,,,,,,,,,,,,
WO,4345,WO-4345,,,-,,,,SPA-AV,8478,SPA-AV08478,"System Administrator",Cerrado,"2024-01-18 17:41:53","2024-01-18 18:05:06",3008343723456_AV8478.PDF,3008343723456_AV8478.PDF,"Inspecciones (OCA)",NO,,,,,,,LO,161,LO-000161,false,,,,,,false,2024-01-18,,,,,,,,,,,,
WO,2497,WO-2497,,,-,,,,SPA-VX,918,SPA-VX00918,"System Administrator",Cerrado,"2023-11-14 18:44:39","2023-11-15 12:16:03","2112310422667_VX0918-REVISION__MTO_-16-06-2020.DOC","2112310422667_VX0918-REVISION__MTO_-16-06-2020.DOC","Revision (MTO)",NO,,,,,,,LO,7390,LO-007390,false,,,,,,false,2023-11-14,,,,,,,,,,,,
WO,4051,WO-4051,,,-,,,,SPA-ZX,562,SPA-ZX00562,"System Administrator",Cerrado,"2024-01-18 17:35:02","2024-01-18 18:02:07","3008025029045_ZX0562-REV_MTO_14_07_23.PDF","3008025029045_ZX0562-REV_MTO_14_07_23.PDF","Revision (MTO)",NO,,,,,,14.07.2024,LO,7789,LO-007789,false,,,,,,false,2024-01-18,,,,,,,,,,,,
WO,2891,WO-2891,,,-,,,,SPA-AV,8433,SPA-AV08433,"System Administrator",Cerrado,"2023-11-14 18:53:41","2023-11-15 12:07:48",2313174924912_AV8433.PDF,2313174924912_AV8433.PDF,"Revision (MTO)",NO,,,,,,,LO,148,LO-000148,false,,,,,,false,2023-11-14,,,,,,,,,,,,
WO,2372,WO-2372,,,-,,,,SPA-CR,3094,SPA-CR03094,"System Administrator",Cerrado,"2023-11-14 18:41:38","2023-11-15 12:11:21","2112304824065_CR3094-REVISION__MTO_-11-02-2019.PDF","2112304824065_CR3094-REVISION__MTO_-11-02-2019.PDF","Revision (MTO)",NO,,,,,,,LO,1749,LO-001749,false,,,,,,false,2023-11-14,,,,,,,,,,,,
WO,3992,WO-3992,,,-,,,,SPA-VX,900,SPA-VX00900,"System Administrator",Cerrado,"2024-01-18 17:33:38","2024-01-18 18:01:30","2609155912107_VX0900_LOS_PEDRONES_INFORME_REVISION_2023.PDF","2609155912107_VX0900_LOS_PEDRONES_INFORME_REVISION_2023.PDF","Revision (MTO)",NO,,,,,,04.05.2024,LO,7384,LO-007384,false,,,,,,false,2024-01-18,,,,,,,,,,,,
WO,2845,WO-2845,,,-,,,,SPA-VX,305,SPA-VX00305,"System Administrator",Cerrado,"2023-11-14 18:52:36","2023-11-15 12:14:11","1319471626698_VX0305_RIOLA_INFORME_REVISION_2021.PDF","1319471626698_VX0305_RIOLA_INFORME_REVISION_2021.PDF","Revision (MTO)",NO,,,,,,,LO,7329,LO-007329,false,,,,,,false,2023-11-14,,,,,,,,,,,,
WO,3692,WO-3692,,,-,,,,SPA-ZX,522,SPA-ZX00522,"System Administrator",Cerrado,"2023-11-14 19:12:06","2023-11-15 12:22:51","2209012832743_ZXO522_AT-Z-017-22_-_ZUERA_-_OCA.PDF","2209012832743_ZXO522_AT-Z-017-22_-_ZUERA_-_OCA.PDF","Inspecciones (OCA)",NO,,,,,,18.07.2025,LO,7778,LO-007778,false,,,,,,false,2023-11-14,,,,,,,,,,,,
WO,3435,WO-3435,,,-,,,,SPA-GU,9200,SPA-GU09200,"System Administrator",Cerrado,"2023-11-14 19:06:06","2023-11-15 12:18:48","1109314918882_PARTE_INCIDENCIA.PDF","1109314918882_PARTE_INCIDENCIA.PDF","Revision (MTO)",NO,,,,,,,LO,2803,LO-002803,false,,,,,,false,2023-11-14,,,,,,,,,,,,
WO,2633,WO-2633,,,-,,,,SPA-BU,4242,SPA-BU04242,"System Administrator",Cerrado,"2023-11-14 18:47:43","2023-11-15 12:24:19","2112312020415_BU4242-REVISION__MTO_-20-07-2020.PDF","2112312020415_BU4242-REVISION__MTO_-20-07-2020.PDF","Revision (MTO)",NO,,,,,,,LO,708,LO-000708,false,,,,,,false,2023-11-14,,,,,,,,,,,,
WO,3304,WO-3304,,,-,,,,SPA-CC,6314,SPA-CC06314,"System Administrator",Cerrado,"2023-11-14 19:03:05","2023-11-15 12:05:50","1509423815677_CC6314-CASAR_DE_CACERES-20220104.DOCX","1509423815677_CC6314-CASAR_DE_CACERES-20220104.DOCX","Revision (MTO)",NO,,,,,,,LO,1563,LO-001563,false,,,,,,false,2023-11-14,,,,,,,,,,,,
WO,2115,WO-2115,,,-,,,,SPA-BU,4178,SPA-BU04178,"System Administrator",Cerrado,"2023-11-14 18:35:28","2023-11-15 12:20:54","2112302126653_BU4178-REVISION__MTO_-02-08-2018.PDF","2112302126653_BU4178-REVISION__MTO_-02-08-2018.PDF","Revision (MTO)",NO,,,,,,,LO,677,LO-000677,false,,,,,,false,2023-11-14,,,,,,,,,,,,
WO,2820,WO-2820,,,-,,,,SPA-LU,4,SPA-LU00004,"System Administrator",Cerrado,"2023-11-14 18:52:00","2023-11-15 12:08:45","2112342910471_LU0004-INSPECCION__OCA_-24-08-2020.PDF","2112342910471_LU0004-INSPECCION__OCA_-24-08-2020.PDF","Inspecciones (OCA)",NO,,,,,,24.08.2023,LO,3558,LO-003558,false,,,,,,false,2023-11-14,,,,,,,,,,,,
WO,3292,WO-3292,,,-,,,,SPA-MX,1002,SPA-MX01002,"System Administrator",Cerrado,"2023-11-14 19:02:49","2023-11-15 12:15:15","0810583325680_MX1002-REVISION__MTO_-04-02-2019.PDF","0810583325680_MX1002-REVISION__MTO_-04-02-2019.PDF","Revision (MTO)",NO,,,,,,,LO,4523,LO-004523,false,,,,,,false,2023-11-14,,,,,,,,,,,,
WO,3891,WO-3891,,,-,,,,SPA-LE,1712,SPA-LE01712,"System Administrator",Cerrado,"2024-01-18 17:31:07","2024-01-18 18:00:28","1911254723262_LE1712-CON_DEFECTOS.PDF","1911254723262_LE1712-CON_DEFECTOS.PDF","Revision (MTO)",NO,,,,,,,LO,3469,LO-003469,false,,,,,,false,2024-01-18,,,,,,,,,,,,
WO,2961,WO-2961,,,-,,,,SPA-HX,9480,SPA-HX09480,"System Administrator",Cerrado,"2023-11-14 18:55:18","2023-11-15 12:12:43","221341247239_REVISION_ANUAL_CT_HX9480_2021.PDF","221341247239_REVISION_ANUAL_CT_HX9480_2021.PDF","Revision (MTO)",NO,,,,,,,LO,2933,LO-002933,false,,,,,,false,2023-11-14,,,,,,,,,,,,
WO,4119,WO-4119,,,-,,,,SPA-SS,5622,SPA-SS05622,"System Administrator",Cerrado,"2024-01-18 17:36:42","2024-01-18 18:02:48","040913256065_SS5622-REV_MTO_25_07_23.PDF","040913256065_SS5622-REV_MTO_25_07_23.PDF","Revision (MTO)",NO,,,,,,25.07.2024,LO,6231,LO-006231,false,,,,,,false,2024-01-18,,,,,,,,,,,,
WO,3039,WO-3039,,,-,,,,SPA-GU,9145,SPA-GU09145,"System Administrator",Cerrado,"2023-11-14 18:57:05","2023-11-15 12:14:08","1108270925593_PARTE_INCIDENCIA.PDF","1108270925593_PARTE_INCIDENCIA.PDF","Revision (MTO)",NO,,,,,,,LO,2777,LO-002777,false,,,,,,false,2023-11-14,,,,,,,,,,,,
WO,3972,WO-3972,,,-,,,,SPA-AB,6122,SPA-AB06122,"System Administrator",Cerrado,"2024-01-18 17:33:08","2024-01-18 18:01:18","2211512411002_AB6122-REV_MTO_25-04-2023.PDF","2211512411002_AB6122-REV_MTO_25-04-2023.PDF","Revision (MTO)",NO,,,,,,,LO,61,LO-000061,false,,,,,,false,2024-01-18,,,,,,,,,,,,
WO,4044,WO-4044,,,-,,,,SPA-ZX,564,SPA-ZX00564,"System Administrator",Cerrado,"2024-01-18 17:34:53","2024-01-18 18:02:03","0111332424793_ZX0564-REV_MTO_13_07_23.PDF","0111332424793_ZX0564-REV_MTO_13_07_23.PDF","Revision (MTO)",NO,,,,,,13.07.2024,LO,7791,LO-007791,false,,,,,,false,2024-01-18,,,,,,,,,,,,
WO,3502,WO-3502,,,-,,,,SPA-TO,1510,SPA-TO01510,"System Administrator",Cerrado,"2023-11-14 19:07:38","2023-11-15 12:22:50","181304283274_CERT_AT-TO-021_22_TOTEM_TO1510_LAS_HERENCIAS_CT.PDF","181304283274_CERT_AT-TO-021_22_TOTEM_TO1510_LAS_HERENCIAS_CT.PDF","Inspecciones (OCA)",NO,,,,,,09.06.2025,LO,6766,LO-006766,false,,,,,,false,2023-11-14,,,,,,,,,,,,
WO,3640,WO-3640,,,-,,,,SPA-HX,9611,SPA-HX09611,"System Administrator",Cerrado,"2023-11-14 19:10:48","2023-11-15 12:17:43","1508234911037_HX9611-REVISION__MTO_-02-09-2022.PDF","1508234911037_HX9611-REVISION__MTO_-02-09-2022.PDF","Revision (MTO)",NO,,,,,,,LO,2952,LO-002952,false,,,,,,false,2023-11-14,,,,,,,,,,,,
WO,3267,WO-3267,,,-,,,,SPA-LE,1718,SPA-LE01718,"System Administrator",Cerrado,"2023-11-14 19:02:13","2023-11-15 12:07:53",1410311712118_LE1718.PDF,1410311712118_LE1718.PDF,"Revision (MTO)",NO,,,,,,,LO,3474,LO-003474,false,,,,,,false,2023-11-14,,,,,,,,,,,,
WO,2263,WO-2263,,,-,,,,SPA-SA,5612,SPA-SA05612,"System Administrator",Cerrado,"2023-11-14 18:39:00","2023-11-15 12:07:07","2112303922974_SA5612-REVISION__MTO_-20-09-2018.PDF","2112303922974_SA5612-REVISION__MTO_-20-09-2018.PDF","Revision (MTO)",NO,,,,,,,LO,5693,LO-005693,false,,,,,,false,2023-11-14,,,,,,,,,,,,
WO,4087,WO-4087,,,-,,,,SPA-TO,6,SPA-TO00006,"System Administrator",Cerrado,"2024-01-18 17:35:55","2024-01-18 18:02:29","3108442523941_TO0006-REV_MAT_22_06_23.PDF","3108442523941_TO0006-REV_MAT_22_06_23.PDF","Revision (MTO)",NO,,,,,,22.06.2024,LO,6630,LO-006630,false,,,,,,false,2024-01-18,,,,,,,,,,,,
WO,3633,WO-3633,,,-,,,,SPA-JX,8511,SPA-JX08511,"System Administrator",Cerrado,"2023-11-14 19:10:38","2023-11-15 12:23:38","1212544014516_JX8511-REVISION__MTO_-29-08-2022.PDF","1212544014516_JX8511-REVISION__MTO_-29-08-2022.PDF","Revision (MTO)",NO,,,,,,,LO,3340,LO-003340,false,,,,,,false,2023-11-14,,,,,,,,,,,,
WO,4201,WO-4201,,,-,,,,SPA-ZX,561,SPA-ZX00561,"System Administrator",Cerrado,"2024-01-18 17:38:40","2024-01-18 18:03:39","0816281418021_2__VISITA_AT-Z-07-22_ZX0561_TERRER.PDF","0816281418021_2__VISITA_AT-Z-07-22_ZX0561_TERRER.PDF","Inspecciones (OCA)",NO,,,,,,,LO,7788,LO-007788,false,,,,,,false,2024-01-18,,,,,,,,,,,,
WO,2766,WO-2766,,,-,,,,SPA-SO,9730,SPA-SO09730,"System Administrator",Cerrado,"2023-11-14 18:50:44","2023-11-15 12:07:02","211234251883_SO9730-INSPECCION__OCA_-17-08-2020.PDF","211234251883_SO9730-INSPECCION__OCA_-17-08-2020.PDF","Inspecciones (OCA)",NO,,,,,,17.08.2023,LO,6114,LO-006114,false,,,,,,false,2023-11-14,,,,,,,,,,,,
WO,2561,WO-2561,,,-,,,,SPA-LE,1621,SPA-LE01621,"System Administrator",Cerrado,"2023-11-14 18:46:05","2023-11-15 12:08:31","2112311319203_LE1621-INSPECCION__OCA_-12-08-2020.PDF","2112311319203_LE1621-INSPECCION__OCA_-12-08-2020.PDF","Inspecciones (OCA)",NO,,,,,,12.08.2023,LO,3454,LO-003454,false,,,,,,false,2023-11-14,,,,,,,,,,,,
WO,2531,WO-2531,,,-,,,,SPA-LE,1725,SPA-LE01725,"System Administrator",Cerrado,"2023-11-14 18:45:25","2023-11-15 12:23:15","2112310920889_LE1725-REVISION__MTO_-23-06-2020.PDF","2112310920889_LE1725-REVISION__MTO_-23-06-2020.PDF","Revision (MTO)",NO,,,,,,,LO,3480,LO-003480,false,,,,,,false,2023-11-14,,,,,,,,,,,,
WO,3275,WO-3275,,,-,,,,SPA-LE,1546,SPA-LE01546,"System Administrator",Cerrado,"2023-11-14 19:02:24","2023-11-15 12:08:54",141038213408_LE1546.PDF,141038213408_LE1546.PDF,"Revision (MTO)",NO,,,,,,,LO,3449,LO-003449,false,,,,,,false,2023-11-14,,,,,,,,,,,,
WO,3076,WO-3076,,,-,,,,SPA-SA,6411,SPA-SA06411,"System Administrator",Cerrado,"2023-11-14 18:57:47","2023-11-15 12:09:53","281300333580_SA6411-DESFAVORABLE.PDF","281300333580_SA6411-DESFAVORABLE.PDF","Inspecciones (OCA)",NO,,,,,,09.11.2025,LO,5715,LO-005715,false,,,,,,false,2023-11-14,,,,,,,,,,,,
WO,3628,WO-3628,,,-,,,,SPA-ZX,1024,SPA-ZX01024,"System Administrator",Cerrado,"2023-11-14 19:10:31","2023-11-15 12:12:47","1211394825222_ZX1024_-_AT-Z-08-22_VILLARROYA_-_OCA.PDF","1211394825222_ZX1024_-_AT-Z-08-22_VILLARROYA_-_OCA.PDF","Inspecciones (OCA)",NO,,,,,,04.07.2025,LO,7816,LO-007816,false,,,,,,false,2023-11-14,,,,,,,,,,,,
WO,2750,WO-2750,,,-,,,,SPA-ZA,7002,SPA-ZA07002,"System Administrator",Cerrado,"2023-11-14 18:50:21","2023-11-15 12:13:14","2112342327123_ZA7002-INSPECCION__OCA_-11-09-2020.PDF","2112342327123_ZA7002-INSPECCION__OCA_-11-09-2020.PDF","Inspecciones (OCA)",NO,,,,,,11.09.2023,LO,7660,LO-007660,false,,,,,,false,2023-11-14,,,,,,,,,,,,
WO,1944,WO-1944,,,-,,,,SPA-AB,6017,SPA-AB06017,"System Administrator",Cerrado,"2023-11-14 18:31:21","2023-11-15 12:24:54","2610080319362_AB6017_HELLIN_CERTIFICADO_FAVORABLE_2021.PDF","2610080319362_AB6017_HELLIN_CERTIFICADO_FAVORABLE_2021.PDF","Inspecciones (OCA)",NO,,,,,,10.03.2024,LO,48,LO-000048,false,,,,,,false,2023-11-14,,,,,,,,,,,,
WO,3035,WO-3035,,,-,,,,SPA-SO,9921,SPA-SO09921,"System Administrator",Cerrado,"2023-11-14 18:56:59","2023-11-15 12:23:44",1808480331904_SO9921.PDF,1808480331904_SO9921.PDF,"Revision (MTO)",NO,,,,,,,LO,6167,LO-006167,false,,,,,,false,2023-11-14,,,,,,,,,,,,
WO,3212,WO-3212,,,-,,,,SPA-HX,408,SPA-HX00408,"System Administrator",Cerrado,"2023-11-14 19:00:57","2023-11-15 12:14:10","0313330324505_HX0408-INSPECCION__OCA_-19-10-2022.PDF","0313330324505_HX0408-INSPECCION__OCA_-19-10-2022.PDF","Inspecciones (OCA)",NO,,,,,,19.10.2025,LO,2906,LO-002906,false,,,,,,false,2023-11-14,,,,,,,,,,,,
WO,2824,WO-2824,,,-,,,,SPA-VI,8710,SPA-VI08710,"System Administrator",Cerrado,"2023-11-14 18:52:06","2023-11-15 12:05:14","2112343025329_VI8710-REVISION__MTO_-19-01-2021.PDF","2112343025329_VI8710-REVISION__MTO_-19-01-2021.PDF","Revision (MTO)",NO,,,,,,,LO,7164,LO-007164,false,,,,,,false,2023-11-14,,,,,,,,,,,,
WO,3847,WO-3847,,,-,,,,SPA-HX,9631,SPA-HX09631,"System Administrator",Cerrado,"2024-01-18 17:30:02","2024-01-18 18:00:00","141502513235_HX9631-REVISION__MTO_-03-08-2023.PDF","141502513235_HX9631-REVISION__MTO_-03-08-2023.PDF","Revision (MTO)",NO,,,,,,,LO,2963,LO-002963,false,,,,,,false,2024-01-18,,,,,,,,,,,,
WO,3572,WO-3572,,,-,,,,SPA-GU,9112,SPA-GU09112,"System Administrator",Cerrado,"2023-11-14 19:09:15","2023-11-15 12:20:09","031155036773_GU9112-REV__MTO_19-08-2022.PDF","031155036773_GU9112-REV__MTO_19-08-2022.PDF","Revision (MTO)",NO,,,,,,,LO,2759,LO-002759,false,,,,,,false,2023-11-14,,,,,,,,,,,,
WO,2342,WO-2342,,,-,,,,SPA-TO,19,SPA-TO00019,"System Administrator",Cerrado,"2023-11-14 18:40:55","2023-11-15 12:11:43","211230466135_TO0019-REVISION__MTO_-04-02-2019.PDF","211230466135_TO0019-REVISION__MTO_-04-02-2019.PDF","Revision (MTO)",NO,,,,,,,LO,6638,LO-006638,false,,,,,,false,2023-11-14,,,,,,,,,,,,
WO,4361,WO-4361,,,-,,,,SPA-HX,9477,SPA-HX09477,"System Administrator",Cerrado,"2024-01-18 17:42:15","2024-01-18 18:05:15","3014554712117_HX9477-INSPECCION__OCA_-20-10-2022.PDF","3014554712117_HX9477-INSPECCION__OCA_-20-10-2022.PDF","Inspecciones (OCA)",NO,,,,,,,LO,2932,LO-002932,false,,,,,,false,2024-01-18,,,,,,,,,,,,
WO,3607,WO-3607,,,-,,,,SPA-ZX,374,SPA-ZX00374,"System Administrator",Cerrado,"2023-11-14 19:10:03","2023-11-15 12:19:39","1210552125466_ZX0374-REV_MTO_05-07-2022.PDF","1210552125466_ZX0374-REV_MTO_05-07-2022.PDF","Revision (MTO)",NO,,,,,,,LO,7759,LO-007759,false,,,,,,false,2023-11-14,,,,,,,,,,,,
WO,2685,WO-2685,,,-,,,,SPA-VI,8712,SPA-VI08712,"System Administrator",Cerrado,"2023-11-14 18:48:53","2023-11-15 12:09:14","2112312420654_VI8712-INSPECCION__OCA_-09-10-2020.PDF","2112312420654_VI8712-INSPECCION__OCA_-09-10-2020.PDF","Inspecciones (OCA)",NO,,,,,,09.10.2023,LO,7165,LO-007165,false,,,,,,false,2023-11-14,,,,,,,,,,,,
WO,4219,WO-4219,,,-,,,,SPA-TO,1037,SPA-TO01037,"System Administrator",Cerrado,"2024-01-18 17:39:03","2024-01-18 18:03:50","040922172045_CERT_AT-TO-005-2_22_TOTEM_TO1037__VILLARUBIA_DE_SANTIAGO_CT.PDF","040922172045_CERT_AT-TO-005-2_22_TOTEM_TO1037__VILLARUBIA_DE_SANTIAGO_CT.PDF","Inspecciones (OCA)",NO,,,,,,,LO,6760,LO-006760,false,,,,,,false,2024-01-18,,,,,,,,,,,,
WO,3208,WO-3208,,,-,,,,SPA-HX,9605,SPA-HX09605,"System Administrator",Cerrado,"2023-11-14 19:00:52","2023-11-15 12:11:58","03134636470_HX9605-INSPECCION__OCA_-18-10-2022.PDF","03134636470_HX9605-INSPECCION__OCA_-18-10-2022.PDF","Inspecciones (OCA)",NO,,,,,,18.10.2025,LO,2949,LO-002949,false,,,,,,false,2023-11-14,,,,,,,,,,,,
WO,3768,WO-3768,,,-,,,,SPA-VA,2179,SPA-VA02179,"System Administrator",Cerrado,"2023-11-14 19:13:54","2023-11-15 12:15:45",2508374016543_VA2179.PDF,2508374016543_VA2179.PDF,"Revision (MTO)",NO,,,,,,,LO,7034,LO-007034,false,,,,,,false,2023-11-14,,,,,,,,,,,,
WO,2610,WO-2610,,,-,,,,SPA-AV,8921,SPA-AV08921,"System Administrator",Cerrado,"2023-11-14 18:47:12","2023-11-15 12:05:52","211231179102_AV8921-INSPECCION__OCA_-08-10-2020.PDF","211231179102_AV8921-INSPECCION__OCA_-08-10-2020.PDF","Inspecciones (OCA)",NO,,,,,,08.10.2023,LO,215,LO-000215,false,,,,,,false,2023-11-14,,,,,,,,,,,,
WO,3412,WO-3412,,,-,,,,SPA-GU,9148,SPA-GU09148,"System Administrator",Cerrado,"2023-11-14 19:05:34","2023-11-15 12:12:09","2708525818212_GU9148-TOTEM.PDF","2708525818212_GU9148-TOTEM.PDF","Revision (MTO)",NO,,,,,,,LO,2780,LO-002780,false,,,,,,false,2023-11-14,,,,,,,,,,,,
WO,2018,WO-2018,,,-,,,,SPA-TO,115,SPA-TO00115,"System Administrator",Cerrado,"2023-11-14 18:33:10","2023-11-15 12:18:00","2112300229621_TO0115-INSPECCION__OCA_-16-05-2019.PDF","2112300229621_TO0115-INSPECCION__OCA_-16-05-2019.PDF","Inspecciones (OCA)",NO,,,,,,16.05.2022,LO,6681,LO-006681,false,,,,,,false,2023-11-14,,,,,,,,,,,,
WO,4452,WO-4452,SAR,117,SAR-000117,SPA-AX,269,SPA-AX00269,,,,"Miguel angel Armengol  ogaya",Abierto,"2024-01-25 10:30:43","2024-01-26 09:41:27","AUDITORIA DE MANTENIMIENTO PREVENTIVO","AUDITORIA DE MANTENIMIENTO PREVENTIVO",Auditoría,NO,,,,,,,,,-,false,,,,,,false,2024-01-25,,,,,,,,,,,,
WO,4419,WO-4419,,,-,,,,,,,"Andres Marcos Alises",Abierto,"2024-01-23 07:38:20","2024-01-23 07:38:20","AX5837 PRUEBA DE ALARMAS","PRUEBA DE ALARMAS","Inspección Preventiva",NO,"2024-01-23 08:00:00","2024-01-26 15:00:00",,,,,,,-,false,,,,,,false,2024-01-23,,,,,,,,,,,,
WO,2520,WO-2520,,,-,,,,SPA-OR,8920,SPA-OR08920,"System Administrator",Cerrado,"2023-11-14 18:45:10","2023-11-15 12:06:04","2112310617651_OR8920-REVISION__MTO_-20-04-2020.PDF","2112310617651_OR8920-REVISION__MTO_-20-04-2020.PDF","Revision (MTO)",NO,,,,,,,LO,5126,LO-005126,false,,,,,,false,2023-11-14,,,,,,,,,,,,
WO,3089,WO-3089,,,-,,,,SPA-BA,412,SPA-BA00412,"System Administrator",Cerrado,"2023-11-14 18:58:04","2023-11-15 12:13:59","2407101027682_BA0412-OCA_1_-06AT-23836__1__18-11-2022.PDF","2407101027682_BA0412-OCA_1_-06AT-23836__1__18-11-2022.PDF","Inspecciones (OCA)",NO,,,,,,18.11.2025,LO,429,LO-000429,false,,,,,,false,2023-11-14,,,,,,,,,,,,
WO,2559,WO-2559,,,-,,,,SPA-LE,1501,SPA-LE01501,"System Administrator",Cerrado,"2023-11-14 18:46:03","2023-11-15 12:22:46","2112311211238_LE1501-INSPECCION__OCA_-13-08-2020.PDF","2112311211238_LE1501-INSPECCION__OCA_-13-08-2020.PDF","Inspecciones (OCA)",NO,,,,,,13.08.2023,LO,3437,LO-003437,false,,,,,,false,2023-11-14,,,,,,,,,,,,
WO,2477,WO-2477,,,-,,,,SPA-AB,5925,SPA-AB05925,"System Administrator",Cerrado,"2023-11-14 18:44:11","2023-11-15 12:10:30","2112310116193_AB5925-REVISION__MTO_-27-04-2020.DOC","2112310116193_AB5925-REVISION__MTO_-27-04-2020.DOC","Revision (MTO)",NO,,,,,,,LO,37,LO-000037,false,,,,,,false,2023-11-14,,,,,,,,,,,,
WO,1994,WO-1994,,,-,,,,SPA-SA,5750,SPA-SA05750,"System Administrator",Cerrado,"2023-11-14 18:32:35","2023-11-15 12:12:19","2112300112074_SA5750-INSPECCION__OCA_-11-11-2019.PDF","2112300112074_SA5750-INSPECCION__OCA_-11-11-2019.PDF","Inspecciones (OCA)",NO,,,,,,11.11.2022,LO,5706,LO-005706,false,,,,,,false,2023-11-14,,,,,,,,,,,,
WO,3780,WO-3780,,,-,,,,SPA-VA,2225,SPA-VA02225,"System Administrator",Cerrado,"2023-11-14 19:14:11","2023-11-15 12:10:50",250845522963_VA2225.PDF,250845522963_VA2225.PDF,"Revision (MTO)",NO,,,,,,,LO,7065,LO-007065,false,,,,,,false,2023-11-14,,,,,,,,,,,,
WO,3910,WO-3910,,,-,,,,SPA-CR,3041,SPA-CR03041,"System Administrator",Cerrado,"2024-01-18 17:31:35","2024-01-18 18:00:40","031333324924_CR3041-REV_MTO_16-03-2023.PDF","031333324924_CR3041-REV_MTO_16-03-2023.PDF","Revision (MTO)",NO,,,,,,,LO,1714,LO-001714,false,,,,,,false,2024-01-18,,,,,,,,,,,,
WO,3539,WO-3539,,,-,,,,SPA-PO,6610,SPA-PO06610,"System Administrator",Cerrado,"2023-11-14 19:08:29","2023-11-15 12:06:11",0813270013451_PO6610.PDF,0813270013451_PO6610.PDF,"Revision (MTO)",NO,,,,,,,LO,5596,LO-005596,false,,,,,,false,2023-11-14,,,,,,,,,,,,
WO,3418,WO-3418,,,-,,,,SPA-GU,9179,SPA-GU09179,"System Administrator",Cerrado,"2023-11-14 19:05:42","2023-11-15 12:05:45","2708582624816_GU9179-TOTEM.PDF","2708582624816_GU9179-TOTEM.PDF","Revision (MTO)",NO,,,,,,,LO,2795,LO-002795,false,,,,,,false,2023-11-14,,,,,,,,,,,,
WO,3242,WO-3242,,,-,,,,SPA-CX,427,SPA-CX00427,"System Administrator",Cerrado,"2023-11-14 19:01:39","2023-11-15 12:19:54","100844504369_PARTE_INCIDENCIA.PDF","100844504369_PARTE_INCIDENCIA.PDF","Revision (MTO)",NO,,,,,,,LO,2135,LO-002135,false,,,,,,false,2023-11-14,,,,,,,,,,,,
WO,3231,WO-3231,,,-,,,,SPA-VA,2148,SPA-VA02148,"System Administrator",Cerrado,"2023-11-14 19:01:23","2023-11-15 12:07:09",0213444427338_VA2148.PDF,0213444427338_VA2148.PDF,"Revision (MTO)",NO,,,,,,,LO,7014,LO-007014,false,,,,,,false,2023-11-14,,,,,,,,,,,,
WO,4039,WO-4039,,,-,,,,SPA-ZX,226,SPA-ZX00226,"System Administrator",Cerrado,"2024-01-18 17:34:46","2024-01-18 18:02:00","3007524914096_ZX0226-REV_MTO_12_07_23.PDF","3007524914096_ZX0226-REV_MTO_12_07_23.PDF","Revision (MTO)",NO,,,,,,12.07.2024,LO,7725,LO-007725,false,,,,,,false,2024-01-18,,,,,,,,,,,,
WO,2349,WO-2349,,,-,,,,SPA-TO,2123,SPA-TO02123,"System Administrator",Cerrado,"2023-11-14 18:41:05","2023-11-15 12:13:06","2112304720178_TO2123-REVISION__MTO_-04-02-2019.PDF","2112304720178_TO2123-REVISION__MTO_-04-02-2019.PDF","Revision (MTO)",NO,,,,,,,LO,6786,LO-006786,false,,,,,,false,2023-11-14,,,,,,,,,,,,
WO,4167,WO-4167,,,-,,,,SPA-HU,7207,SPA-HU07207,"System Administrator",Cerrado,"2024-01-18 17:37:52","2024-01-18 18:03:18","1411125318923_HU7207-REV_MTO_28_08_23.PDF","1411125318923_HU7207-REV_MTO_28_08_23.PDF","Revision (MTO)",NO,,,,,,29.08.2024,LO,2885,LO-002885,false,,,,,,false,2024-01-18,,,,,,,,,,,,
WO,3954,WO-3954,,,-,,,,SPA-GU,9156,SPA-GU09156,"System Administrator",Cerrado,"2024-01-18 17:32:41","2024-01-18 18:01:07","1911081518843_GU9156-REV_MTO_28-03-2023.PDF","1911081518843_GU9156-REV_MTO_28-03-2023.PDF","Revision (MTO)",NO,,,,,,,LO,2783,LO-002783,false,,,,,,false,2024-01-18,,,,,,,,,,,,
WO,3400,WO-3400,,,-,,,,SPA-CU,8474,SPA-CU08474,"System Administrator",Cerrado,"2023-11-14 19:05:17","2023-11-15 12:17:45","2510104814349_CU8474-TOTEM.PDF","2510104814349_CU8474-TOTEM.PDF","Revision (MTO)",NO,,,,,,,LO,2004,LO-002004,false,,,,,,false,2023-11-14,,,,,,,,,,,,
WO,2096,WO-2096,,,-,,,,SPA-LE,1734,SPA-LE01734,"System Administrator",Cerrado,"2023-11-14 18:35:00","2023-11-15 12:14:06","211230194872_LE1734-REVISION__MTO_-07-08-2018.PDF","211230194872_LE1734-REVISION__MTO_-07-08-2018.PDF","Revision (MTO)",NO,,,,,,,LO,3486,LO-003486,false,,,,,,false,2023-11-14,,,,,,,,,,,,
WO,2190,WO-2190,,,-,,,,SPA-SO,9803,SPA-SO09803,"System Administrator",Cerrado,"2023-11-14 18:37:18","2023-11-15 12:21:40","211230291594_SO9803-REVISION__MTO_-10-07-2019.PDF","211230291594_SO9803-REVISION__MTO_-10-07-2019.PDF","Revision (MTO)",NO,,,,,,,LO,6135,LO-006135,false,,,,,,false,2023-11-14,,,,,,,,,,,,
WO,2009,WO-2009,,,-,,,,SPA-TO,213,SPA-TO00213,"System Administrator",Cerrado,"2023-11-14 18:32:57","2023-11-15 12:21:54","211230013517_TO0213-INSPECCION__OCA_-17-05-2019.PDF","211230013517_TO0213-INSPECCION__OCA_-17-05-2019.PDF","Inspecciones (OCA)",NO,,,,,,17.05.2022,LO,6700,LO-006700,false,,,,,,false,2023-11-14,,,,,,,,,,,,
WO,2945,WO-2945,,,-,,,,SPA-SE,1328,SPA-SE01328,"System Administrator",Cerrado,"2023-11-14 18:54:55","2023-11-15 12:12:46","2214272226851_REVISION_ANUAL_CT_SE1328_2021.PDF","2214272226851_REVISION_ANUAL_CT_SE1328_2021.PDF","Revision (MTO)",NO,,,,,,,LO,5964,LO-005964,false,,,,,,false,2023-11-14,,,,,,,,,,,,
WO,4158,WO-4158,,,-,,,,SPA-BU,4126,SPA-BU04126,"System Administrator",Cerrado,"2024-01-18 17:37:39","2024-01-18 18:03:13",0908442826947_BU4126.PDF,0908442826947_BU4126.PDF,"Revision (MTO)",NO,,,,,,28.10.2024,LO,642,LO-000642,false,,,,,,false,2024-01-18,,,,,,,,,,,,
WO,4324,WO-4324,,,-,,,,SPA-HX,9474,SPA-HX09474,"System Administrator",Cerrado,"2024-01-18 17:41:25","2024-01-18 18:04:54","2213194126438_01370306_ORANGE_ESPAGNE__SAU_HX9474_CT_PERIO_FAV.PDF","2213194126438_01370306_ORANGE_ESPAGNE__SAU_HX9474_CT_PERIO_FAV.PDF","Inspecciones (OCA)",NO,,,,,,,LO,2931,LO-002931,false,,,,,,false,2024-01-18,,,,,,,,,,,,
WO,3530,WO-3530,,,-,,,,SPA-OR,8920,SPA-OR08920,"System Administrator",Cerrado,"2023-11-14 19:08:17","2023-11-15 12:12:24",081014292219_OR8920.PDF,081014292219_OR8920.PDF,"Revision (MTO)",NO,,,,,,,LO,5126,LO-005126,false,,,,,,false,2023-11-14,,,,,,,,,,,,
WO,3072,WO-3072,,,-,,,,,,,"System Administrator",Cerrado,"2023-11-14 18:57:43","2023-11-15 12:20:05","0412043819169_AV8472-REVISION__MTO_-24082015.PDF","0412043819169_AV8472-REVISION__MTO_-24082015.PDF","Revision (MTO)",NO,,,,,,,,,-,false,,,,,,false,2023-11-14,,,,,,,,,,,,
WO,2631,WO-2631,,,-,,,,SPA-BU,4244,SPA-BU04244,"System Administrator",Cerrado,"2023-11-14 18:47:41","2023-11-15 12:18:21","211231194591_BU4244-REVISION__MTO_-20-07-2020.PDF","211231194591_BU4244-REVISION__MTO_-20-07-2020.PDF","Revision (MTO)",NO,,,,,,,LO,709,LO-000709,false,,,,,,false,2023-11-14,,,,,,,,,,,,
WO,4335,WO-4335,,,-,,,,SPA-SE,1330,SPA-SE01330,"System Administrator",Cerrado,"2024-01-18 17:41:40","2024-01-18 18:05:00","2214040416177_01370304_ORANGE_ESPAGNE__SAU_SE1330_CT_PERIO_DESFAV.PDF","2214040416177_01370304_ORANGE_ESPAGNE__SAU_SE1330_CT_PERIO_DESFAV.PDF","Inspecciones (OCA)",NO,,,,,,,LO,5965,LO-005965,false,,,,,,false,2024-01-18,,,,,,,,,,,,
WO,2226,WO-2226,,,-,,,,SPA-VA,2179,SPA-VA02179,"System Administrator",Cerrado,"2023-11-14 18:38:09","2023-11-15 12:10:58","211230347721_VA2179-REVISION__MTO_-08-10-2019.PDF","211230347721_VA2179-REVISION__MTO_-08-10-2019.PDF","Revision (MTO)",NO,,,,,,,LO,7034,LO-007034,false,,,,,,false,2023-11-14,,,,,,,,,,,,
WO,3086,WO-3086,,,-,,,,SPA-SA,6891,SPA-SA06891,"System Administrator",Cerrado,"2023-11-14 18:58:00","2023-11-15 12:17:32","281243086968_SA6891-TOTEM.PDF","281243086968_SA6891-TOTEM.PDF","Inspecciones (OCA)",NO,,,,,,07.11.2025,LO,5734,LO-005734,false,,,,,,false,2023-11-14,,,,,,,,,,,,
WO,4433,WO-4433,SAR,57,SAR-000057,SPA-MX,3404,SPA-MX03404,,,,"Francisco Moreno Lopez",Abierto,"2024-01-23 13:39:15","2024-01-23 13:39:26","OCA CT","realizar OCA","Inspecciones (OCA)",NO,"2024-01-23 00:00:00","2024-01-30 00:00:00",,,,,,,-,false,,,,,,false,2024-01-23,,,,,,,,,,,,
WO,4086,WO-4086,,,-,,,,SPA-SO,9888,SPA-SO09888,"System Administrator",Cerrado,"2024-01-18 17:35:54","2024-01-18 18:02:29",3008302924445_SO9888.PDF,3008302924445_SO9888.PDF,"Revision (MTO)",NO,,,,,,21.10.2024,LO,6163,LO-006163,false,,,,,,false,2024-01-18,,,,,,,,,,,,
WO,4160,WO-4160,,,-,,,,SPA-BU,4241,SPA-BU04241,"System Administrator",Cerrado,"2024-01-18 17:37:42","2024-01-18 18:03:14",1408251026285_BU4241.PDF,1408251026285_BU4241.PDF,"Revision (MTO)",NO,,,,,,28.10.2024,LO,707,LO-000707,false,,,,,,false,2024-01-18,,,,,,,,,,,,
WO,3892,WO-3892,,,-,,,,SPA-LE,9995,SPA-LE09995,"System Administrator",Cerrado,"2024-01-18 17:31:09","2024-01-18 18:00:29",1911272413770_LE9995.PDF,1911272413770_LE9995.PDF,"Revision (MTO)",NO,,,,,,,LO,3512,LO-003512,false,,,,,,false,2024-01-18,,,,,,,,,,,,
WO,1879,WO-1879,,,-,,,,SPA-AV,8734,SPA-AV08734,"System Administrator",Cerrado,"2023-11-14 18:29:49","2023-11-15 12:15:43",231128224185_AV8734.PDF,231128224185_AV8734.PDF,"Revision (MTO)",NO,,,,,,,LO,206,LO-000206,false,,,,,,false,2023-11-14,,,,,,,,,,,,
WO,4252,WO-4252,,,-,,,,SPA-ZA,6993,SPA-ZA06993,"System Administrator",Cerrado,"2024-01-18 17:39:49","2024-01-18 18:04:12",0609001021399_ZA6993.PDF,0609001021399_ZA6993.PDF,"Inspecciones (OCA)",NO,,,,,,,LO,7657,LO-007657,false,,,,,,false,2024-01-18,,,,,,,,,,,,
WO,4010,WO-4010,,,-,,,,SPA-LE,1673,SPA-LE01673,"System Administrator",Cerrado,"2024-01-18 17:34:03","2024-01-18 18:01:42",2009152332518_LE1673.PDF,2009152332518_LE1673.PDF,"Revision (MTO)",NO,,,,,,07.10.2024,LO,3461,LO-003461,false,,,,,,false,2024-01-18,,,,,,,,,,,,
WO,2310,WO-2310,,,-,,,,SPA-HX,9651,SPA-HX09651,"System Administrator",Cerrado,"2023-11-14 18:40:09","2023-11-15 12:22:42","2112304426819_HX9651-REVISION__MTO_-04-03-2020.PDF","2112304426819_HX9651-REVISION__MTO_-04-03-2020.PDF","Revision (MTO)",NO,,,,,,,LO,2966,LO-002966,false,,,,,,false,2023-11-14,,,,,,,,,,,,
WO,3034,WO-3034,,,-,,,,SPA-SO,9888,SPA-SO09888,"System Administrator",Cerrado,"2023-11-14 18:56:58","2023-11-15 12:08:10",1808485824585_SO9888.PDF,1808485824585_SO9888.PDF,"Revision (MTO)",NO,,,,,,,LO,6163,LO-006163,false,,,,,,false,2023-11-14,,,,,,,,,,,,
WO,4626,WO-4626,SAR,295,SAR-000295,SPA-BX,613,SPA-BX00613,,,,"Ruben  Benitez tirado",Abierto,"2024-01-30 10:37:18","2024-01-30 10:37:23","Acceso-20240130-00038 051929 / B_TARRAGONA_84 144880477","Acceso-20240130-00038 051929 / B_TARRAGONA_84 144880477",Normal,NO,,,,,,,,,-,false,,,,,,false,2024-01-30,,,,,,,,,,,,
WO,3360,WO-3360,,,-,,,,SPA-CR,3300,SPA-CR03300,"System Administrator",Cerrado,"2023-11-14 19:04:22","2023-11-15 12:23:49","1909372217755_CR3300-TOTEM.PDF","1909372217755_CR3300-TOTEM.PDF","Revision (MTO)",NO,,,,,,,LO,1782,LO-001782,false,,,,,,false,2023-11-14,,,,,,,,,,,,
WO,2206,WO-2206,,,-,,,,SPA-SG,9544,SPA-SG09544,"System Administrator",Cerrado,"2023-11-14 18:37:41","2023-11-15 12:07:19","211230331457_SG9544-REVISION__MTO_-08-08-2019.PDF","211230331457_SG9544-REVISION__MTO_-08-08-2019.PDF","Revision (MTO)",NO,,,,,,,LO,6086,LO-006086,false,,,,,,false,2023-11-14,,,,,,,,,,,,
WO,4605,WO-4605,SAR,265,SAR-000265,SPA-OX,224,SPA-OX00224,,,,"DNO acceso OSP",Abierto,"2024-01-29 20:53:54","2024-01-29 21:01:24","443557    OX0224","Trabajos de ingeniería consistentes en tomar medidas y fotografías de las antenas y equipos de telefonía, estos trabajos no implican riesgos ni cortes en el servicio.",Auditoría,NO,,,,,,,,,-,false,,,,,,false,2024-01-29,,,,,,,,,,,,
WO,2080,WO-2080,,,-,,,,SPA-SG,9202,SPA-SG09202,"System Administrator",Cerrado,"2023-11-14 18:34:37","2023-11-15 12:06:25","2112300820855_SG9202-INSPECCION__OCA_-23-10-2018.PDF","2112300820855_SG9202-INSPECCION__OCA_-23-10-2018.PDF","Inspecciones (OCA)",NO,,,,,,23.10.2021,LO,6068,LO-006068,false,,,,,,false,2023-11-14,,,,,,,,,,,,
WO,2722,WO-2722,,,-,,,,SPA-JX,67,SPA-JX00067,"System Administrator",Cerrado,"2023-11-14 18:49:43","2023-11-15 12:13:26","2112312623043_JX0067-INSPECCION__OCA_-01-07-2020.PDF","2112312623043_JX0067-INSPECCION__OCA_-01-07-2020.PDF","Inspecciones (OCA)",NO,,,,,,01.07.2023,LO,3286,LO-003286,false,,,,,,false,2023-11-14,,,,,,,,,,,,
WO,3795,WO-3795,,,-,,,,SPA-MA,2638,SPA-MA02638,"System Administrator",Cerrado,"2024-01-18 17:28:44","2024-01-18 17:59:27","1811032918853_MA2638-REVISION__MTO_-16-08-2023.PDF","1811032918853_MA2638-REVISION__MTO_-16-08-2023.PDF","Revision (MTO)",NO,,,,,,,LO,3866,LO-003866,false,,,,,,false,2024-01-18,,,,,,,,,,,,
WO,3413,WO-3413,,,-,,,,SPA-GU,9146,SPA-GU09146,"System Administrator",Cerrado,"2023-11-14 19:05:35","2023-11-15 12:06:12","2708535527687_GU9146-TOTEM.PDF","2708535527687_GU9146-TOTEM.PDF","Revision (MTO)",NO,,,,,,,LO,2778,LO-002778,false,,,,,,false,2023-11-14,,,,,,,,,,,,
WO,1982,WO-1982,,,-,,,,SPA-VX,74,SPA-VX00074,"System Administrator",Cerrado,"2023-11-14 18:32:16","2023-11-15 12:10:41","271108348994_460_AT_0043_21-1__VX0074.PDF","271108348994_460_AT_0043_21-1__VX0074.PDF","Inspecciones (OCA)",NO,,,,,,20.04.2024,LO,7254,LO-007254,false,,,,,,false,2023-11-14,,,,,,,,,,,,
WO,4053,WO-4053,,,-,,,,SPA-SG,9686,SPA-SG09686,"System Administrator",Cerrado,"2024-01-18 17:35:05","2024-01-18 18:02:08",1608360324799_SG9686.PDF,1608360324799_SG9686.PDF,"Revision (MTO)",NO,,,,,,15.11.2024,LO,6100,LO-006100,false,,,,,,false,2024-01-18,,,,,,,,,,,,
WO,3832,WO-3832,,,-,,,,SPA-CO,7122,SPA-CO07122,"System Administrator",Cerrado,"2024-01-18 17:29:40","2024-01-18 17:59:50","1010132316441_CO7122-REVISION__MTO_-7-08-2023.PDF","1010132316441_CO7122-REVISION__MTO_-7-08-2023.PDF","Revision (MTO)",NO,,,,,,,LO,1636,LO-001636,false,,,,,,false,2024-01-18,,,,,,,,,,,,
WO,2013,WO-2013,,,-,,,,SPA-TO,6,SPA-TO00006,"System Administrator",Cerrado,"2023-11-14 18:33:03","2023-11-15 12:12:28","2112300118882_TO0006-INSPECCION__OCA_-15-05-2019.PDF","2112300118882_TO0006-INSPECCION__OCA_-15-05-2019.PDF","Inspecciones (OCA)",NO,,,,,,15.05.2022,LO,6630,LO-006630,false,,,,,,false,2023-11-14,,,,,,,,,,,,
WO,3911,WO-3911,,,-,,,,SPA-CR,3093,SPA-CR03093,"System Administrator",Cerrado,"2024-01-18 17:31:37","2024-01-18 18:00:41","0313340717505_CR3093-REV_MTO_13-03-2023.PDF","0313340717505_CR3093-REV_MTO_13-03-2023.PDF","Revision (MTO)",NO,,,,,,,LO,1748,LO-001748,false,,,,,,false,2024-01-18,,,,,,,,,,,,
WO,3223,WO-3223,,,-,,,,SPA-VA,2173,SPA-VA02173,"System Administrator",Cerrado,"2023-11-14 19:01:12","2023-11-15 12:21:12",0110554412089_VA2173.PDF,0110554412089_VA2173.PDF,"Revision (MTO)",NO,,,,,,,LO,7030,LO-007030,false,,,,,,false,2023-11-14,,,,,,,,,,,,
WO,4480,WO-4480,SAR,136,SAR-000136,SPA-BI,312,SPA-BI00312,,,,"DNO acceso OSP",Abierto,"2024-01-26 11:28:11","2024-01-26 11:39:56","442896  BI0312","IPAR_ TOMA DE DATOS PARA VANO ORANGE (REPLANTEO). CLUSTER H411PVA10, VANO BI3043PM. ACCESO A SALA UNICA.",Auditoría,NO,,,,,,,,,-,false,,,,,,false,2024-01-26,,,,,,,,,,,,
WO,4422,WO-4422,SAR,43,SAR-000043,SPA-MX,153,SPA-MX00153,,,,"Noemia josilda fátima  Gomes dos santos",Abierto,"2024-01-23 09:38:22","2024-01-26 14:35:51",SPA-MX00153,"INSTALACION SSAA",Normal,NO,"2024-01-23 11:00:00","2024-01-26 18:00:00","2024-01-24 00:00:00",,,,,,-,false,,,,,,false,2024-01-23,,,,,,,,,,,,
WO,2638,WO-2638,,,-,,,,SPA-BU,4255,SPA-BU04255,"System Administrator",Cerrado,"2023-11-14 18:47:50","2023-11-15 12:19:37","2112312016251_BU4255-INSPECCION__OCA_-09-10-2020.PDF","2112312016251_BU4255-INSPECCION__OCA_-09-10-2020.PDF","Inspecciones (OCA)",NO,,,,,,09.10.2023,LO,713,LO-000713,false,,,,,,false,2023-11-14,,,,,,,,,,,,
WO,4369,WO-4369,,,-,,,,SPA-SE,2063,SPA-SE02063,"System Administrator",Cerrado,"2024-01-18 17:42:26","2024-01-18 18:05:20","30151939802_SE2063-INSPECCION__OCA_-17-10-2022_CT.PDF","30151939802_SE2063-INSPECCION__OCA_-17-10-2022_CT.PDF","Inspecciones (OCA)",NO,,,,,,,LO,5990,LO-005990,false,,,,,,false,2024-01-18,,,,,,,,,,,,
WO,4629,WO-4629,SAR,297,SAR-000297,SPA-PO,9114,SPA-PO09114,,,,"DNO acceso OSP",Abierto,"2024-01-30 10:48:31","2024-01-30 10:51:41","444302  - PO9114","Certificación Radioeléctrica de antenas de Telefonía + Reportaje fotográfico.","Inspecciones (OCA)",NO,,,,,,,,,-,false,,,,,,false,2024-01-30,,,,,,,,,,,,
WO,3763,WO-3763,,,-,,,,SPA-PX,8032,SPA-PX08032,"System Administrator",Cerrado,"2023-11-14 19:13:47","2023-11-15 12:21:20","211012294249_PX8032-CON_DEFECTOS.PDF","211012294249_PX8032-CON_DEFECTOS.PDF","Revision (MTO)",NO,,,,,,,LO,5648,LO-005648,false,,,,,,false,2023-11-14,,,,,,,,,,,,
WO,3204,WO-3204,,,-,,,,SPA-SE,2063,SPA-SE02063,"System Administrator",Cerrado,"2023-11-14 19:00:46","2023-11-15 12:06:53","0313595123308_SE2063-INSPECCION__OCA_-17-10-2022.PDF","0313595123308_SE2063-INSPECCION__OCA_-17-10-2022.PDF","Inspecciones (OCA)",NO,,,,,,17.10.2025,LO,5990,LO-005990,false,,,,,,false,2023-11-14,,,,,,,,,,,,
WO,4339,WO-4339,,,-,,,,SPA-LU,7720,SPA-LU07720,"System Administrator",Cerrado,"2024-01-18 17:41:45","2024-01-18 18:05:03",2808325624851_LU7720.PDF,2808325624851_LU7720.PDF,"Inspecciones (OCA)",NO,,,,,,,LO,3608,LO-003608,false,,,,,,false,2024-01-18,,,,,,,,,,,,
WO,3553,WO-3553,,,-,,,,SPA-MX,3044,SPA-MX03044,"System Administrator",Cerrado,"2023-11-14 19:08:49","2023-11-15 12:12:19",1708425225217_MX3044.PDF,1708425225217_MX3044.PDF,"Inspecciones (OCA)",NO,,,,,,05.04.2025,LO,4686,LO-004686,false,,,,,,false,2023-11-14,,,,,,,,,,,,
WO,4120,WO-4120,,,-,,,,SPA-SS,5721,SPA-SS05721,"System Administrator",Cerrado,"2024-01-18 17:36:43","2024-01-18 18:02:49","0409142926059_SS5721-REV_MTO_25_07_23.PDF","0409142926059_SS5721-REV_MTO_25_07_23.PDF","Revision (MTO)",NO,,,,,,25.07.2024,LO,6256,LO-006256,false,,,,,,false,2024-01-18,,,,,,,,,,,,
WO,3297,WO-3297,,,-,,,,SPA-ZX,195,SPA-ZX00195,"System Administrator",Cerrado,"2023-11-14 19:02:55","2023-11-15 12:23:37","081310163227_ZX0195-INSPECCION___OCA__-18112013.PDF","081310163227_ZX0195-INSPECCION___OCA__-18112013.PDF","Inspecciones (OCA)",NO,,,,,,,LO,7716,LO-007716,false,,,,,,false,2023-11-14,,,,,,,,,,,,
WO,3948,WO-3948,,,-,,,,SPA-GU,9113,SPA-GU09113,"System Administrator",Cerrado,"2024-01-18 17:32:32","2024-01-18 18:01:03","1910044231513_GU9113-REV_MTO_30-03-2023.PDF","1910044231513_GU9113-REV_MTO_30-03-2023.PDF","Revision (MTO)",NO,,,,,,,LO,2760,LO-002760,false,,,,,,false,2024-01-18,,,,,,,,,,,,
WO,3459,WO-3459,,,-,,,,SPA-TO,19,SPA-TO00019,"System Administrator",Cerrado,"2023-11-14 19:06:39","2023-11-15 12:20:02","151425247640_CERT_AT-TO-014_22_TOTEM_TO0019_YEBENES_CT.PDF","151425247640_CERT_AT-TO-014_22_TOTEM_TO0019_YEBENES_CT.PDF","Inspecciones (OCA)",NO,,,,,,08.06.2025,LO,6638,LO-006638,false,,,,,,false,2023-11-14,,,,,,,,,,,,
WO,3129,WO-3129,,,-,,,,SPA-CR,3108,SPA-CR03108,"System Administrator",Cerrado,"2023-11-14 18:58:58","2023-11-15 12:17:18",1110484822684_CR3108.PDF,1110484822684_CR3108.PDF,"Inspecciones (OCA)",NO,,,,,,26.07.2024,LO,1758,LO-001758,false,,,,,,false,2023-11-14,,,,,,,,,,,,
WO,2816,WO-2816,,,-,,,,SPA-LU,7890,SPA-LU07890,"System Administrator",Cerrado,"2023-11-14 18:51:54","2023-11-15 12:08:16","2112342912054_LU7890-INSPECCION__OCA_-24-08-2020.PDF","2112342912054_LU7890-INSPECCION__OCA_-24-08-2020.PDF","Inspecciones (OCA)",NO,,,,,,24.08.2023,LO,3622,LO-003622,false,,,,,,false,2023-11-14,,,,,,,,,,,,
WO,4202,WO-4202,,,-,,,,SPA-ZX,1024,SPA-ZX01024,"System Administrator",Cerrado,"2024-01-18 17:38:41","2024-01-18 18:03:40","0816361320796_2__VISITA_AT-Z-08-22_ZX1024_VILLARROYA.PDF","0816361320796_2__VISITA_AT-Z-08-22_ZX1024_VILLARROYA.PDF","Inspecciones (OCA)",NO,,,,,,,LO,7816,LO-007816,false,,,,,,false,2024-01-18,,,,,,,,,,,,
WO,3448,WO-3448,,,-,,,,SPA-LE,9995,SPA-LE09995,"System Administrator",Cerrado,"2023-11-14 19:06:24","2023-11-15 12:09:20","2710252312381_PARTE_INCIDENCIA.PDF","2710252312381_PARTE_INCIDENCIA.PDF","Revision (MTO)",NO,,,,,,,LO,3512,LO-003512,false,,,,,,false,2023-11-14,,,,,,,,,,,,
WO,2183,WO-2183,,,-,,,,SPA-SO,9921,SPA-SO09921,"System Administrator",Cerrado,"2023-11-14 18:37:08","2023-11-15 12:13:14","211230297229_SO9921-REVISION__MTO_-10-07-2019.PDF","211230297229_SO9921-REVISION__MTO_-10-07-2019.PDF","Revision (MTO)",NO,,,,,,,LO,6167,LO-006167,false,,,,,,false,2023-11-14,,,,,,,,,,,,
WO,2568,WO-2568,,,-,,,,SPA-LE,1713,SPA-LE01713,"System Administrator",Cerrado,"2023-11-14 18:46:15","2023-11-15 12:21:22","2112311320169_LE1713-INSPECCION__OCA_-11-08-2020.PDF","2112311320169_LE1713-INSPECCION__OCA_-11-08-2020.PDF","Inspecciones (OCA)",NO,,,,,,11.08.2023,LO,3470,LO-003470,false,,,,,,false,2023-11-14,,,,,,,,,,,,
WO,2768,WO-2768,,,-,,,,SPA-VA,2981,SPA-VA02981,"System Administrator",Cerrado,"2023-11-14 18:50:47","2023-11-15 12:25:20","211234251866_VA2981-INSPECCION__OCA_-26-10-2020.PDF","211234251866_VA2981-INSPECCION__OCA_-26-10-2020.PDF","Inspecciones (OCA)",NO,,,,,,26.10.2023,LO,7110,LO-007110,false,,,,,,false,2023-11-14,,,,,,,,,,,,
WO,4028,WO-4028,,,-,,,,SPA-ZA,6982,SPA-ZA06982,"System Administrator",Cerrado,"2024-01-18 17:34:29","2024-01-18 18:01:53","1609525013018_ZA6982-_CON_DEFECTOS.PDF","1609525013018_ZA6982-_CON_DEFECTOS.PDF","Revision (MTO)",NO,,,,,,10.10.2024,LO,7652,LO-007652,false,,,,,,false,2024-01-18,,,,,,,,,,,,
WO,4156,WO-4156,,,-,,,,SPA-BU,4230,SPA-BU04230,"System Administrator",Cerrado,"2024-01-18 17:37:36","2024-01-18 18:03:12",0908385222881_BU4230.PDF,0908385222881_BU4230.PDF,"Revision (MTO)",NO,,,,,,28.10.2024,LO,700,LO-000700,false,,,,,,false,2024-01-18,,,,,,,,,,,,
WO,4349,WO-4349,,,-,,,,SPA-LU,7740,SPA-LU07740,"System Administrator",Cerrado,"2024-01-18 17:41:58","2024-01-18 18:05:09",0108291427192_LU7740.PDF,0108291427192_LU7740.PDF,"Inspecciones (OCA)",NO,,,,,,,LO,3609,LO-003609,false,,,,,,false,2024-01-18,,,,,,,,,,,,
WO,2637,WO-2637,,,-,,,,SPA-BU,4295,SPA-BU04295,"System Administrator",Cerrado,"2023-11-14 18:47:49","2023-11-15 12:15:02","2112312011959_BU4295-INSPECCION__OCA_-07-10-2020.PDF","2112312011959_BU4295-INSPECCION__OCA_-07-10-2020.PDF","Inspecciones (OCA)",NO,,,,,,07.10.2023,LO,728,LO-000728,false,,,,,,false,2023-11-14,,,,,,,,,,,,
WO,2581,WO-2581,,,-,,,,SPA-PO,4906,SPA-PO04906,"System Administrator",Cerrado,"2023-11-14 18:46:32","2023-11-15 12:15:38","2112311428862_PO4906-INSPECCION__OCA_-28-08-2020.PDF","2112311428862_PO4906-INSPECCION__OCA_-28-08-2020.PDF","Inspecciones (OCA)",NO,,,,,,28.08.2023,LO,5489,LO-005489,false,,,,,,false,2023-11-14,,,,,,,,,,,,
WO,2447,WO-2447,,,-,,,,SPA-OR,9724,SPA-OR09724,"System Administrator",Cerrado,"2023-11-14 18:43:25","2023-11-15 12:08:09","2112305517209_OR9724-REVISION__MTO_-04-06-2019.PDF","2112305517209_OR9724-REVISION__MTO_-04-06-2019.PDF","Revision (MTO)",NO,,,,,,,LO,5173,LO-005173,false,,,,,,false,2023-11-14,,,,,,,,,,,,
WO,4247,WO-4247,,,-,,,,SPA-LE,1546,SPA-LE01546,"System Administrator",Cerrado,"2024-01-18 17:39:43","2024-01-18 18:04:09",0408160019103_LE1546.PDF,0408160019103_LE1546.PDF,"Inspecciones (OCA)",NO,,,,,,,LO,3449,LO-003449,false,,,,,,false,2024-01-18,,,,,,,,,,,,
WO,3124,WO-3124,,,-,,,,SPA-CR,3220,SPA-CR03220,"System Administrator",Cerrado,"2023-11-14 18:58:52","2023-11-15 12:13:51",1110223120347_CR3220.PDF,1110223120347_CR3220.PDF,"Inspecciones (OCA)",NO,,,,,,27.07.2024,LO,1776,LO-001776,false,,,,,,false,2023-11-14,,,,,,,,,,,,
WO,4091,WO-4091,,,-,,,,SPA-CU,8400,SPA-CU08400,"System Administrator",Cerrado,"2024-01-18 17:36:01","2024-01-18 18:02:32","1013250820480_CU8400-REV__MTO_22-08-2023.PDF","1013250820480_CU8400-REV__MTO_22-08-2023.PDF","Revision (MTO)",NO,,,,,,22.08.2024,LO,1990,LO-001990,false,,,,,,false,2024-01-18,,,,,,,,,,,,
WO,4169,WO-4169,,,-,,,,SPA-HU,7281,SPA-HU07281,"System Administrator",Cerrado,"2024-01-18 17:37:55","2024-01-18 18:03:20","1016424724387_HU7281-REV_MTO_29-08-23.PDF","1016424724387_HU7281-REV_MTO_29-08-23.PDF","Revision (MTO)",NO,,,,,,29.08.2024,LO,2900,LO-002900,false,,,,,,false,2024-01-18,,,,,,,,,,,,
WO,1970,WO-1970,,,-,,,,SPA-CS,109,SPA-CS00109,"System Administrator",Cerrado,"2023-11-14 18:31:57","2023-11-15 12:13:12","2711484215708_460_AT_0055_21-1__CS0109.PDF","2711484215708_460_AT_0055_21-1__CS0109.PDF","Inspecciones (OCA)",NO,,,,,,22.04.2024,LO,1892,LO-001892,false,,,,,,false,2023-11-14,,,,,,,,,,,,
WO,3646,WO-3646,,,-,,,,SPA-CO,7219,SPA-CO07219,"System Administrator",Cerrado,"2023-11-14 19:10:57","2023-11-15 12:22:02","1513365627567_CO7219-REVISION__MTO_-25-08-2022.PDF","1513365627567_CO7219-REVISION__MTO_-25-08-2022.PDF","Revision (MTO)",NO,,,,,,,LO,1652,LO-001652,false,,,,,,false,2023-11-14,,,,,,,,,,,,
WO,4072,WO-4072,,,-,,,,SPA-TO,115,SPA-TO00115,"System Administrator",Cerrado,"2024-01-18 17:35:34","2024-01-18 18:02:20","3115095117439_TO0115-REV_MAT_20_06_23.PDF","3115095117439_TO0115-REV_MAT_20_06_23.PDF","Revision (MTO)",NO,,,,,,20.06.2024,LO,6681,LO-006681,false,,,,,,false,2024-01-18,,,,,,,,,,,,
WO,4012,WO-4012,,,-,,,,SPA-SG,9220,SPA-SG09220,"System Administrator",Cerrado,"2024-01-18 17:34:06","2024-01-18 18:01:43",271210525370_SG9220.PDF,271210525370_SG9220.PDF,"Revision (MTO)",NO,,,,,,07.10.2024,LO,6070,LO-006070,false,,,,,,false,2024-01-18,,,,,,,,,,,,
WO,3739,WO-3739,,,-,,,,SPA-VX,918,SPA-VX00918,"System Administrator",Cerrado,"2023-11-14 19:13:12","2023-11-15 12:23:41","0317514223186_VX0918_SAGUNTO_INFORME_REVISION_2022.PDF","0317514223186_VX0918_SAGUNTO_INFORME_REVISION_2022.PDF","Revision (MTO)",NO,,,,,,,LO,7390,LO-007390,false,,,,,,false,2023-11-14,,,,,,,,,,,,
WO,4228,WO-4228,,,-,,,,SPA-JX,7917,SPA-JX07917,"System Administrator",Cerrado,"2024-01-18 17:39:16","2024-01-18 18:03:56","2307281928503_JX7917_01290419_TOTEM_TOWERCO_ARQUILLOS_LA_PERIO_FAV.PDF","2307281928503_JX7917_01290419_TOTEM_TOWERCO_ARQUILLOS_LA_PERIO_FAV.PDF","Inspecciones (OCA)",NO,,,,,,,LO,3295,LO-003295,false,,,,,,false,2024-01-18,,,,,,,,,,,,
WO,2107,WO-2107,,,-,,,,SPA-BU,4300,SPA-BU04300,"System Administrator",Cerrado,"2023-11-14 18:35:17","2023-11-15 12:05:38","2112302027216_BU4300-REVISION__MTO_-10-08-2018.PDF","2112302027216_BU4300-REVISION__MTO_-10-08-2018.PDF","Revision (MTO)",NO,,,,,,,LO,730,LO-000730,false,,,,,,false,2023-11-14,,,,,,,,,,,,
WO,2233,WO-2233,,,-,,,,SPA-VA,2148,SPA-VA02148,"System Administrator",Cerrado,"2023-11-14 18:38:19","2023-11-15 12:10:42","2112303515022_VA2148-REVISION__MTO_-08-10-2019.PDF","2112303515022_VA2148-REVISION__MTO_-08-10-2019.PDF","Revision (MTO)",NO,,,,,,,LO,7014,LO-007014,false,,,,,,false,2023-11-14,,,,,,,,,,,,
WO,2467,WO-2467,,,-,,,,SPA-AB,6362,SPA-AB06362,"System Administrator",Cerrado,"2023-11-14 18:43:57","2023-11-15 12:08:25","2112305913758_AB6362-REVISION__MTO_-28-04-2020.DOC","2112305913758_AB6362-REVISION__MTO_-28-04-2020.DOC","Revision (MTO)",NO,,,,,,,LO,78,LO-000078,false,,,,,,false,2023-11-14,,,,,,,,,,,,
WO,2135,WO-2135,,,-,,,,SPA-AV,8523,SPA-AV08523,"System Administrator",Cerrado,"2023-11-14 18:35:59","2023-11-15 12:15:12","2112302524773_AV8523-REVISION__MTO_-08-08-2019.PDF","2112302524773_AV8523-REVISION__MTO_-08-08-2019.PDF","Revision (MTO)",NO,,,,,,,LO,176,LO-000176,false,,,,,,false,2023-11-14,,,,,,,,,,,,
WO,2697,WO-2697,,,-,,,,SPA-PX,8234,SPA-PX08234,"System Administrator",Cerrado,"2023-11-14 18:49:09","2023-11-15 12:11:35","2112312420666_PX8234-INSPECCION__OCA_-11-11-2020.PDF","2112312420666_PX8234-INSPECCION__OCA_-11-11-2020.PDF","Inspecciones (OCA)",NO,,,,,,11.11.2023,LO,5667,LO-005667,false,,,,,,false,2023-11-14,,,,,,,,,,,,
WO,2881,WO-2881,,,-,,,,SPA-AV,8503,SPA-AV08503,"System Administrator",Cerrado,"2023-11-14 18:53:27","2023-11-15 12:13:55",2313253314527_AV8503.PDF,2313253314527_AV8503.PDF,"Revision (MTO)",NO,,,,,,,LO,171,LO-000171,false,,,,,,false,2023-11-14,,,,,,,,,,,,
WO,4348,WO-4348,,,-,,,,SPA-LU,7890,SPA-LU07890,"System Administrator",Cerrado,"2024-01-18 17:41:57","2024-01-18 18:05:08",3011082828763_LU7890.PDF,3011082828763_LU7890.PDF,"Inspecciones (OCA)",NO,,,,,,,LO,3622,LO-003622,false,,,,,,false,2024-01-18,,,,,,,,,,,,
WO,3565,WO-3565,,,-,,,,SPA-GR,7606,SPA-GR07606,"System Administrator",Cerrado,"2023-11-14 19:09:06","2023-11-15 12:19:14","2510015122763_GR7606-REVISION__MTO_-09-08-2022-_14148.DOCX","2510015122763_GR7606-REVISION__MTO_-09-08-2022-_14148.DOCX","Revision (MTO)",NO,,,,,,,LO,2727,LO-002727,false,,,,,,false,2023-11-14,,,,,,,,,,,,
WO,2074,WO-2074,,,-,,,,SPA-GU,9116,SPA-GU09116,"System Administrator",Cerrado,"2023-11-14 18:34:29","2023-11-15 12:25:15","2112300524208_GU9116-INSPECCION__OCA_-31-03-2018.PDF","2112300524208_GU9116-INSPECCION__OCA_-31-03-2018.PDF","Inspecciones (OCA)",NO,,,,,,31.03.2021,LO,2762,LO-002762,false,,,,,,false,2023-11-14,,,,,,,,,,,,
WO,2163,WO-2163,,,-,,,,SPA-BU,4241,SPA-BU04241,"System Administrator",Cerrado,"2023-11-14 18:36:40","2023-11-15 12:10:21","2112302613290_BU4241-REVISION__MTO_-08-08-2019.PDF","2112302613290_BU4241-REVISION__MTO_-08-08-2019.PDF","Revision (MTO)",NO,,,,,,,LO,707,LO-000707,false,,,,,,false,2023-11-14,,,,,,,,,,,,
WO,2655,WO-2655,,,-,,,,SPA-BU,4361,SPA-BU04361,"System Administrator",Cerrado,"2023-11-14 18:48:12","2023-11-15 12:18:37","211231217093_BU4361-INSPECCION__OCA_-14-10-2020.PDF","211231217093_BU4361-INSPECCION__OCA_-14-10-2020.PDF","Inspecciones (OCA)",NO,,,,,,14.10.2023,LO,748,LO-000748,false,,,,,,false,2023-11-14,,,,,,,,,,,,
WO,4612,WO-4612,SAR,280,SAR-000280,SPA-BX,529,SPA-BX00529,,,,"DNO acceso OSP",Abierto,"2024-01-30 07:16:11","2024-01-30 07:22:15","442528  //  BX0529","REPLANTEO FO EN CASETA SITUADA EN LA AZOTEA",Auditoría,NO,,,,,,,,,-,false,,,,,,false,2024-01-30,,,,,,,,,,,,
WO,3056,WO-3056,,,-,,,,,,,"System Administrator",Cerrado,"2023-11-14 18:57:25","2023-11-15 12:06:42","04120439153_LE1742-REVISION__MTO_-29072016.PDF","04120439153_LE1742-REVISION__MTO_-29072016.PDF","Revision (MTO)",NO,,,,,,,,,-,false,,,,,,false,2023-11-14,,,,,,,,,,,,
WO,4116,WO-4116,,,-,,,,SPA-BU,4300,SPA-BU04300,"System Administrator",Cerrado,"2024-01-18 17:36:38","2024-01-18 18:02:47",170821577949_BU4300.PDF,170821577949_BU4300.PDF,"Revision (MTO)",NO,,,,,,24.10.2024,LO,730,LO-000730,false,,,,,,false,2024-01-18,,,,,,,,,,,,
WO,4393,WO-4393,,,-,,,,SPA-TO,213,SPA-TO00213,"System Administrator",Cerrado,"2024-01-18 17:42:58","2024-01-18 18:05:34","190853133965_CERT_AT-TO-009-2_22_TOTEM_TO0213_YEPES_CT.PDF","190853133965_CERT_AT-TO-009-2_22_TOTEM_TO0213_YEPES_CT.PDF","Inspecciones (OCA)",NO,,,,,,,LO,6700,LO-006700,false,,,,,,false,2024-01-18,,,,,,,,,,,,
WO,4397,WO-4397,SAR,4,SAR-000004,SPA-BX,1256,SPA-BX01256,,,,"Javier Santos Redin",Cerrado,"2024-01-20 19:45:22","2024-01-23 08:06:04","PRUEBA COS JSR 20.01 19h","prueba COS JSR 20.01 19h",Urgente,NO,"2024-01-20 00:00:00","2024-01-23 00:00:00",,,,,,,-,false,,,,,,false,2024-01-20,,,,,,,,,,,,
WO,3598,WO-3598,,,-,,,,SPA-JX,124,SPA-JX00124,"System Administrator",Cerrado,"2023-11-14 19:09:51","2023-11-15 12:12:13","0910515414575_JX0124-REVISION__MTO_-29-08-2022.PDF","0910515414575_JX0124-REVISION__MTO_-29-08-2022.PDF","Revision (MTO)",NO,,,,,,,LO,3288,LO-003288,false,,,,,,false,2023-11-14,,,,,,,,,,,,
WO,2725,WO-2725,,,-,,,,SPA-JX,8120,SPA-JX08120,"System Administrator",Cerrado,"2023-11-14 18:49:47","2023-11-15 12:16:10","211231261334_JX8120-REVISION__MTO_-15-07-2020.PDF","211231261334_JX8120-REVISION__MTO_-15-07-2020.PDF","Revision (MTO)",NO,,,,,,,LO,3317,LO-003317,false,,,,,,false,2023-11-14,,,,,,,,,,,,
WO,4602,WO-4602,SAR,262,SAR-000262,SPA-BX,3239,SPA-BX03239,,,,"M. Dolores Panzuela Moral",Abierto,"2024-01-29 20:00:30","2024-01-29 20:03:26",BX3239,"Neon_RAN:P3:Barcelona:BX3239:ERI_OSP_RAN_DT_Estacion caida sin gestion por energia",Urgente,SI,,,,,,,,,-,false,,,,,,false,2024-01-29,,,,,,,,,,,,
WO,4280,WO-4280,,,-,,,,SPA-SG,9541,SPA-SG09541,"System Administrator",Cerrado,"2024-01-18 17:40:26","2024-01-18 18:04:28",271215287514_SG9541.PDF,271215287514_SG9541.PDF,"Inspecciones (OCA)",NO,,,,,,,LO,6083,LO-006083,false,,,,,,false,2024-01-18,,,,,,,,,,,,
WO,2963,WO-2963,,,-,,,,SPA-HX,9474,SPA-HX09474,"System Administrator",Cerrado,"2023-11-14 18:55:21","2023-11-15 12:22:56","2213313115660_REVISION_ANUAL_CT_HX9474_2021.PDF","2213313115660_REVISION_ANUAL_CT_HX9474_2021.PDF","Revision (MTO)",NO,,,,,,,LO,2931,LO-002931,false,,,,,,false,2023-11-14,,,,,,,,,,,,
WO,4172,WO-4172,,,-,,,,SPA-AB,26,SPA-AB00026,"System Administrator",Cerrado,"2024-01-18 17:37:59","2024-01-18 18:03:22","0409491217653_AB0026-REV_MTO_29-09-2023.PDF","0409491217653_AB0026-REV_MTO_29-09-2023.PDF","Revision (MTO)",NO,,,,,,29.10.2024,LO,5,LO-000005,false,,,,,,false,2024-01-18,,,,,,,,,,,,
WO,3902,WO-3902,,,-,,,,SPA-LE,1719,SPA-LE01719,"System Administrator",Cerrado,"2024-01-18 17:31:24","2024-01-18 18:00:35","2309510532321_LE1719-_CON_DEFECTOS.PDF","2309510532321_LE1719-_CON_DEFECTOS.PDF","Revision (MTO)",NO,,,,,,,LO,3475,LO-003475,false,,,,,,false,2024-01-18,,,,,,,,,,,,
WO,3146,WO-3146,,,-,,,,SPA-GU,9113,SPA-GU09113,"System Administrator",Cerrado,"2023-11-14 18:59:22","2023-11-15 12:19:59",131114083441_GU9113.PDF,131114083441_GU9113.PDF,"Inspecciones (OCA)",NO,,,,,,14.07.2024,LO,2760,LO-002760,false,,,,,,false,2023-11-14,,,,,,,,,,,,
WO,3693,WO-3693,,,-,,,,SPA-ZX,540,SPA-ZX00540,"System Administrator",Cerrado,"2023-11-14 19:12:07","2023-11-15 12:06:59","2209033424846_ZX0540-REV_MTO_19-07-2022.PDF","2209033424846_ZX0540-REV_MTO_19-07-2022.PDF","Revision (MTO)",NO,,,,,,,LO,7783,LO-007783,false,,,,,,false,2023-11-14,,,,,,,,,,,,
WO,3264,WO-3264,,,-,,,,SPA-LE,1712,SPA-LE01712,"System Administrator",Cerrado,"2023-11-14 19:02:09","2023-11-15 12:24:56",141029053056_LE1712.PDF,141029053056_LE1712.PDF,"Revision (MTO)",NO,,,,,,,LO,3469,LO-003469,false,,,,,,false,2023-11-14,,,,,,,,,,,,
WO,2525,WO-2525,,,-,,,,SPA-MX,3505,SPA-MX03505,"System Administrator",Cerrado,"2023-11-14 18:45:17","2023-11-15 12:12:03","2112310830862_MX3505-INCIDENCIA-22-07-2020.PDF","2112310830862_MX3505-INCIDENCIA-22-07-2020.PDF","Revision (MTO)",NO,,,,,,,LO,4709,LO-004709,false,,,,,,false,2023-11-14,,,,,,,,,,,,
WO,3167,WO-3167,,,-,,,,SPA-SG,9130,SPA-SG09130,"System Administrator",Cerrado,"2023-11-14 18:59:53","2023-11-15 12:15:49",1409555316745_SG9130.PDF,1409555316745_SG9130.PDF,"Revision (MTO)",NO,,,,,,,LO,6046,LO-006046,false,,,,,,false,2023-11-14,,,,,,,,,,,,
WO,4350,WO-4350,,,-,,,,SPA-LU,8042,SPA-LU08042,"System Administrator",Cerrado,"2024-01-18 17:42:00","2024-01-18 18:05:09",0408160318011_LU8042.PDF,0408160318011_LU8042.PDF,"Inspecciones (OCA)",NO,,,,,,,LO,3634,LO-003634,false,,,,,,false,2024-01-18,,,,,,,,,,,,
WO,3145,WO-3145,,,-,,,,SPA-GU,9112,SPA-GU09112,"System Administrator",Cerrado,"2023-11-14 18:59:20","2023-11-15 12:21:38",131113239612_GU9112.PDF,131113239612_GU9112.PDF,"Inspecciones (OCA)",NO,,,,,,14.07.2024,LO,2759,LO-002759,false,,,,,,false,2023-11-14,,,,,,,,,,,,
WO,2937,WO-2937,,,-,,,,SPA-MA,2905,SPA-MA02905,"System Administrator",Cerrado,"2023-11-14 18:54:44","2023-11-15 12:24:46","221718215735_REVISION_ANUAL_CT_MA2905_2021.PDF","221718215735_REVISION_ANUAL_CT_MA2905_2021.PDF","Revision (MTO)",NO,,,,,,,LO,3918,LO-003918,false,,,,,,false,2023-11-14,,,,,,,,,,,,
WO,1927,WO-1927,,,-,,,,SPA-AB,6003,SPA-AB06003,"System Administrator",Cerrado,"2023-11-14 18:30:58","2023-11-15 12:24:02","0709203514829_AB6003_INFORME_REVISION_LA_RODA_2021.DOC","0709203514829_AB6003_INFORME_REVISION_LA_RODA_2021.DOC","Revision (MTO)",NO,,,,,,,LO,41,LO-000041,false,,,,,,false,2023-11-14,,,,,,,,,,,,
WO,4482,WO-4482,SAR,140,SAR-000140,SPA-CO,9736,SPA-CO09736,,,,"DNO acceso OSP",Abierto,"2024-01-26 11:57:42","2024-01-26 12:03:26","DESMONTE REPETIDOR AVE","DESMONTE REPETIDOR AVE",Infraestructura,NO,,,,,,,,,-,false,,,,,,false,2024-01-26,,,,,,,,,,,,
WO,3585,WO-3585,,,-,,,,SPA-CO,6821,SPA-CO06821,"System Administrator",Cerrado,"2023-11-14 19:09:33","2023-11-15 12:18:45","3109141410830_CO6821-REVISION__MTO_-24-08-2022.PDF","3109141410830_CO6821-REVISION__MTO_-24-08-2022.PDF","Revision (MTO)",NO,,,,,,,LO,1606,LO-001606,false,,,,,,false,2023-11-14,,,,,,,,,,,,
WO,3827,WO-3827,,,-,,,,SPA-AL,8920,SPA-AL08920,"System Administrator",Cerrado,"2024-01-18 17:29:32","2024-01-18 17:59:47","09193820437_AL8920-REVISION__MTO_-09-08-2023.PDF","09193820437_AL8920-REVISION__MTO_-09-08-2023.PDF","Revision (MTO)",NO,,,,,,,LO,115,LO-000115,false,,,,,,false,2024-01-18,,,,,,,,,,,,
WO,2034,WO-2034,,,-,,,,SPA-HU,7132,SPA-HU07132,"System Administrator",Cerrado,"2023-11-14 18:33:32","2023-11-15 12:12:54","2112300211784_HU7132-INSPECCION__OCA_-12-06-2019.PDF","2112300211784_HU7132-INSPECCION__OCA_-12-06-2019.PDF","Inspecciones (OCA)",NO,,,,,,12.06.2022,LO,2849,LO-002849,false,,,,,,false,2023-11-14,,,,,,,,,,,,
WO,2055,WO-2055,,,-,,,,SPA-CO,6710,SPA-CO06710,"System Administrator",Cerrado,"2023-11-14 18:34:02","2023-11-15 12:18:17","2112300414140_CO6710-REVISION__MTO_-18-02-2019.PDF","2112300414140_CO6710-REVISION__MTO_-18-02-2019.PDF","Revision (MTO)",NO,,,,,,,LO,1597,LO-001597,false,,,,,,false,2023-11-14,,,,,,,,,,,,
WO,3382,WO-3382,,,-,,,,SPA-TO,72,SPA-TO00072,"System Administrator",Cerrado,"2023-11-14 19:04:52","2023-11-15 12:14:35","191404019077_TO0072-TOTEM.PDF","191404019077_TO0072-TOTEM.PDF","Revision (MTO)",NO,,,,,,,LO,6660,LO-006660,false,,,,,,false,2023-11-14,,,,,,,,,,,,
WO,3363,WO-3363,,,-,,,,SPA-CR,3314,SPA-CR03314,"System Administrator",Cerrado,"2023-11-14 19:04:26","2023-11-15 12:21:11","1909395023479_CR3314-TOTEM.PDF","1909395023479_CR3314-TOTEM.PDF","Revision (MTO)",NO,,,,,,,LO,1791,LO-001791,false,,,,,,false,2023-11-14,,,,,,,,,,,,
WO,2966,WO-2966,,,-,,,,SPA-HX,9404,SPA-HX09404,"System Administrator",Cerrado,"2023-11-14 18:55:25","2023-11-15 12:13:35","221259347776_REVISION_ANUAL_CT_HX9404_2021.PDF","221259347776_REVISION_ANUAL_CT_HX9404_2021.PDF","Revision (MTO)",NO,,,,,,,LO,2915,LO-002915,false,,,,,,false,2023-11-14,,,,,,,,,,,,
WO,2792,WO-2792,,,-,,,,SPA-SG,9541,SPA-SG09541,"System Administrator",Cerrado,"2023-11-14 18:51:20","2023-11-15 12:22:28","211234274489_SG9541-INSPECCION__OCA_-17-09-2020.PDF","211234274489_SG9541-INSPECCION__OCA_-17-09-2020.PDF","Inspecciones (OCA)",NO,,,,,,17.09.2023,LO,6083,LO-006083,false,,,,,,false,2023-11-14,,,,,,,,,,,,
WO,3228,WO-3228,,,-,,,,SPA-VA,2168,SPA-VA02168,"System Administrator",Cerrado,"2023-11-14 19:01:19","2023-11-15 12:12:58",0213382814285_VA2168.PDF,0213382814285_VA2168.PDF,"Revision (MTO)",NO,,,,,,,LO,7026,LO-007026,false,,,,,,false,2023-11-14,,,,,,,,,,,,
WO,3314,WO-3314,,,-,,,,SPA-CO,7244,SPA-CO07244,"System Administrator",Cerrado,"2023-11-14 19:03:19","2023-11-15 12:09:46","0813421726584_OCA_CT_CO7244_2022.PDF","0813421726584_OCA_CT_CO7244_2022.PDF","Inspecciones (OCA)",NO,,,,,,11.03.2025,LO,1661,LO-001661,false,,,,,,false,2023-11-14,,,,,,,,,,,,
WO,4155,WO-4155,,,-,,,,SPA-BU,4220,SPA-BU04220,"System Administrator",Cerrado,"2024-01-18 17:37:35","2024-01-18 18:03:11",0908312015200_BU4220.PDF,0908312015200_BU4220.PDF,"Revision (MTO)",NO,,,,,,28.10.2024,LO,692,LO-000692,false,,,,,,false,2024-01-18,,,,,,,,,,,,
WO,3226,WO-3226,,,-,,,,SPA-VA,2266,SPA-VA02266,"System Administrator",Cerrado,"2023-11-14 19:01:16","2023-11-15 12:24:16",021251333477_VA2266.PDF,021251333477_VA2266.PDF,"Revision (MTO)",NO,,,,,,,LO,7087,LO-007087,false,,,,,,false,2023-11-14,,,,,,,,,,,,
WO,1920,WO-1920,,,-,,,,SPA-AB,6326,SPA-AB06326,"System Administrator",Cerrado,"2023-11-14 18:30:48","2023-11-15 12:20:41","0709540225968_AB6326_INFORME_REVISION_ALBACETE_PINILLA_2021.DOC","0709540225968_AB6326_INFORME_REVISION_ALBACETE_PINILLA_2021.DOC","Revision (MTO)",NO,,,,,,,LO,68,LO-000068,false,,,,,,false,2023-11-14,,,,,,,,,,,,
WO,3862,WO-3862,,,-,,,,SPA-SG,9401,SPA-SG09401,"System Administrator",Cerrado,"2024-01-18 17:30:24","2024-01-18 18:00:10","2710463730846_PARTE_INCIDENCIA.PDF","2710463730846_PARTE_INCIDENCIA.PDF","Revision (MTO)",NO,,,,,,,LO,6078,LO-006078,false,,,,,,false,2024-01-18,,,,,,,,,,,,
WO,2940,WO-2940,,,-,,,,SPA-MA,2636,SPA-MA02636,"System Administrator",Cerrado,"2023-11-14 18:54:48","2023-11-15 12:22:59","221700122611_REVISION_VISUAL_CT_MA2636_2021.PDF","221700122611_REVISION_VISUAL_CT_MA2636_2021.PDF","Revision (MTO)",NO,,,,,,,LO,3864,LO-003864,false,,,,,,false,2023-11-14,,,,,,,,,,,,
WO,2465,WO-2465,,,-,,,,SPA-AB,6411,SPA-AB06411,"System Administrator",Cerrado,"2023-11-14 18:43:54","2023-11-15 12:09:57","2112305816760_AB6411-REVISION__MTO_-28-04-2020.DOC","2112305816760_AB6411-REVISION__MTO_-28-04-2020.DOC","Revision (MTO)",NO,,,,,,,LO,84,LO-000084,false,,,,,,false,2023-11-14,,,,,,,,,,,,
WO,4484,WO-4484,SAR,142,SAR-000142,SPA-SE,375,SPA-SE00375,,,,"DNO acceso OSP",Abierto,"2024-01-26 12:25:25","2024-01-26 12:32:52","443627  SE0375","Cambio de tiradas de 1 5/8 por perdida de servicio",Urgente,SI,,,,,,,,,-,false,,,,,,false,2024-01-26,,,,,,,,,,,,
WO,2999,WO-2999,,,-,,,,,,,"System Administrator",Cerrado,"2023-11-14 18:56:10","2023-11-15 12:08:30","220910356369_REVISION_VISUAL_CT_CA5403_2021.PDF","220910356369_REVISION_VISUAL_CT_CA5403_2021.PDF","Revision (MTO)",NO,,,,,,,,,-,false,,,,,,false,2023-11-14,,,,,,,,,,,,
WO,2714,WO-2714,,,-,,,,SPA-SE,1328,SPA-SE01328,"System Administrator",Cerrado,"2023-11-14 18:49:32","2023-11-15 12:16:21","2112312511833_SE1328-INSPECCION__OCA_-23-11-2020.PDF","2112312511833_SE1328-INSPECCION__OCA_-23-11-2020.PDF","Inspecciones (OCA)",NO,,,,,,23.11.2023,LO,5964,LO-005964,false,,,,,,false,2023-11-14,,,,,,,,,,,,
WO,1940,WO-1940,,,-,,,,SPA-AB,6326,SPA-AB06326,"System Administrator",Cerrado,"2023-11-14 18:31:16","2023-11-15 12:07:50","2610132018891_AB6326_ALBACETE_CERTIFICADO_FAVORABLE_2021.PDF","2610132018891_AB6326_ALBACETE_CERTIFICADO_FAVORABLE_2021.PDF","Inspecciones (OCA)",NO,,,,,,10.03.2024,LO,68,LO-000068,false,,,,,,false,2023-11-14,,,,,,,,,,,,
WO,2804,WO-2804,,,-,,,,SPA-CX,3501,SPA-CX03501,"System Administrator",Cerrado,"2023-11-14 18:51:37","2023-11-15 12:18:23","211234276300_CX3501-INSPECCION__OCA_-15-09-2020.PDF","211234276300_CX3501-INSPECCION__OCA_-15-09-2020.PDF","Inspecciones (OCA)",NO,,,,,,15.09.2023,LO,2287,LO-002287,false,,,,,,false,2023-11-14,,,,,,,,,,,,
WO,3322,WO-3322,,,-,,,,SPA-CO,7209,SPA-CO07209,"System Administrator",Cerrado,"2023-11-14 19:03:30","2023-11-15 12:12:39","0813473724970_OCA_CT_CO7209_2022.PDF","0813473724970_OCA_CT_CO7209_2022.PDF","Inspecciones (OCA)",NO,,,,,,10.03.2025,LO,1647,LO-001647,false,,,,,,false,2023-11-14,,,,,,,,,,,,
WO,4215,WO-4215,,,-,,,,SPA-TO,503,SPA-TO00503,"System Administrator",Cerrado,"2024-01-18 17:38:58","2024-01-18 18:03:48","040910416748_CERT_AT-TO-026-2_22_TOTEM_TO0503_ALAMEDA_DE_LA_SAGRA_CT.PDF","040910416748_CERT_AT-TO-026-2_22_TOTEM_TO0503_ALAMEDA_DE_LA_SAGRA_CT.PDF","Inspecciones (OCA)",NO,,,,,,,LO,6719,LO-006719,false,,,,,,false,2024-01-18,,,,,,,,,,,,
WO,3634,WO-3634,,,-,,,,SPA-MA,2926,SPA-MA02926,"System Administrator",Cerrado,"2023-11-14 19:10:40","2023-11-15 12:25:05","131137597343_MA2926-REVISION__MTO_-01-09-2022.PDF","131137597343_MA2926-REVISION__MTO_-01-09-2022.PDF","Revision (MTO)",NO,,,,,,,LO,3930,LO-003930,false,,,,,,false,2023-11-14,,,,,,,,,,,,
WO,2132,WO-2132,,,-,,,,SPA-AV,8734,SPA-AV08734,"System Administrator",Cerrado,"2023-11-14 18:35:55","2023-11-15 12:04:51","2112302431493_AV8734-REVISION__MTO_-08-08-2019.PDF","2112302431493_AV8734-REVISION__MTO_-08-08-2019.PDF","Revision (MTO)",NO,,,,,,,LO,206,LO-000206,false,,,,,,false,2023-11-14,,,,,,,,,,,,
WO,2410,WO-2410,,,-,,,,SPA-CU,8328,SPA-CU08328,"System Administrator",Cerrado,"2023-11-14 18:42:31","2023-11-15 12:25:26","211230523917_CU8328-REVISION__MTO_-12-03-2019.PDF","211230523917_CU8328-REVISION__MTO_-12-03-2019.PDF","Revision (MTO)",NO,,,,,,,LO,1986,LO-001986,false,,,,,,false,2023-11-14,,,,,,,,,,,,
WO,2076,WO-2076,,,-,,,,SPA-VI,8747,SPA-VI08747,"System Administrator",Cerrado,"2023-11-14 18:34:31","2023-11-15 12:13:42","2112300819926_VI8747-INSPECCION__OCA_-17-01-2020.PDF","2112300819926_VI8747-INSPECCION__OCA_-17-01-2020.PDF","Inspecciones (OCA)",NO,,,,,,17.01.2023,LO,7182,LO-007182,false,,,,,,false,2023-11-14,,,,,,,,,,,,
WO,2806,WO-2806,,,-,,,,SPA-CX,986,SPA-CX00986,"System Administrator",Cerrado,"2023-11-14 18:51:40","2023-11-15 12:17:00","2112342716853_CX0986-REVISION__MTO_-11-05-2020.PDF","2112342716853_CX0986-REVISION__MTO_-11-05-2020.PDF","Revision (MTO)",NO,,,,,,,LO,2184,LO-002184,false,,,,,,false,2023-11-14,,,,,,,,,,,,
WO,3938,WO-3938,,,-,,,,SPA-CU,8496,SPA-CU08496,"System Administrator",Cerrado,"2024-01-18 17:32:17","2024-01-18 18:00:57","031545493269_CU8496-REV_MTO_21-03-2023.PDF","031545493269_CU8496-REV_MTO_21-03-2023.PDF","Revision (MTO)",NO,,,,,,,LO,2019,LO-002019,false,,,,,,false,2024-01-18,,,,,,,,,,,,
WO,2949,WO-2949,,,-,,,,SPA-SE,128,SPA-SE00128,"System Administrator",Cerrado,"2023-11-14 18:55:01","2023-11-15 12:11:10","221416289821_REVISION_ANUAL_CT_SE0128_2021.PDF","221416289821_REVISION_ANUAL_CT_SE0128_2021.PDF","Revision (MTO)",NO,,,,,,,LO,5786,LO-005786,false,,,,,,false,2023-11-14,,,,,,,,,,,,
WO,2408,WO-2408,,,-,,,,SPA-CU,8336,SPA-CU08336,"System Administrator",Cerrado,"2023-11-14 18:42:28","2023-11-15 12:07:16","2112305225841_CU8336-REVISION__MTO_-12-03-2019.PDF","2112305225841_CU8336-REVISION__MTO_-12-03-2019.PDF","Revision (MTO)",NO,,,,,,,LO,1989,LO-001989,false,,,,,,false,2023-11-14,,,,,,,,,,,,
WO,3989,WO-3989,,,-,,,,SPA-VX,44,SPA-VX00044,"System Administrator",Cerrado,"2024-01-18 17:33:34","2024-01-18 18:01:29","2609223230495_VX0044_BOLBAITE_INFORME_REVISION_2023.PDF","2609223230495_VX0044_BOLBAITE_INFORME_REVISION_2023.PDF","Revision (MTO)",NO,,,,,,03.05.2024,LO,7232,LO-007232,false,,,,,,false,2024-01-18,,,,,,,,,,,,
WO,4069,WO-4069,,,-,,,,SPA-AX,6398,SPA-AX06398,"System Administrator",Cerrado,"2024-01-18 17:35:29","2024-01-18 18:02:18","251024285039_AX6398_INFORME_MANTENIMIENTO_VILLAJOYOSA_A_7__2023.PDF","251024285039_AX6398_INFORME_MANTENIMIENTO_VILLAJOYOSA_A_7__2023.PDF","Revision (MTO)",NO,,,,,,19.07.2024,LO,358,LO-000358,false,,,,,,false,2024-01-18,,,,,,,,,,,,
WO,4545,WO-4545,,,-,,,,,,,"DNO acceso OSP",Cancelado,"2024-01-29 10:55:52","2024-01-29 11:21:54","442874   MX3763","Instalación bandejas más ATN",Auditoría,NO,,,,,,,,,-,false,,,,,,false,2024-01-29,,,,,,,,,,,,
WO,3177,WO-3177,,,-,,,,SPA-GU,9145,SPA-GU09145,"System Administrator",Cerrado,"2023-11-14 19:00:08","2023-11-15 12:12:30",251316114662_GU9145.PDF,251316114662_GU9145.PDF,"Inspecciones (OCA)",NO,,,,,,15.07.2024,LO,2777,LO-002777,false,,,,,,false,2023-11-14,,,,,,,,,,,,
WO,4573,WO-4573,SAR,232,SAR-000232,SPA-AX,206,SPA-AX00206,,,,"Patricia Andreia Enes do Vale Neiva",Abierto,"2024-01-29 13:26:02","2024-01-29 13:26:02","CSG_ AX0206RT1_SWAP_IYC","CAMBIO DE SWITCH",Obsolescencia,NO,,,,,,,,,-,false,,,,,,false,2024-01-29,,,,,,,,,,,,
WO,2886,WO-2886,,,-,,,,SPA-AV,8485,SPA-AV08485,"System Administrator",Cerrado,"2023-11-14 18:53:34","2023-11-15 12:18:42",231321403126_AV8485.PDF,231321403126_AV8485.PDF,"Revision (MTO)",NO,,,,,,,LO,166,LO-000166,false,,,,,,false,2023-11-14,,,,,,,,,,,,
WO,2995,WO-2995,,,-,,,,,,,"System Administrator",Cerrado,"2023-11-14 18:56:05","2023-11-15 12:23:23","2209460230840_REVISION_VISUAL_CT_CC9721_2021.PDF","2209460230840_REVISION_VISUAL_CT_CC9721_2021.PDF","Revision (MTO)",NO,,,,,,,,,-,false,,,,,,false,2023-11-14,,,,,,,,,,,,
WO,2092,WO-2092,,,-,,,,SPA-SG,9124,SPA-SG09124,"System Administrator",Cerrado,"2023-11-14 18:34:54","2023-11-15 12:13:09","2112301017465_SG9124-INCIDENCIA-09-03-2020.PDF","2112301017465_SG9124-INCIDENCIA-09-03-2020.PDF","Revision (MTO)",NO,,,,,,,LO,6042,LO-006042,false,,,,,,false,2023-11-14,,,,,,,,,,,,
WO,3326,WO-3326,,,-,,,,SPA-JX,7933,SPA-JX07933,"System Administrator",Cerrado,"2023-11-14 19:03:36","2023-11-15 12:05:05","0814015427782_OCA_LAT_JX7933_2022.PDF","0814015427782_OCA_LAT_JX7933_2022.PDF","Inspecciones (OCA)",NO,,,,,,10.03.2025,LO,3299,LO-003299,false,,,,,,false,2023-11-14,,,,,,,,,,,,
WO,2523,WO-2523,,,-,,,,SPA-VI,8712,SPA-VI08712,"System Administrator",Cerrado,"2023-11-14 18:45:14","2023-11-15 12:06:56","2112310725502_VI8712-INCIDENCIA-13-08-2020.PDF","2112310725502_VI8712-INCIDENCIA-13-08-2020.PDF","Revision (MTO)",NO,,,,,,,LO,7165,LO-007165,false,,,,,,false,2023-11-14,,,,,,,,,,,,
WO,4235,WO-4235,,,-,,,,SPA-JX,67,SPA-JX00067,"System Administrator",Cerrado,"2024-01-18 17:39:26","2024-01-18 18:04:01","0807351128728_JX0067_01331492_TOTEM_TOWERCO_BAILEN_CT_2V_FAV_16-06-2023.PDF","0807351128728_JX0067_01331492_TOTEM_TOWERCO_BAILEN_CT_2V_FAV_16-06-2023.PDF","Inspecciones (OCA)",NO,,,,,,,LO,3286,LO-003286,false,,,,,,false,2024-01-18,,,,,,,,,,,,
WO,2674,WO-2674,,,-,,,,SPA-BU,4210,SPA-BU04210,"System Administrator",Cerrado,"2023-11-14 18:48:38","2023-11-15 12:24:05","2112312228392_BU4210-REVISION__MTO_-20-07-2020.PDF","2112312228392_BU4210-REVISION__MTO_-20-07-2020.PDF","Revision (MTO)",NO,,,,,,,LO,688,LO-000688,false,,,,,,false,2023-11-14,,,,,,,,,,,,
WO,1956,WO-1956,,,-,,,,SPA-TE,19,SPA-TE00019,"System Administrator",Cerrado,"2023-11-14 18:31:37","2023-11-15 12:08:04","2810055419688_500AT0016211_BAÑON_FIRMADO__TE0019.PDF","2810055419688_500AT0016211_BAÑON_FIRMADO__TE0019.PDF","Inspecciones (OCA)",NO,,,,,,11.05.2024,LO,6402,LO-006402,false,,,,,,false,2023-11-14,,,,,,,,,,,,
WO,2113,WO-2113,,,-,,,,SPA-BU,4209,SPA-BU04209,"System Administrator",Cerrado,"2023-11-14 18:35:25","2023-11-15 12:23:58","2112302120663_BU4209-REVISION__MTO_-01-08-2018.PDF","2112302120663_BU4209-REVISION__MTO_-01-08-2018.PDF","Revision (MTO)",NO,,,,,,,LO,687,LO-000687,false,,,,,,false,2023-11-14,,,,,,,,,,,,
WO,2645,WO-2645,,,-,,,,SPA-BU,4126,SPA-BU04126,"System Administrator",Cerrado,"2023-11-14 18:47:59","2023-11-15 12:24:10","2112312110951_BU4126-INSPECCION__OCA_-09-10-2020.PDF","2112312110951_BU4126-INSPECCION__OCA_-09-10-2020.PDF","Inspecciones (OCA)",NO,,,,,,09.10.2023,LO,642,LO-000642,false,,,,,,false,2023-11-14,,,,,,,,,,,,
WO,1910,WO-1910,,,-,,,,SPA-AL,9901,SPA-AL09901,"System Administrator",Cerrado,"2023-11-14 18:30:34","2023-11-15 12:14:04","2212442922331_OCA_CT_AL9901_2021.PDF","2212442922331_OCA_CT_AL9901_2021.PDF","Inspecciones (OCA)",NO,,,,,,10.11.2024,LO,134,LO-000134,false,,,,,,false,2023-11-14,,,,,,,,,,,,
WO,4186,WO-4186,,,-,,,,SPA-ZA,7002,SPA-ZA07002,"System Administrator",Cerrado,"2024-01-18 17:38:19","2024-01-18 18:03:30",0609044623828_ZA7002.PDF,0609044623828_ZA7002.PDF,"Revision (MTO)",NO,,,,,,30.09.2024,LO,7660,LO-007660,false,,,,,,false,2024-01-18,,,,,,,,,,,,
WO,2646,WO-2646,,,-,,,,SPA-BU,4126,SPA-BU04126,"System Administrator",Cerrado,"2023-11-14 18:48:00","2023-11-15 12:24:03","2112312123101_BU4126-REVISION__MTO_-20-07-2020.PDF","2112312123101_BU4126-REVISION__MTO_-20-07-2020.PDF","Revision (MTO)",NO,,,,,,,LO,642,LO-000642,false,,,,,,false,2023-11-14,,,,,,,,,,,,
WO,4323,WO-4323,,,-,,,,SPA-CO,7219,SPA-CO07219,"System Administrator",Cerrado,"2024-01-18 17:41:24","2024-01-18 18:04:53","1708320618429_01370310_ORANGE_ESPAGNE__SA_CO7219_LAMT_PERIO_FAV.PDF","1708320618429_01370310_ORANGE_ESPAGNE__SA_CO7219_LAMT_PERIO_FAV.PDF","Inspecciones (OCA)",NO,,,,,,,LO,1652,LO-001652,false,,,,,,false,2024-01-18,,,,,,,,,,,,
WO,2367,WO-2367,,,-,,,,SPA-PO,6127,SPA-PO06127,"System Administrator",Cerrado,"2023-11-14 18:41:31","2023-11-15 12:24:52","211230483730_PO6127-INCIDENCIA-25-04-2020.PDF","211230483730_PO6127-INCIDENCIA-25-04-2020.PDF","Revision (MTO)",NO,,,,,,,LO,5529,LO-005529,false,,,,,,false,2023-11-14,,,,,,,,,,,,
WO,3249,WO-3249,,,-,,,,SPA-SE,2202,SPA-SE02202,"System Administrator",Cerrado,"2023-11-14 19:01:48","2023-11-15 12:17:23","22102046216_OCA-CT-SE2202_2021.PDF","22102046216_OCA-CT-SE2202_2021.PDF","Inspecciones (OCA)",NO,,,,,,13.12.2024,LO,6001,LO-006001,false,,,,,,false,2023-11-14,,,,,,,,,,,,
WO,3239,WO-3239,,,-,,,,SPA-SG,9194,SPA-SG09194,"System Administrator",Cerrado,"2023-11-14 19:01:35","2023-11-15 12:07:27",031023334661_SG9194.PDF,031023334661_SG9194.PDF,"Revision (MTO)",NO,,,,,,,LO,6066,LO-006066,false,,,,,,false,2023-11-14,,,,,,,,,,,,
WO,4489,WO-4489,SAR,147,SAR-000147,SPA-BX,1011,SPA-BX01011,,,,"DNO acceso OSP",Abierto,"2024-01-26 13:05:22","2024-01-26 13:20:26","442846  BX1011","Acceso para instalación del nuevo TP4100 - CAT61T01. Se solicita acceso a Sala Principal. SE SOLICITA PRÉSTAMO DE LLAVE A RECOGER EN GARCILASO.","Revision (MTO)",NO,,,,,,,,,-,false,,,,,,false,2024-01-26,,,,,,,,,,,,
WO,3151,WO-3151,,,-,,,,SPA-AB,6420,SPA-AB06420,"System Administrator",Cerrado,"2023-11-14 18:59:29","2023-11-15 12:13:24","1613182523371_AB6420_LA_LA_RODA_INFORME.PDF","1613182523371_AB6420_LA_LA_RODA_INFORME.PDF","Revision (MTO)",NO,,,,,,,LO,86,LO-000086,false,,,,,,false,2023-11-14,,,,,,,,,,,,
WO,3198,WO-3198,,,-,,,,SPA-SG,9159,SPA-SG09159,"System Administrator",Cerrado,"2023-11-14 19:00:37","2023-11-15 12:14:20",070911248552_SG9159.PDF,070911248552_SG9159.PDF,"Revision (MTO)",NO,,,,,,,LO,6056,LO-006056,false,,,,,,false,2023-11-14,,,,,,,,,,,,
WO,2649,WO-2649,,,-,,,,SPA-BU,4154,SPA-BU04154,"System Administrator",Cerrado,"2023-11-14 18:48:04","2023-11-15 12:05:18","2112312115441_BU4154-INSPECCION__OCA_-15-10-2020.PDF","2112312115441_BU4154-INSPECCION__OCA_-15-10-2020.PDF","Inspecciones (OCA)",NO,,,,,,15.10.2023,LO,663,LO-000663,false,,,,,,false,2023-11-14,,,,,,,,,,,,
WO,3588,WO-3588,,,-,,,,SPA-CO,7237,SPA-CO07237,"System Administrator",Cerrado,"2023-11-14 19:09:37","2023-11-15 12:05:33","0612141512400_CO7237-REVISION__MTO_-25-08-2022.PDF","0612141512400_CO7237-REVISION__MTO_-25-08-2022.PDF","Revision (MTO)",NO,,,,,,,LO,1657,LO-001657,false,,,,,,false,2023-11-14,,,,,,,,,,,,
WO,3257,WO-3257,,,-,,,,SPA-LE,9743,SPA-LE09743,"System Administrator",Cerrado,"2023-11-14 19:01:59","2023-11-15 12:24:18",1410060628821_LE9743.PDF,1410060628821_LE9743.PDF,"Revision (MTO)",NO,,,,,,,LO,3511,LO-003511,false,,,,,,false,2023-11-14,,,,,,,,,,,,
WO,4309,WO-4309,,,-,,,,SPA-BU,4255,SPA-BU04255,"System Administrator",Cerrado,"2024-01-18 17:41:05","2024-01-18 18:04:45",1408512223661_BU4255.PDF,1408512223661_BU4255.PDF,"Inspecciones (OCA)",NO,,,,,,,LO,713,LO-000713,false,,,,,,false,2024-01-18,,,,,,,,,,,,
WO,2416,WO-2416,,,-,,,,SPA-CU,15,SPA-CU00015,"System Administrator",Cerrado,"2023-11-14 18:42:40","2023-11-15 12:11:22","211230526932_CU0015-REVISION__MTO_-12-03-2019.PDF","211230526932_CU0015-REVISION__MTO_-12-03-2019.PDF","Revision (MTO)",NO,,,,,,,LO,1960,LO-001960,false,,,,,,false,2023-11-14,,,,,,,,,,,,
WO,2343,WO-2343,,,-,,,,SPA-TO,546,SPA-TO00546,"System Administrator",Cerrado,"2023-11-14 18:40:56","2023-11-15 12:06:17","2112304618008_TO0546-REVISION__MTO_-04-02-2019.PDF","2112304618008_TO0546-REVISION__MTO_-04-02-2019.PDF","Revision (MTO)",NO,,,,,,,LO,6746,LO-006746,false,,,,,,false,2023-11-14,,,,,,,,,,,,
WO,4616,WO-4616,SAR,285,SAR-000285,SPA-CR,4011,SPA-CR04011,,,,"Jose antonio Ruiz leon",Abierto,"2024-01-30 08:12:12","2024-01-30 10:48:15",CR4011,"Desmantelamiento CR4011",Urgente,NO,"2024-02-05 08:00:00","2024-02-09 15:00:00","2024-02-08 08:00:00",Favorable,,,,,-,false,,,,,,false,2024-01-30,,,,,,,,,,,,
WO,2962,WO-2962,,,-,,,,SPA-HX,9477,SPA-HX09477,"System Administrator",Cerrado,"2023-11-14 18:55:19","2023-11-15 12:06:57","2213332015586_REVISION_ANUAL_CT_HX9477_2021.PDF","2213332015586_REVISION_ANUAL_CT_HX9477_2021.PDF","Revision (MTO)",NO,,,,,,,LO,2932,LO-002932,false,,,,,,false,2023-11-14,,,,,,,,,,,,
WO,4432,WO-4432,SAR,54,SAR-000054,SPA-GC,56,SPA-GC00056,,,,"Marino Barrera",Abierto,"2024-01-23 12:54:51","2024-01-23 13:00:02","Apagado total OSP-GC00056","Apagado total OSP-GC00056",Infraestructura,NO,"2024-01-24 09:00:00","2024-02-02 19:00:00",,,,,,,-,false,,,,,,false,2024-01-23,,,,,,,,,,,,
WO,2743,WO-2743,,,-,,,,SPA-HX,9611,SPA-HX09611,"System Administrator",Cerrado,"2023-11-14 18:50:12","2023-11-15 12:23:53","2112312712157_HX9611-INSPECCION__OCA_-21-12-2020.PDF","2112312712157_HX9611-INSPECCION__OCA_-21-12-2020.PDF","Inspecciones (OCA)",NO,,,,,,21.12.2023,LO,2952,LO-002952,false,,,,,,false,2023-11-14,,,,,,,,,,,,
WO,3661,WO-3661,,,-,,,,SPA-BU,4209,SPA-BU04209,"System Administrator",Cerrado,"2023-11-14 19:11:19","2023-11-15 12:09:47",1608185731701_BU4209.PDF,1608185731701_BU4209.PDF,"Revision (MTO)",NO,,,,,,,LO,687,LO-000687,false,,,,,,false,2023-11-14,,,,,,,,,,,,
WO,4278,WO-4278,,,-,,,,SPA-SG,9159,SPA-SG09159,"System Administrator",Cerrado,"2024-01-18 17:40:24","2024-01-18 18:04:27",2712074213084_SG9159.PDF,2712074213084_SG9159.PDF,"Inspecciones (OCA)",NO,,,,,,,LO,6056,LO-006056,false,,,,,,false,2024-01-18,,,,,,,,,,,,
WO,3920,WO-3920,,,-,,,,SPA-CR,3300,SPA-CR03300,"System Administrator",Cerrado,"2024-01-18 17:31:50","2024-01-18 18:00:46","0313410025008_CR3300-REV_MTO_13-03-2023.PDF","0313410025008_CR3300-REV_MTO_13-03-2023.PDF","Revision (MTO)",NO,,,,,,,LO,1782,LO-001782,false,,,,,,false,2024-01-18,,,,,,,,,,,,
WO,1886,WO-1886,,,-,,,,SPA-SG,9544,SPA-SG09544,"System Administrator",Cerrado,"2023-11-14 18:30:00","2023-11-15 12:21:10",2310383723922_SG9544.PDF,2310383723922_SG9544.PDF,"Revision (MTO)",NO,,,,,,,LO,6086,LO-006086,false,,,,,,false,2023-11-14,,,,,,,,,,,,
WO,4128,WO-4128,,,-,,,,SPA-AB,8871,SPA-AB08871,"System Administrator",Cerrado,"2024-01-18 17:36:55","2024-01-18 18:02:54","0416473728357_AB8871_-_REV_MTO_25-09-23.PDF","0416473728357_AB8871_-_REV_MTO_25-09-23.PDF","Revision (MTO)",NO,,,,,,25.09.2024,LO,92,LO-000092,false,,,,,,false,2024-01-18,,,,,,,,,,,,
WO,2639,WO-2639,,,-,,,,SPA-BU,4272,SPA-BU04272,"System Administrator",Cerrado,"2023-11-14 18:47:51","2023-11-15 12:15:48","2112312018738_BU4272-INSPECCION__OCA_-07-10-2020.PDF","2112312018738_BU4272-INSPECCION__OCA_-07-10-2020.PDF","Inspecciones (OCA)",NO,,,,,,07.10.2023,LO,720,LO-000720,false,,,,,,false,2023-11-14,,,,,,,,,,,,
WO,3816,WO-3816,,,-,,,,SPA-GU,9145,SPA-GU09145,"System Administrator",Cerrado,"2024-01-18 17:29:15","2024-01-18 17:59:40","1910123712324_GU9145-REV_MTO_27-03-2023.PDF","1910123712324_GU9145-REV_MTO_27-03-2023.PDF","Revision (MTO)",NO,,,,,,,LO,2777,LO-002777,false,,,,,,false,2024-01-18,,,,,,,,,,,,
WO,2371,WO-2371,,,-,,,,SPA-CR,3096,SPA-CR03096,"System Administrator",Cerrado,"2023-11-14 18:41:36","2023-11-15 12:21:31","2112304814118_CR3096-REVISION__MTO_-11-02-2019.PDF","2112304814118_CR3096-REVISION__MTO_-11-02-2019.PDF","Revision (MTO)",NO,,,,,,,LO,1751,LO-001751,false,,,,,,false,2023-11-14,,,,,,,,,,,,
WO,4588,WO-4588,SAR,250,SAR-000250,SPA-BX,378,SPA-BX00378,,,,"Neus Crespo barbera",Abierto,"2024-01-29 14:33:14","2024-01-29 16:34:44","Revisión equipos","Revisión equipos",Urgente,NO,,,,,,,,,-,false,,,,,,false,2024-01-29,,,,,,,,,,,,
WO,2717,WO-2717,,,-,,,,SPA-BA,412,SPA-BA00412,"System Administrator",Cerrado,"2023-11-14 18:49:36","2023-11-15 12:17:02","2112312616320_BA0412-INSPECCION__OCA_-31-10-2019.PDF","2112312616320_BA0412-INSPECCION__OCA_-31-10-2019.PDF","Inspecciones (OCA)",NO,,,,,,31.10.2022,LO,429,LO-000429,false,,,,,,false,2023-11-14,,,,,,,,,,,,
WO,1904,WO-1904,,,-,,,,SPA-GR,7606,SPA-GR07606,"System Administrator",Cerrado,"2023-11-14 18:30:26","2023-11-15 12:18:32","221303167866_OCA_CT_GR7606_2021.PDF","221303167866_OCA_CT_GR7606_2021.PDF","Inspecciones (OCA)",NO,,,,,,09.11.2024,LO,2727,LO-002727,false,,,,,,false,2023-11-14,,,,,,,,,,,,
WO,3238,WO-3238,,,-,,,,SPA-VA,2981,SPA-VA02981,"System Administrator",Cerrado,"2023-11-14 19:01:33","2023-11-15 12:12:56",021543356161_VA2981.PDF,021543356161_VA2981.PDF,"Revision (MTO)",NO,,,,,,,LO,7110,LO-007110,false,,,,,,false,2023-11-14,,,,,,,,,,,,
WO,3834,WO-3834,,,-,,,,SPA-CO,7237,SPA-CO07237,"System Administrator",Cerrado,"2024-01-18 17:29:43","2024-01-18 17:59:51","101236381636_CO7237-REVISION__MTO_-08-08-2023.PDF","101236381636_CO7237-REVISION__MTO_-08-08-2023.PDF","Revision (MTO)",NO,,,,,,,LO,1657,LO-001657,false,,,,,,false,2024-01-18,,,,,,,,,,,,
WO,4438,WO-4438,SAR,58,SAR-000058,SPA-BX,781,SPA-BX00781,,,,"Neus Crespo barbera",Abierto,"2024-01-24 09:40:14","2024-01-24 09:40:14","Cambio HW RRU","Cambio HW RRU",Normal,NO,,,,,2203E75455,,,,-,false,,,,,,false,2024-01-24,,,,,,,,,,,,
WO,2614,WO-2614,,,-,,,,SPA-AV,8943,SPA-AV08943,"System Administrator",Cerrado,"2023-11-14 18:47:17","2023-11-15 12:19:10","2112311714318_AV8943-INSPECCION__OCA_-07-10-2020.PDF","2112311714318_AV8943-INSPECCION__OCA_-07-10-2020.PDF","Inspecciones (OCA)",NO,,,,,,07.10.2023,LO,222,LO-000222,false,,,,,,false,2023-11-14,,,,,,,,,,,,
WO,2108,WO-2108,,,-,,,,SPA-BU,4250,SPA-BU04250,"System Administrator",Cerrado,"2023-11-14 18:35:18","2023-11-15 12:24:09","2112302028768_BU4250-REVISION__MTO_-10-08-2018.PDF","2112302028768_BU4250-REVISION__MTO_-10-08-2018.PDF","Revision (MTO)",NO,,,,,,,LO,711,LO-000711,false,,,,,,false,2023-11-14,,,,,,,,,,,,
WO,4164,WO-4164,,,-,,,,SPA-BU,4255,SPA-BU04255,"System Administrator",Cerrado,"2024-01-18 17:37:48","2024-01-18 18:03:17",140850371732_BU4255.PDF,140850371732_BU4255.PDF,"Revision (MTO)",NO,,,,,,28.10.2024,LO,713,LO-000713,false,,,,,,false,2024-01-18,,,,,,,,,,,,
WO,4519,WO-4519,,,-,,,,,,,"Francisca Alejandra Alvarado Saavedra",Abierto,"2024-01-28 08:24:54","2024-01-28 08:24:54","TT TITLE: OSP_RAN_DT_Islas Baleares_3 Estaciones Caidas","IB0029P2 sin gestion, caida intermitente, se tiene que levantar pasa cerrar el anillo y recuperar el impacto.",Urgente,SI,,,,,,,,,-,false,,,,,,false,2024-01-28,,,,,,,,,,,,
WO,2379,WO-2379,,,-,,,,SPA-CR,4005,SPA-CR04005,"System Administrator",Cerrado,"2023-11-14 18:41:48","2023-11-15 12:23:32","2112304913043_CR4005-REVISION__MTO_-11-02-2019.PDF","2112304913043_CR4005-REVISION__MTO_-11-02-2019.PDF","Revision (MTO)",NO,,,,,,,LO,1810,LO-001810,false,,,,,,false,2023-11-14,,,,,,,,,,,,
WO,2991,WO-2991,,,-,,,,SPA-CO,6821,SPA-CO06821,"System Administrator",Cerrado,"2023-11-14 18:56:00","2023-11-15 12:17:56","220956361281_REVISION_VISUAL_CT_CO6821_2021.PDF","220956361281_REVISION_VISUAL_CT_CO6821_2021.PDF","Revision (MTO)",NO,,,,,,,LO,1606,LO-001606,false,,,,,,false,2023-11-14,,,,,,,,,,,,
WO,2285,WO-2285,,,-,,,,SPA-LE,1715,SPA-LE01715,"System Administrator",Cerrado,"2023-11-14 18:39:32","2023-11-15 12:15:50","2112304129126_LE1715-REVISION__MTO_-10-06-2019.PDF","2112304129126_LE1715-REVISION__MTO_-10-06-2019.PDF","Revision (MTO)",NO,,,,,,,LO,3471,LO-003471,false,,,,,,false,2023-11-14,,,,,,,,,,,,
WO,2484,WO-2484,,,-,,,,SPA-MU,75,SPA-MU00075,"System Administrator",Cerrado,"2023-11-14 18:44:21","2023-11-15 12:22:40","2112310325598_MU0075-REVISION__MTO_-20-05-2020.DOC","2112310325598_MU0075-REVISION__MTO_-20-05-2020.DOC","Revision (MTO)",NO,,,,,,,LO,4054,LO-004054,false,,,,,,false,2023-11-14,,,,,,,,,,,,
WO,2041,WO-2041,,,-,,,,SPA-JX,8511,SPA-JX08511,"System Administrator",Cerrado,"2023-11-14 18:33:42","2023-11-15 12:23:14","211230038922_JX8511-REVISION__MTO_-26-04-2019.PDF","211230038922_JX8511-REVISION__MTO_-26-04-2019.PDF","Revision (MTO)",NO,,,,,,,LO,3340,LO-003340,false,,,,,,false,2023-11-14,,,,,,,,,,,,
WO,3544,WO-3544,,,-,,,,SPA-PO,7117,SPA-PO07117,"System Administrator",Cerrado,"2023-11-14 19:08:36","2023-11-15 12:09:56",0813303731819_PO7117.PDF,0813303731819_PO7117.PDF,"Revision (MTO)",NO,,,,,,,LO,5615,LO-005615,false,,,,,,false,2023-11-14,,,,,,,,,,,,
WO,2378,WO-2378,,,-,,,,SPA-BA,412,SPA-BA00412,"System Administrator",Cerrado,"2023-11-14 18:41:46","2023-11-15 12:10:35","2112304925679_BA0412-REVISION__MTO_-27-04-2020.PDF","2112304925679_BA0412-REVISION__MTO_-27-04-2020.PDF","Revision (MTO)",NO,,,,,,,LO,429,LO-000429,false,,,,,,false,2023-11-14,,,,,,,,,,,,
WO,3807,WO-3807,,,-,,,,SPA-ZX,564,SPA-ZX00564,"System Administrator",Cerrado,"2024-01-18 17:29:02","2024-01-18 17:59:35","0413123428720_ZX0564-REV_MTO_06-07-2022.PDF","0413123428720_ZX0564-REV_MTO_06-07-2022.PDF","Revision (MTO)",NO,,,,,,,LO,7791,LO-007791,false,,,,,,false,2024-01-18,,,,,,,,,,,,
WO,4004,WO-4004,,,-,,,,SPA-LE,651,SPA-LE00651,"System Administrator",Cerrado,"2024-01-18 17:33:55","2024-01-18 18:01:38",161349387506_LE0651.PDF,161349387506_LE0651.PDF,"Revision (MTO)",NO,,,,,,07.10.2024,LO,3412,LO-003412,false,,,,,,false,2024-01-18,,,,,,,,,,,,
WO,3506,WO-3506,,,-,,,,SPA-MX,1047,SPA-MX01047,"System Administrator",Cerrado,"2023-11-14 19:07:43","2023-11-15 12:21:34",1815511221069_MX1047.PDF,1815511221069_MX1047.PDF,"Inspecciones (OCA)",NO,,,,,,05.04.2025,LO,4538,LO-004538,false,,,,,,false,2023-11-14,,,,,,,,,,,,
WO,4417,WO-4417,SAR,38,SAR-000038,SPA-MX,390,SPA-MX00390,,,,"Miryam Burguillos Sanchez",Abierto,"2024-01-23 00:43:58","2024-01-23 00:49:02",MX0390,"recuperar el servicio",Urgente,SI,"2024-01-23 07:19:00","2024-01-25 00:00:00","2024-01-23 07:00:00",,2401Z96432,,,,-,false,,,,,,false,2024-01-23,,,,,,,,,,,,
WO,2695,WO-2695,,,-,,,,SPA-LE,9743,SPA-LE09743,"System Administrator",Cerrado,"2023-11-14 18:49:07","2023-11-15 12:21:39","211231247470_LE9743-REVISION__MTO_-23-06-2020.PDF","211231247470_LE9743-REVISION__MTO_-23-06-2020.PDF","Revision (MTO)",NO,,,,,,,LO,3511,LO-003511,false,,,,,,false,2023-11-14,,,,,,,,,,,,
WO,3798,WO-3798,,,-,,,,SPA-BU,4245,SPA-BU04245,"System Administrator",Cerrado,"2024-01-18 17:28:49","2024-01-18 17:59:29","0813010223887_BU4245-DEFECTOS_CORREGIDOS.PDF","0813010223887_BU4245-DEFECTOS_CORREGIDOS.PDF","Revision (MTO)",NO,,,,,,,LO,710,LO-000710,false,,,,,,false,2024-01-18,,,,,,,,,,,,
WO,2677,WO-2677,,,-,,,,SPA-BU,4202,SPA-BU04202,"System Administrator",Cerrado,"2023-11-14 18:48:42","2023-11-15 12:07:47","2112312322494_BU4202-INSPECCION__OCA_-12-10-2020.PDF","2112312322494_BU4202-INSPECCION__OCA_-12-10-2020.PDF","Inspecciones (OCA)",NO,,,,,,12.10.2023,LO,685,LO-000685,false,,,,,,false,2023-11-14,,,,,,,,,,,,
WO,2019,WO-2019,,,-,,,,SPA-TO,122,SPA-TO00122,"System Administrator",Cerrado,"2023-11-14 18:33:11","2023-11-15 12:20:29","2112300217095_TO0122-INSPECCION__OCA_-16-05-2019.PDF","2112300217095_TO0122-INSPECCION__OCA_-16-05-2019.PDF","Inspecciones (OCA)",NO,,,,,,16.05.2022,LO,6685,LO-006685,false,,,,,,false,2023-11-14,,,,,,,,,,,,
WO,3188,WO-3188,,,-,,,,SPA-GU,9167,SPA-GU09167,"System Administrator",Cerrado,"2023-11-14 19:00:23","2023-11-15 12:23:43",251329417347_GU9167.PDF,251329417347_GU9167.PDF,"Inspecciones (OCA)",NO,,,,,,15.07.2024,LO,2789,LO-002789,false,,,,,,false,2023-11-14,,,,,,,,,,,,
WO,3451,WO-3451,,,-,,,,SPA-BU,4365,SPA-BU04365,"System Administrator",Cerrado,"2023-11-14 19:06:28","2023-11-15 12:18:03","041429286889_PARTE_INCIDENCIA.PDF","041429286889_PARTE_INCIDENCIA.PDF","Revision (MTO)",NO,,,,,,,LO,751,LO-000751,false,,,,,,false,2023-11-14,,,,,,,,,,,,
WO,2031,WO-2031,,,-,,,,SPA-HU,7139,SPA-HU07139,"System Administrator",Cerrado,"2023-11-14 18:33:28","2023-11-15 12:20:06","2112300224676_HU7139-INSPECCION__OCA_-12-06-2019.PDF","2112300224676_HU7139-INSPECCION__OCA_-12-06-2019.PDF","Inspecciones (OCA)",NO,,,,,,12.06.2022,LO,2852,LO-002852,false,,,,,,false,2023-11-14,,,,,,,,,,,,
WO,3652,WO-3652,,,-,,,,SPA-BU,4136,SPA-BU04136,"System Administrator",Cerrado,"2023-11-14 19:11:05","2023-11-15 12:12:31","151411189780_BU4136-CON_DEFECTOS.PDF","151411189780_BU4136-CON_DEFECTOS.PDF","Revision (MTO)",NO,,,,,,,LO,650,LO-000650,false,,,,,,false,2023-11-14,,,,,,,,,,,,
WO,2147,WO-2147,,,-,,,,SPA-BU,5209,SPA-BU05209,"System Administrator",Cerrado,"2023-11-14 18:36:17","2023-11-15 12:08:43","2112302616225_BU5209-REVISION__MTO_-08-08-2019.PDF","2112302616225_BU5209-REVISION__MTO_-08-08-2019.PDF","Revision (MTO)",NO,,,,,,,LO,767,LO-000767,false,,,,,,false,2023-11-14,,,,,,,,,,,,
WO,2801,WO-2801,,,-,,,,SPA-SG,9403,SPA-SG09403,"System Administrator",Cerrado,"2023-11-14 18:51:33","2023-11-15 12:23:57","2112342714609_SG9403-INSPECCION__OCA_-15-09-2020.PDF","2112342714609_SG9403-INSPECCION__OCA_-15-09-2020.PDF","Inspecciones (OCA)",NO,,,,,,15.09.2023,LO,6080,LO-006080,false,,,,,,false,2023-11-14,,,,,,,,,,,,
WO,3597,WO-3597,,,-,,,,SPA-JX,67,SPA-JX00067,"System Administrator",Cerrado,"2023-11-14 19:09:49","2023-11-15 12:11:50","0910160818962_JX0067-REVISION__MTO_-29-08-2022.PDF","0910160818962_JX0067-REVISION__MTO_-29-08-2022.PDF","Revision (MTO)",NO,,,,,,,LO,3286,LO-003286,false,,,,,,false,2023-11-14,,,,,,,,,,,,
WO,3557,WO-3557,,,-,,,,SPA-SO,9824,SPA-SO09824,"System Administrator",Cerrado,"2023-11-14 19:08:54","2023-11-15 12:16:27",241344395055_SO9824.PDF,241344395055_SO9824.PDF,"Revision (MTO)",NO,,,,,,,LO,6142,LO-006142,false,,,,,,false,2023-11-14,,,,,,,,,,,,
WO,2613,WO-2613,,,-,,,,SPA-AV,8478,SPA-AV08478,"System Administrator",Cerrado,"2023-11-14 18:47:16","2023-11-15 12:19:31","2112311710819_AV8478-INSPECCION__OCA_-07-10-2020.PDF","2112311710819_AV8478-INSPECCION__OCA_-07-10-2020.PDF","Inspecciones (OCA)",NO,,,,,,07.10.2023,LO,161,LO-000161,false,,,,,,false,2023-11-14,,,,,,,,,,,,
WO,2217,WO-2217,,,-,,,,SPA-SG,9194,SPA-SG09194,"System Administrator",Cerrado,"2023-11-14 18:37:56","2023-11-15 12:14:33","2112303328801_SG9194-REVISION__MTO_-08-08-2019.PDF","2112303328801_SG9194-REVISION__MTO_-08-08-2019.PDF","Revision (MTO)",NO,,,,,,,LO,6066,LO-006066,false,,,,,,false,2023-11-14,,,,,,,,,,,,
WO,4359,WO-4359,,,-,,,,SPA-BA,412,SPA-BA00412,"System Administrator",Cerrado,"2024-01-18 17:42:12","2024-01-18 18:05:14","171432439565_BA0412-OCA_2_-06AT-23836__1__18-11-2022_FAVORABLE.PDF","171432439565_BA0412-OCA_2_-06AT-23836__1__18-11-2022_FAVORABLE.PDF","Inspecciones (OCA)",NO,,,,,,,LO,429,LO-000429,false,,,,,,false,2024-01-18,,,,,,,,,,,,
WO,4609,WO-4609,SAR,270,SAR-000270,SPA-OR,9820,SPA-OR09820,,,,"DNO acceso OSP",Abierto,"2024-01-29 22:23:15","2024-01-29 22:28:44","444423   OR9820","AMF/Acceso-2024-01-15-0003/ Se necesita acceso para la OR9820. MANZANEDA. REVISION DE EQUIPOS POR AVERIA",Urgente,SI,,,,,,,,,-,false,,,,,,false,2024-01-29,,,,,,,,,,,,
WO,3247,WO-3247,,,-,,,,SPA-HX,9421,SPA-HX09421,"System Administrator",Cerrado,"2023-11-14 19:01:45","2023-11-15 12:25:29","221018545328_OCA-CT-HX9421_2021.PDF","221018545328_OCA-CT-HX9421_2021.PDF","Inspecciones (OCA)",NO,,,,,,15.12.2024,LO,2920,LO-002920,false,,,,,,false,2023-11-14,,,,,,,,,,,,
WO,2020,WO-2020,,,-,,,,SPA-TO,112,SPA-TO00112,"System Administrator",Cerrado,"2023-11-14 18:33:12","2023-11-15 12:17:47","211230027296_TO0112-INSPECCION__OCA_-16-05-2019.PDF","211230027296_TO0112-INSPECCION__OCA_-16-05-2019.PDF","Inspecciones (OCA)",NO,,,,,,16.05.2022,LO,6678,LO-006678,false,,,,,,false,2023-11-14,,,,,,,,,,,,
WO,2599,WO-2599,,,-,,,,SPA-AV,8503,SPA-AV08503,"System Administrator",Cerrado,"2023-11-14 18:46:57","2023-11-15 12:16:43","2112311715621_AV8503-INSPECCION__OCA_-12-10-2020.PDF","2112311715621_AV8503-INSPECCION__OCA_-12-10-2020.PDF","Inspecciones (OCA)",NO,,,,,,12.10.2023,LO,171,LO-000171,false,,,,,,false,2023-11-14,,,,,,,,,,,,
WO,3037,WO-3037,,,-,,,,SPA-SO,9803,SPA-SO09803,"System Administrator",Cerrado,"2023-11-14 18:57:02","2023-11-15 12:07:33",1808461423786_SO9803.PDF,1808461423786_SO9803.PDF,"Revision (MTO)",NO,,,,,,,LO,6135,LO-006135,false,,,,,,false,2023-11-14,,,,,,,,,,,,
WO,2885,WO-2885,,,-,,,,SPA-AV,8734,SPA-AV08734,"System Administrator",Cerrado,"2023-11-14 18:53:32","2023-11-15 12:24:46",231322248049_AV8734.PDF,231322248049_AV8734.PDF,"Revision (MTO)",NO,,,,,,,LO,206,LO-000206,false,,,,,,false,2023-11-14,,,,,,,,,,,,
WO,3635,WO-3635,,,-,,,,SPA-CA,5001,SPA-CA05001,"System Administrator",Cerrado,"2023-11-14 19:10:41","2023-11-15 12:09:21","1312201530111_CA5001-REVISION__MTO_-01-09-2022.PDF","1312201530111_CA5001-REVISION__MTO_-01-09-2022.PDF","Revision (MTO)",NO,,,,,,,LO,1511,LO-001511,false,,,,,,false,2023-11-14,,,,,,,,,,,,
WO,3965,WO-3965,,,-,,,,SPA-GU,9330,SPA-GU09330,"System Administrator",Cerrado,"2024-01-18 17:32:57","2024-01-18 18:01:13","1913041613448_GU9330-REV_MTO_27-03-2023.PDF","1913041613448_GU9330-REV_MTO_27-03-2023.PDF","Revision (MTO)",NO,,,,,,,LO,2828,LO-002828,false,,,,,,false,2024-01-18,,,,,,,,,,,,
WO,3895,WO-3895,,,-,,,,SPA-LE,1546,SPA-LE01546,"System Administrator",Cerrado,"2024-01-18 17:31:13","2024-01-18 18:00:31",1911312012176_LE1546.PDF,1911312012176_LE1546.PDF,"Revision (MTO)",NO,,,,,,,LO,3449,LO-003449,false,,,,,,false,2024-01-18,,,,,,,,,,,,
WO,4540,WO-4540,SAR,203,SAR-000203,SPA-MX,83,SPA-MX00083,,,,"DNO acceso OSP",Abierto,"2024-01-29 10:33:15","2024-01-29 10:36:41","444245   MX0083","NECESITAMOS ACCEDER A LAS GALERIAS DEL AYUNTAMIENTO PARA FUSIONAR Por favor revisar MX0083RT1 puerto 0/2/0 porque tenemos ETH_LOS",Urgente,NO,,,,,,,,,-,false,,,,,,false,2024-01-29,,,,,,,,,,,,
WO,4257,WO-4257,,,-,,,,SPA-ZA,6987,SPA-ZA06987,"System Administrator",Cerrado,"2024-01-18 17:39:56","2024-01-18 18:04:15",160843511272_ZA6987.PDF,160843511272_ZA6987.PDF,"Inspecciones (OCA)",NO,,,,,,,LO,7654,LO-007654,false,,,,,,false,2024-01-18,,,,,,,,,,,,
WO,2764,WO-2764,,,-,,,,SPA-SO,9888,SPA-SO09888,"System Administrator",Cerrado,"2023-11-14 18:50:41","2023-11-15 12:13:16","2112342526569_SO9888-INSPECCION__OCA_-18-08-2020.PDF","2112342526569_SO9888-INSPECCION__OCA_-18-08-2020.PDF","Inspecciones (OCA)",NO,,,,,,18.08.2023,LO,6163,LO-006163,false,,,,,,false,2023-11-14,,,,,,,,,,,,
WO,2773,WO-2773,,,-,,,,SPA-VA,2153,SPA-VA02153,"System Administrator",Cerrado,"2023-11-14 18:50:54","2023-11-15 12:08:49","211234266238_VA2153-INSPECCION__OCA_-03-10-2020.PDF","211234266238_VA2153-INSPECCION__OCA_-03-10-2020.PDF","Inspecciones (OCA)",NO,,,,,,03.10.2023,LO,7017,LO-007017,false,,,,,,false,2023-11-14,,,,,,,,,,,,
WO,3262,WO-3262,,,-,,,,SPA-LE,1691,SPA-LE01691,"System Administrator",Cerrado,"2023-11-14 19:02:06","2023-11-15 12:09:47",1410264730648_LE1691.PDF,1410264730648_LE1691.PDF,"Revision (MTO)",NO,,,,,,,LO,3464,LO-003464,false,,,,,,false,2023-11-14,,,,,,,,,,,,
WO,1941,WO-1941,,,-,,,,SPA-AB,6318,SPA-AB06318,"System Administrator",Cerrado,"2023-11-14 18:31:17","2023-11-15 12:15:07","261011229977_AB6318_EL_BONILLO_CERTIFICADO_FAVORABLE_2021.PDF","261011229977_AB6318_EL_BONILLO_CERTIFICADO_FAVORABLE_2021.PDF","Inspecciones (OCA)",NO,,,,,,10.03.2024,LO,65,LO-000065,false,,,,,,false,2023-11-14,,,,,,,,,,,,
WO,2731,WO-2731,,,-,,,,SPA-CO,7219,SPA-CO07219,"System Administrator",Cerrado,"2023-11-14 18:49:56","2023-11-15 12:25:21","2112312725476_CO7219-INSPECCION__OCA_-17-11-2020.PDF","2112312725476_CO7219-INSPECCION__OCA_-17-11-2020.PDF","Inspecciones (OCA)",NO,,,,,,17.11.2023,LO,1652,LO-001652,false,,,,,,false,2023-11-14,,,,,,,,,,,,
WO,2241,WO-2241,,,-,,,,SPA-CA,5001,SPA-CA05001,"System Administrator",Cerrado,"2023-11-14 18:38:30","2023-11-15 12:20:47","2112303621724_CA5001-REVISION__MTO_-20-01-2020.PDF","2112303621724_CA5001-REVISION__MTO_-20-01-2020.PDF","Revision (MTO)",NO,,,,,,,LO,1511,LO-001511,false,,,,,,false,2023-11-14,,,,,,,,,,,,
WO,3182,WO-3182,,,-,,,,SPA-GU,9161,SPA-GU09161,"System Administrator",Cerrado,"2023-11-14 19:00:15","2023-11-15 12:05:28",251324037176_GU9161.PDF,251324037176_GU9161.PDF,"Inspecciones (OCA)",NO,,,,,,15.07.2024,LO,2786,LO-002786,false,,,,,,false,2023-11-14,,,,,,,,,,,,
WO,2362,WO-2362,,,-,,,,SPA-TO,122,SPA-TO00122,"System Administrator",Cerrado,"2023-11-14 18:41:24","2023-11-15 12:25:08","2112304827504_TO0122-REVISION__MTO_-04-02-2019.PDF","2112304827504_TO0122-REVISION__MTO_-04-02-2019.PDF","Revision (MTO)",NO,,,,,,,LO,6685,LO-006685,false,,,,,,false,2023-11-14,,,,,,,,,,,,
WO,2864,WO-2864,,,-,,,,SPA-VI,8812,SPA-VI08812,"System Administrator",Cerrado,"2023-11-14 18:53:03","2023-11-15 12:24:24",040930203713_VI8812.PDF,040930203713_VI8812.PDF,"Revision (MTO)",NO,,,,,,,LO,7189,LO-007189,false,,,,,,false,2023-11-14,,,,,,,,,,,,
WO,3069,WO-3069,,,-,,,,,,,"System Administrator",Cerrado,"2023-11-14 18:57:40","2023-11-15 12:17:59","0412043826962_SA5602-REVISION__MTO_-28092015.PDF","0412043826962_SA5602-REVISION__MTO_-28092015.PDF","Revision (MTO)",NO,,,,,,,,,-,false,,,,,,false,2023-11-14,,,,,,,,,,,,
WO,4124,WO-4124,,,-,,,,SPA-AB,27,SPA-AB00027,"System Administrator",Cerrado,"2024-01-18 17:36:49","2024-01-18 18:02:52","0411073619207_AB0027-REV_MTO_25-09-2023.PDF","0411073619207_AB0027-REV_MTO_25-09-2023.PDF","Revision (MTO)",NO,,,,,,25.09.2024,LO,6,LO-000006,false,,,,,,false,2024-01-18,,,,,,,,,,,,
WO,3626,WO-3626,,,-,,,,SPA-ZX,621,SPA-ZX00621,"System Administrator",Cerrado,"2023-11-14 19:10:29","2023-11-15 12:06:36","1211365029738_ZX0621_-_AT-Z-11-22_-_EJEA_DE_LOS_CABALLEROS_-_OCA.PDF","1211365029738_ZX0621_-_AT-Z-11-22_-_EJEA_DE_LOS_CABALLEROS_-_OCA.PDF","Inspecciones (OCA)",NO,,,,,,05.07.2025,LO,7800,LO-007800,false,,,,,,false,2023-11-14,,,,,,,,,,,,
WO,2594,WO-2594,,,-,,,,SPA-CX,1761,SPA-CX01761,"System Administrator",Cerrado,"2023-11-14 18:46:50","2023-11-15 12:12:55","2112311725190_CX1761-INSPECCION__OCA_-14-09-2020.PDF","2112311725190_CX1761-INSPECCION__OCA_-14-09-2020.PDF","Inspecciones (OCA)",NO,,,,,,14.09.2023,LO,2223,LO-002223,false,,,,,,false,2023-11-14,,,,,,,,,,,,
WO,2396,WO-2396,,,-,,,,SPA-CU,8542,SPA-CU08542,"System Administrator",Cerrado,"2023-11-14 18:42:12","2023-11-15 12:08:54","2112305022348_CU8542-REVISION__MTO_-12-03-2019.PDF","2112305022348_CU8542-REVISION__MTO_-12-03-2019.PDF","Revision (MTO)",NO,,,,,,,LO,2042,LO-002042,false,,,,,,false,2023-11-14,,,,,,,,,,,,
WO,2348,WO-2348,,,-,,,,SPA-TO,1037,SPA-TO01037,"System Administrator",Cerrado,"2023-11-14 18:41:04","2023-11-15 12:07:13","2112304723188_TO1037-REVISION__MTO_-04-02-2019.PDF","2112304723188_TO1037-REVISION__MTO_-04-02-2019.PDF","Revision (MTO)",NO,,,,,,,LO,6760,LO-006760,false,,,,,,false,2023-11-14,,,,,,,,,,,,
WO,2705,WO-2705,,,-,,,,SPA-LE,1691,SPA-LE01691,"System Administrator",Cerrado,"2023-11-14 18:49:20","2023-11-15 12:11:22","2112312425386_LE1691-REVISION__MTO_-23-06-2020.PDF","2112312425386_LE1691-REVISION__MTO_-23-06-2020.PDF","Revision (MTO)",NO,,,,,,,LO,3464,LO-003464,false,,,,,,false,2023-11-14,,,,,,,,,,,,
WO,3928,WO-3928,,,-,,,,SPA-CU,15,SPA-CU00015,"System Administrator",Cerrado,"2024-01-18 17:32:02","2024-01-18 18:00:51","0315315416128_CU0015-REV_MTO_20-03-2023.PDF","0315315416128_CU0015-REV_MTO_20-03-2023.PDF","Revision (MTO)",NO,,,,,,,LO,1960,LO-001960,false,,,,,,false,2024-01-18,,,,,,,,,,,,
WO,3130,WO-3130,,,-,,,,SPA-CR,3314,SPA-CR03314,"System Administrator",Cerrado,"2023-11-14 18:59:00","2023-11-15 12:20:10",1110494918442_CR3314.PDF,1110494918442_CR3314.PDF,"Inspecciones (OCA)",NO,,,,,,28.07.2024,LO,1791,LO-001791,false,,,,,,false,2023-11-14,,,,,,,,,,,,
WO,2662,WO-2662,,,-,,,,SPA-BU,4138,SPA-BU04138,"System Administrator",Cerrado,"2023-11-14 18:48:22","2023-11-15 12:24:42","2112312127651_BU4138-REVISION__MTO_-20-07-2020.PDF","2112312127651_BU4138-REVISION__MTO_-20-07-2020.PDF","Revision (MTO)",NO,,,,,,,LO,651,LO-000651,false,,,,,,false,2023-11-14,,,,,,,,,,,,
WO,4062,WO-4062,,,-,,,,SPA-AV,8478,SPA-AV08478,"System Administrator",Cerrado,"2024-01-18 17:35:18","2024-01-18 18:02:14",3008335722496_AV8478.PDF,3008335722496_AV8478.PDF,"Revision (MTO)",NO,,,,,,18.11.2024,LO,161,LO-000161,false,,,,,,false,2024-01-18,,,,,,,,,,,,
WO,2530,WO-2530,,,-,,,,SPA-LE,1725,SPA-LE01725,"System Administrator",Cerrado,"2023-11-14 18:45:24","2023-11-15 12:10:06","211231096646_LE1725-INSPECCION__OCA_-10-08-2020.PDF","211231096646_LE1725-INSPECCION__OCA_-10-08-2020.PDF","Inspecciones (OCA)",NO,,,,,,10.08.2023,LO,3480,LO-003480,false,,,,,,false,2023-11-14,,,,,,,,,,,,
WO,3083,WO-3083,,,-,,,,SPA-SA,6435,SPA-SA06435,"System Administrator",Cerrado,"2023-11-14 18:57:56","2023-11-15 12:19:33","2812455724698_SA6435-TOTEM.PDF","2812455724698_SA6435-TOTEM.PDF","Inspecciones (OCA)",NO,,,,,,08.11.2025,LO,5720,LO-005720,false,,,,,,false,2023-11-14,,,,,,,,,,,,
WO,3848,WO-3848,,,-,,,,SPA-HX,9651,SPA-HX09651,"System Administrator",Cerrado,"2024-01-18 17:30:04","2024-01-18 18:00:00","1709412717628_HX9651-REVISION__MTO_-03-08-2023.PDF","1709412717628_HX9651-REVISION__MTO_-03-08-2023.PDF","Revision (MTO)",NO,,,,,,,LO,2966,LO-002966,false,,,,,,false,2024-01-18,,,,,,,,,,,,
WO,1905,WO-1905,,,-,,,,SPA-GR,6007,SPA-GR06007,"System Administrator",Cerrado,"2023-11-14 18:30:27","2023-11-15 12:14:36","2213021922862_OCA_LAT_GR6007_2021.PDF","2213021922862_OCA_LAT_GR6007_2021.PDF","Inspecciones (OCA)",NO,,,,,,09.11.2024,LO,2698,LO-002698,false,,,,,,false,2023-11-14,,,,,,,,,,,,
WO,3543,WO-3543,,,-,,,,SPA-PO,6326,SPA-PO06326,"System Administrator",Cerrado,"2023-11-14 19:08:35","2023-11-15 12:14:05",0813295626068_PO6326.PDF,0813295626068_PO6326.PDF,"Revision (MTO)",NO,,,,,,,LO,5553,LO-005553,false,,,,,,false,2023-11-14,,,,,,,,,,,,
WO,2541,WO-2541,,,-,,,,SPA-PO,6610,SPA-PO06610,"System Administrator",Cerrado,"2023-11-14 18:45:38","2023-11-15 12:16:04","211231111825_PO6610-REVISION__MTO_-21-04-2020.PDF","211231111825_PO6610-REVISION__MTO_-21-04-2020.PDF","Revision (MTO)",NO,,,,,,,LO,5596,LO-005596,false,,,,,,false,2023-11-14,,,,,,,,,,,,
WO,3027,WO-3027,,,-,,,,SPA-SA,5612,SPA-SA05612,"System Administrator",Cerrado,"2023-11-14 18:56:49","2023-11-15 12:11:11",1810413414351_SA5612.PDF,1810413414351_SA5612.PDF,"Revision (MTO)",NO,,,,,,,LO,5693,LO-005693,false,,,,,,false,2023-11-14,,,,,,,,,,,,
WO,2084,WO-2084,,,-,,,,SPA-ZX,226,SPA-ZX00226,"System Administrator",Cerrado,"2023-11-14 18:34:43","2023-11-15 12:22:29","2112300931561_ZX0226-INSPECCION__OCA_-18-06-2019.PDF","2112300931561_ZX0226-INSPECCION__OCA_-18-06-2019.PDF","Inspecciones (OCA)",NO,,,,,,19.06.2022,LO,7725,LO-007725,false,,,,,,false,2023-11-14,,,,,,,,,,,,
WO,3479,WO-3479,,,-,,,,SPA-TO,112,SPA-TO00112,"System Administrator",Cerrado,"2023-11-14 19:07:07","2023-11-15 12:08:29","1812305111580_TO0112-REV__MTO_09-06-2022.PDF","1812305111580_TO0112-REV__MTO_09-06-2022.PDF","Revision (MTO)",NO,,,,,,,LO,6678,LO-006678,false,,,,,,false,2023-11-14,,,,,,,,,,,,
WO,4594,WO-4594,SAR,255,SAR-000255,SPA-BX,1114,SPA-BX01114,,,,"Cynthia Maria Pujals Chichay",Abierto,"2024-01-29 16:19:28","2024-01-29 16:19:28","Preventivo Totem","Auditoria Preventivo Totem","Inspección Preventiva",NO,,,,,,,,,-,false,,,,,,false,2024-01-29,,,,,,,,,,,,
WO,2433,WO-2433,,,-,,,,SPA-GU,9156,SPA-GU09156,"System Administrator",Cerrado,"2023-11-14 18:43:05","2023-11-15 12:15:44","2112305320643_GU9156-REVISION__MTO_-06-03-2019.PDF","2112305320643_GU9156-REVISION__MTO_-06-03-2019.PDF","Revision (MTO)",NO,,,,,,,LO,2783,LO-002783,false,,,,,,false,2023-11-14,,,,,,,,,,,,
WO,2453,WO-2453,,,-,,,,SPA-PO,7117,SPA-PO07117,"System Administrator",Cerrado,"2023-11-14 18:43:35","2023-11-15 12:13:25","2112305630581_PO7117-REVISION__MTO_-04-06-2019.PDF","2112305630581_PO7117-REVISION__MTO_-04-06-2019.PDF","Revision (MTO)",NO,,,,,,,LO,5615,LO-005615,false,,,,,,false,2023-11-14,,,,,,,,,,,,
WO,3794,WO-3794,,,-,,,,SPA-MA,2633,SPA-MA02633,"System Administrator",Cerrado,"2024-01-18 17:28:43","2024-01-18 17:59:26","181034139896_MA2633-REVISION__MTO_-16-08-2023.PDF","181034139896_MA2633-REVISION__MTO_-16-08-2023.PDF","Revision (MTO)",NO,,,,,,,LO,3863,LO-003863,false,,,,,,false,2024-01-18,,,,,,,,,,,,
WO,3856,WO-3856,,,-,,,,SPA-JX,8120,SPA-JX08120,"System Administrator",Cerrado,"2024-01-18 17:30:16","2024-01-18 18:00:06","1714033915169_JX8120-REVISION__MTO_-15-08-2023.PDF","1714033915169_JX8120-REVISION__MTO_-15-08-2023.PDF","Revision (MTO)",NO,,,,,,,LO,3317,LO-003317,false,,,,,,false,2024-01-18,,,,,,,,,,,,
WO,3659,WO-3659,,,-,,,,SPA-BU,4156,SPA-BU04156,"System Administrator",Cerrado,"2023-11-14 19:11:16","2023-11-15 12:06:49",1608161126826_BU4156.PDF,1608161126826_BU4156.PDF,"Revision (MTO)",NO,,,,,,,LO,665,LO-000665,false,,,,,,false,2023-11-14,,,,,,,,,,,,
WO,3951,WO-3951,,,-,,,,SPA-GU,9137,SPA-GU09137,"System Administrator",Cerrado,"2024-01-18 17:32:37","2024-01-18 18:01:05","191008249728_GU9137-REV_MTO_27-03-2023.PDF","191008249728_GU9137-REV_MTO_27-03-2023.PDF","Revision (MTO)",NO,,,,,,,LO,2772,LO-002772,false,,,,,,false,2024-01-18,,,,,,,,,,,,
WO,4479,WO-4479,SAR,135,SAR-000135,SPA-BX,7,SPA-BX00007,,,,"Neus Crespo barbera",Abierto,"2024-01-26 11:27:52","2024-01-26 11:27:52","Trabajos preventivos","Trabajos preventivos","Inspección Preventiva",NO,,,,,,,,,-,false,,,,,,false,2024-01-26,,,,,,,,,,,,
WO,4435,WO-4435,SAR,62,SAR-000062,SPA-MX,7011,SPA-MX07011,,,,"Javier Rodríguez jiménez",Abierto,"2024-01-23 17:38:00","2024-01-23 17:55:11",MX7011,"REVISION DE EQUIPOS ESTACION CAIDA",Urgente,SI,,,"2024-01-23 19:00:00",,2401A18487,,,,-,false,,,,,,false,2024-01-23,,,,,,,,,,,,
WO,3762,WO-3762,,,-,,,,SPA-PX,8029,SPA-PX08029,"System Administrator",Cerrado,"2023-11-14 19:13:46","2023-11-15 12:16:16","211010137159_PX8029-CON_DEFECTOS.PDF","211010137159_PX8029-CON_DEFECTOS.PDF","Revision (MTO)",NO,,,,,,,LO,5645,LO-005645,false,,,,,,false,2023-11-14,,,,,,,,,,,,
WO,2621,WO-2621,,,-,,,,SPA-BU,4365,SPA-BU04365,"System Administrator",Cerrado,"2023-11-14 18:47:27","2023-11-15 12:04:52","2112311910142_BU4365-REVISION__MTO_-20-07-2020.PDF","2112311910142_BU4365-REVISION__MTO_-20-07-2020.PDF","Revision (MTO)",NO,,,,,,,LO,751,LO-000751,false,,,,,,false,2023-11-14,,,,,,,,,,,,
WO,2291,WO-2291,,,-,,,,SPA-LE,1673,SPA-LE01673,"System Administrator",Cerrado,"2023-11-14 18:39:42","2023-11-15 12:14:42","211230422663_LE1673-REVISION__MTO_-10-06-2019.PDF","211230422663_LE1673-REVISION__MTO_-10-06-2019.PDF","Revision (MTO)",NO,,,,,,,LO,3461,LO-003461,false,,,,,,false,2023-11-14,,,,,,,,,,,,
WO,3560,WO-3560,,,-,,,,SPA-SO,9921,SPA-SO09921,"System Administrator",Cerrado,"2023-11-14 19:08:58","2023-11-15 12:19:08",2413462727032_SO9921.PDF,2413462727032_SO9921.PDF,"Revision (MTO)",NO,,,,,,,LO,6167,LO-006167,false,,,,,,false,2023-11-14,,,,,,,,,,,,
WO,3005,WO-3005,,,-,,,,,,,"System Administrator",Cerrado,"2023-11-14 18:56:18","2023-11-15 12:10:49",2110270018207_MX3302.PDF,2110270018207_MX3302.PDF,"Inspecciones (OCA)",NO,,,,,,20.10.2024,,,-,false,,,,,,false,2023-11-14,,,,,,,,,,,,
WO,3369,WO-3369,,,-,,,,SPA-TO,55,SPA-TO00055,"System Administrator",Cerrado,"2023-11-14 19:04:34","2023-11-15 12:25:19","191349201910_TO0055-TOTEM.PDF","191349201910_TO0055-TOTEM.PDF","Revision (MTO)",NO,,,,,,,LO,6654,LO-006654,false,,,,,,false,2023-11-14,,,,,,,,,,,,
WO,4036,WO-4036,,,-,,,,SPA-SA,5806,SPA-SA05806,"System Administrator",Cerrado,"2024-01-18 17:34:41","2024-01-18 18:01:58","1213201320270_PARTE_INCIDENCIA.PDF","1213201320270_PARTE_INCIDENCIA.PDF","Revision (MTO)",NO,,,,,,12.06.2023,LO,5707,LO-005707,false,,,,,,false,2024-01-18,,,,,,,,,,,,
WO,4488,WO-4488,SAR,146,SAR-000146,SPA-MX,613,SPA-MX00613,,,,"DNO acceso OSP",Abierto,"2024-01-26 13:01:54","2024-01-26 13:11:42","MEDICION DE EMISIONES RADIOELECTRICAS, TOMA DE FOTOS Y SEÑALIZACION","MEDICION DE EMISIONES RADIOELECTRICAS, TOMA DE FOTOS Y SEÑALIZACION","Revision (MTO)",SI,,,,,,,,,-,false,,,,,,false,2024-01-26,,,,,,,,,,,,
WO,2345,WO-2345,,,-,,,,SPA-TO,415,SPA-TO00415,"System Administrator",Cerrado,"2023-11-14 18:40:59","2023-11-15 12:11:41","2112304616742_TO0415-REVISION__MTO_-04-02-2019.PDF","2112304616742_TO0415-REVISION__MTO_-04-02-2019.PDF","Revision (MTO)",NO,,,,,,,LO,6718,LO-006718,false,,,,,,false,2023-11-14,,,,,,,,,,,,
WO,2696,WO-2696,,,-,,,,SPA-LE,1743,SPA-LE01743,"System Administrator",Cerrado,"2023-11-14 18:49:08","2023-11-15 12:15:07","2112312425739_LE1743-REVISION__MTO_-23-06-2020.PDF","2112312425739_LE1743-REVISION__MTO_-23-06-2020.PDF","Revision (MTO)",NO,,,,,,,LO,3489,LO-003489,false,,,,,,false,2023-11-14,,,,,,,,,,,,
WO,3441,WO-3441,,,-,,,,,,,"System Administrator",Cerrado,"2023-11-14 19:06:14","2023-11-15 12:25:12",0708552931052_MX3304.PDF,0708552931052_MX3304.PDF,"Revision (MTO)",NO,,,,,,,,,-,false,,,,,,false,2023-11-14,,,,,,,,,,,,
WO,4026,WO-4026,,,-,,,,SPA-ZA,6944,SPA-ZA06944,"System Administrator",Cerrado,"2024-01-18 17:34:26","2024-01-18 18:01:52","1609472027547_ZA6944-_CON_DEFECTOS.PDF","1609472027547_ZA6944-_CON_DEFECTOS.PDF","Revision (MTO)",NO,,,,,,10.10.2024,LO,7636,LO-007636,false,,,,,,false,2024-01-18,,,,,,,,,,,,
WO,3812,WO-3812,,,-,,,,SPA-HU,7121,SPA-HU07121,"System Administrator",Cerrado,"2024-01-18 17:29:10","2024-01-18 17:59:38","0413342416726_HU7121-REV_MTO_06-07-2022.PDF","0413342416726_HU7121-REV_MTO_06-07-2022.PDF","Revision (MTO)",NO,,,,,,,LO,2845,LO-002845,false,,,,,,false,2024-01-18,,,,,,,,,,,,
WO,4100,WO-4100,,,-,,,,SPA-LO,512,SPA-LO00512,"System Administrator",Cerrado,"2024-01-18 17:36:14","2024-01-18 18:02:37","1107543420527_LO0512-REV_MTO_23_08_23.PDF","1107543420527_LO0512-REV_MTO_23_08_23.PDF","Revision (MTO)",NO,,,,,,23.08.2024,LO,3539,LO-003539,false,,,,,,false,2024-01-18,,,,,,,,,,,,
WO,3211,WO-3211,,,-,,,,SPA-HX,9631,SPA-HX09631,"System Administrator",Cerrado,"2023-11-14 19:00:56","2023-11-15 12:11:20","0313355631228_HX9631-INSPECCION__OCA_-19-10-2022.PDF","0313355631228_HX9631-INSPECCION__OCA_-19-10-2022.PDF","Inspecciones (OCA)",NO,,,,,,19.10.2025,LO,2963,LO-002963,false,,,,,,false,2023-11-14,,,,,,,,,,,,
WO,3745,WO-3745,,,-,,,,SPA-CS,36,SPA-CS00036,"System Administrator",Cerrado,"2023-11-14 19:13:21","2023-11-15 12:04:49","0317003123678_CS0036_INFORME_REVISION_LA_LLOSA_2022.PDF","0317003123678_CS0036_INFORME_REVISION_LA_LLOSA_2022.PDF","Revision (MTO)",NO,,,,,,,LO,1847,LO-001847,false,,,,,,false,2023-11-14,,,,,,,,,,,,
WO,4107,WO-4107,,,-,,,,SPA-VI,8710,SPA-VI08710,"System Administrator",Cerrado,"2024-01-18 17:36:25","2024-01-18 18:02:41","111009062062_VI8710-REV_MTO_24_08_23.PDF","111009062062_VI8710-REV_MTO_24_08_23.PDF","Revision (MTO)",NO,,,,,,24.08.2024,LO,7164,LO-007164,false,,,,,,false,2024-01-18,,,,,,,,,,,,
WO,4191,WO-4191,,,-,,,,SPA-LE,9743,SPA-LE09743,"System Administrator",Cerrado,"2024-01-18 17:38:26","2024-01-18 18:03:33",1308504932692_LE9743.PDF,1308504932692_LE9743.PDF,"Revision (MTO)",NO,,,,,,31.10.2024,LO,3511,LO-003511,false,,,,,,false,2024-01-18,,,,,,,,,,,,
WO,1933,WO-1933,,,-,,,,SPA-TO,115,SPA-TO00115,"System Administrator",Cerrado,"2023-11-14 18:31:07","2023-11-15 12:22:24","051416186742_PARTE_INCIDENCIA.PDF","051416186742_PARTE_INCIDENCIA.PDF","Revision (MTO)",NO,,,,,,,LO,6681,LO-006681,false,,,,,,false,2023-11-14,,,,,,,,,,,,
WO,2028,WO-2028,,,-,,,,SPA-HU,7207,SPA-HU07207,"System Administrator",Cerrado,"2023-11-14 18:33:24","2023-11-15 12:13:39","2112300224081_HU7207-INSPECCION__OCA_-14-06-2019.PDF","2112300224081_HU7207-INSPECCION__OCA_-14-06-2019.PDF","Inspecciones (OCA)",NO,,,,,,14.06.2022,LO,2885,LO-002885,false,,,,,,false,2023-11-14,,,,,,,,,,,,
WO,3367,WO-3367,,,-,,,,SPA-CR,4005,SPA-CR04005,"System Administrator",Cerrado,"2023-11-14 19:04:31","2023-11-15 12:15:48","1909424331856_CR4005-TOTEM.PDF","1909424331856_CR4005-TOTEM.PDF","Revision (MTO)",NO,,,,,,,LO,1810,LO-001810,false,,,,,,false,2023-11-14,,,,,,,,,,,,
WO,2059,WO-2059,,,-,,,,SPA-ZX,1024,SPA-ZX01024,"System Administrator",Cerrado,"2023-11-14 18:34:08","2023-11-15 12:24:12","2112300413865_ZX1024-INSPECCION__OCA_-19-06-2019.PDF","2112300413865_ZX1024-INSPECCION__OCA_-19-06-2019.PDF","Inspecciones (OCA)",NO,,,,,,19.06.2022,LO,7816,LO-007816,false,,,,,,false,2023-11-14,,,,,,,,,,,,
WO,4190,WO-4190,,,-,,,,SPA-LE,1743,SPA-LE01743,"System Administrator",Cerrado,"2024-01-18 17:38:25","2024-01-18 18:03:32",1308465824602_LE1743.PDF,1308465824602_LE1743.PDF,"Revision (MTO)",NO,,,,,,31.10.2024,LO,3489,LO-003489,false,,,,,,false,2024-01-18,,,,,,,,,,,,
WO,3017,WO-3017,,,-,,,,SPA-SA,6891,SPA-SA06891,"System Administrator",Cerrado,"2023-11-14 18:56:35","2023-11-15 12:19:34",1810505219733_SA6891.PDF,1810505219733_SA6891.PDF,"Revision (MTO)",NO,,,,,,,LO,5734,LO-005734,false,,,,,,false,2023-11-14,,,,,,,,,,,,
WO,3699,WO-3699,,,-,,,,SPA-HU,7132,SPA-HU07132,"System Administrator",Cerrado,"2023-11-14 19:12:16","2023-11-15 12:06:29","22092541564_HU7132-REV_MTO_06-07-2022.PDF","22092541564_HU7132-REV_MTO_06-07-2022.PDF","Revision (MTO)",NO,,,,,,,LO,2849,LO-002849,false,,,,,,false,2023-11-14,,,,,,,,,,,,
WO,2618,WO-2618,,,-,,,,SPA-BU,4202,SPA-BU04202,"System Administrator",Cerrado,"2023-11-14 18:47:23","2023-11-15 12:16:36","2112311920686_BU4202-REVISION__MTO_-20-07-2020.PDF","2112311920686_BU4202-REVISION__MTO_-20-07-2020.PDF","Revision (MTO)",NO,,,,,,,LO,685,LO-000685,false,,,,,,false,2023-11-14,,,,,,,,,,,,
WO,3222,WO-3222,,,-,,,,SPA-LO,512,SPA-LO00512,"System Administrator",Cerrado,"2023-11-14 19:01:11","2023-11-15 12:04:50","031219101148_LO512-REV_MTO_25-07-2022.PDF","031219101148_LO512-REV_MTO_25-07-2022.PDF","Revision (MTO)",NO,,,,,,,LO,3539,LO-003539,false,,,,,,false,2023-11-14,,,,,,,,,,,,
WO,2194,WO-2194,,,-,,,,SPA-ZA,6963,SPA-ZA06963,"System Administrator",Cerrado,"2023-11-14 18:37:24","2023-11-15 12:09:27","2112303023990_ZA6963-REVISION__MTO_-08-07-2019.PDF","2112303023990_ZA6963-REVISION__MTO_-08-07-2019.PDF","Revision (MTO)",NO,,,,,,,LO,7646,LO-007646,false,,,,,,false,2023-11-14,,,,,,,,,,,,
WO,2401,WO-2401,,,-,,,,SPA-CU,8496,SPA-CU08496,"System Administrator",Cerrado,"2023-11-14 18:42:18","2023-11-15 12:22:46","211230511662_CU8496-REVISION__MTO_-12-03-2019.PDF","211230511662_CU8496-REVISION__MTO_-12-03-2019.PDF","Revision (MTO)",NO,,,,,,,LO,2019,LO-002019,false,,,,,,false,2023-11-14,,,,,,,,,,,,
WO,4183,WO-4183,,,-,,,,SPA-ZA,6993,SPA-ZA06993,"System Administrator",Cerrado,"2024-01-18 17:38:15","2024-01-18 18:03:28",0608592722318_ZA6993.PDF,0608592722318_ZA6993.PDF,"Revision (MTO)",NO,,,,,,30.09.2024,LO,7657,LO-007657,false,,,,,,false,2024-01-18,,,,,,,,,,,,
WO,1926,WO-1926,,,-,,,,SPA-AB,6005,SPA-AB06005,"System Administrator",Cerrado,"2023-11-14 18:30:57","2023-11-15 12:09:17","070934417629_AB6005_INFORME_REVISION_ALBACETE_PARADOR__2021.DOC","070934417629_AB6005_INFORME_REVISION_ALBACETE_PARADOR__2021.DOC","Revision (MTO)",NO,,,,,,,LO,42,LO-000042,false,,,,,,false,2023-11-14,,,,,,,,,,,,
WO,2587,WO-2587,,,-,,,,SPA-BA,321,SPA-BA00321,"System Administrator",Cerrado,"2023-11-14 18:46:40","2023-11-15 12:17:32","2112311627085_BA0321-INSPECCION__OCA_-04-08-2020.PDF","2112311627085_BA0321-INSPECCION__OCA_-04-08-2020.PDF","Inspecciones (OCA)",NO,,,,,,04.08.2023,LO,410,LO-000410,false,,,,,,false,2023-11-14,,,,,,,,,,,,
WO,3070,WO-3070,,,-,,,,,,,"System Administrator",Cerrado,"2023-11-14 18:57:41","2023-11-15 12:18:22","0412043811478_SA5602-REVISION__MTO__-29092014.PDF","0412043811478_SA5602-REVISION__MTO__-29092014.PDF","Revision (MTO)",NO,,,,,,,,,-,false,,,,,,false,2023-11-14,,,,,,,,,,,,
WO,3720,WO-3720,,,-,,,,SPA-AB,6003,SPA-AB06003,"System Administrator",Cerrado,"2023-11-14 19:12:45","2023-11-15 12:20:36","2709382923451_AB6003_-_REV_MTO_26-08-2022.PDF","2709382923451_AB6003_-_REV_MTO_26-08-2022.PDF","Revision (MTO)",NO,,,,,,,LO,41,LO-000041,false,,,,,,false,2023-11-14,,,,,,,,,,,,
WO,4493,WO-4493,SAR,150,SAR-000150,SPA-SE,810,SPA-SE00810,,,,"DNO acceso OSP",Abierto,"2024-01-26 13:42:35","2024-01-26 13:46:34","443084  SE082C","PTN//CSG_SE0848RT1_SWAP_IYC//SALA UNICA//REPLANTEO","Revision (MTO)",NO,,,,,,,,,-,false,,,,,,false,2024-01-26,,,,,,,,,,,,
WO,4068,WO-4068,,,-,,,,SPA-AX,6310,SPA-AX06310,"System Administrator",Cerrado,"2024-01-18 17:35:27","2024-01-18 18:02:18","2510230128001_AX6310_INFORME_MANTENIMIENTO_LA_NUCIA_2023.PDF","2510230128001_AX6310_INFORME_MANTENIMIENTO_LA_NUCIA_2023.PDF","Revision (MTO)",NO,,,,,,19.07.2024,LO,351,LO-000351,false,,,,,,false,2024-01-18,,,,,,,,,,,,
WO,4410,WO-4410,SAR,26,SAR-000026,SPA-MX,3792,SPA-MX03792,,,,"Rebeca Romón sánchez",Abierto,"2024-01-22 13:20:56","2024-01-22 15:09:47","REPARACIÓN DE AA","REPARACIÓN DE AA",Urgente,NO,,,,,,,,,-,false,,,,,,false,2024-01-22,,,,,,,,,,,,
WO,2546,WO-2546,,,-,,,,SPA-LU,4,SPA-LU00004,"System Administrator",Cerrado,"2023-11-14 18:45:45","2023-11-15 12:05:16","211231124998_LU0004-REVISION__MTO_-22-04-2020.PDF","211231124998_LU0004-REVISION__MTO_-22-04-2020.PDF","Revision (MTO)",NO,,,,,,,LO,3558,LO-003558,false,,,,,,false,2023-11-14,,,,,,,,,,,,
WO,2901,WO-2901,,,-,,,,SPA-AV,8921,SPA-AV08921,"System Administrator",Cerrado,"2023-11-14 18:53:54","2023-11-15 12:24:14",0810402230749_AV8921.PDF,0810402230749_AV8921.PDF,"Revision (MTO)",NO,,,,,,,LO,215,LO-000215,false,,,,,,false,2023-11-14,,,,,,,,,,,,
WO,4575,WO-4575,SAR,233,SAR-000233,SPA-LO,32,SPA-LO00032,,,,"DNO acceso OSP",Abierto,"2024-01-29 13:28:29","2024-01-29 14:13:31","LO0532   442921","MEDICION INTERFERENCIAS INSTALACIONES DE TELEFONIA MOVIL  SE REQUIERE TRAMITE ACCESO A PROPIEDAD. ADJUNTO PLANTILLA PCONTRATAS ORANGE",Auditoría,NO,,,,,,,,,-,false,,,,,,false,2024-01-29,,,,,,,,,,,,
WO,3266,WO-3266,,,-,,,,SPA-LE,1719,SPA-LE01719,"System Administrator",Cerrado,"2023-11-14 19:02:12","2023-11-15 12:16:31",141030403746_LE1719.PDF,141030403746_LE1719.PDF,"Revision (MTO)",NO,,,,,,,LO,3475,LO-003475,false,,,,,,false,2023-11-14,,,,,,,,,,,,
WO,1916,WO-1916,,,-,,,,SPA-AB,6390,SPA-AB06390,"System Administrator",Cerrado,"2023-11-14 18:30:43","2023-12-21 15:06:06","0710024212759_AB6390_INFORME_REVISION_PEÑAS_DE_SAN_PEDRO_2021.DOC","0710024212759_AB6390_INFORME_REVISION_PEÑAS_DE_SAN_PEDRO_2021.DOC","Revision (MTO)",NO,,,,,,,LO,81,LO-000081,false,,,,,,false,2023-11-14,,,,,,,,,,,,
WO,2144,WO-2144,,,-,,,,SPA-AV,8433,SPA-AV08433,"System Administrator",Cerrado,"2023-11-14 18:36:13","2023-11-15 12:23:17","211230254141_AV8433-REVISION__MTO_-08-08-2019.PDF","211230254141_AV8433-REVISION__MTO_-08-08-2019.PDF","Revision (MTO)",NO,,,,,,,LO,148,LO-000148,false,,,,,,false,2023-11-14,,,,,,,,,,,,
WO,3245,WO-3245,,,-,,,,SPA-CA,5001,SPA-CA05001,"System Administrator",Cerrado,"2023-11-14 19:01:43","2023-11-15 12:07:23","2210160428503_OCA-LAT-CA5001_2021.PDF","2210160428503_OCA-LAT-CA5001_2021.PDF","Inspecciones (OCA)",NO,,,,,,13.12.2024,LO,1511,LO-001511,false,,,,,,false,2023-11-14,,,,,,,,,,,,
WO,4583,WO-4583,SAR,242,SAR-000242,SPA-BI,312,SPA-BI00312,,,,"DNO acceso OSP",Abierto,"2024-01-29 14:08:04","2024-01-29 14:12:02","443090 - BI0312","Ampliación de LAG entre un MPR y el router en BI0312-BI0312RN1. Este LAG es necesario para poder migrar el nodo BI0869 (PVAX0869) hacia el BI0312P1-BI0312RN1. D: Despliegue // Z2024011793958. sala de TX de Orange",Infraestructura,NO,,,,,,,,,-,false,,,,,,false,2024-01-29,,,,,,,,,,,,
WO,3359,WO-3359,,,-,,,,SPA-CR,3222,SPA-CR03222,"System Administrator",Cerrado,"2023-11-14 19:04:21","2023-11-15 12:22:43","1909363521076_CR3222-TOTEM.PDF","1909363521076_CR3222-TOTEM.PDF","Revision (MTO)",NO,,,,,,,LO,1778,LO-001778,false,,,,,,false,2023-11-14,,,,,,,,,,,,
WO,2249,WO-2249,,,-,,,,SPA-SA,5906,SPA-SA05906,"System Administrator",Cerrado,"2023-11-14 18:38:41","2023-11-15 12:23:51","2112303730432_SA5906-REVISION__MTO_-20-09-2018.PDF","2112303730432_SA5906-REVISION__MTO_-20-09-2018.PDF","Revision (MTO)",NO,,,,,,,LO,5709,LO-005709,false,,,,,,false,2023-11-14,,,,,,,,,,,,
WO,4255,WO-4255,,,-,,,,SPA-ZA,7002,SPA-ZA07002,"System Administrator",Cerrado,"2024-01-18 17:39:53","2024-01-18 18:04:14",0609051612994_ZA7002.PDF,0609051612994_ZA7002.PDF,"Inspecciones (OCA)",NO,,,,,,,LO,7660,LO-007660,false,,,,,,false,2024-01-18,,,,,,,,,,,,
WO,3093,WO-3093,,,-,,,,SPA-CU,8559,SPA-CU08559,"System Administrator",Cerrado,"2023-11-14 18:58:09","2023-11-15 12:06:47",0915482930167_CU8559.PDF,0915482930167_CU8559.PDF,"Inspecciones (OCA)",NO,,,,,,29.07.2024,LO,2043,LO-002043,false,,,,,,false,2023-11-14,,,,,,,,,,,,
WO,3024,WO-3024,,,-,,,,SPA-SA,5736,SPA-SA05736,"System Administrator",Cerrado,"2023-11-14 18:56:45","2023-11-15 12:17:22",181044247074_SA5736.PDF,181044247074_SA5736.PDF,"Revision (MTO)",NO,,,,,,,LO,5705,LO-005705,false,,,,,,false,2023-11-14,,,,,,,,,,,,
WO,2889,WO-2889,,,-,,,,SPA-AV,8432,SPA-AV08432,"System Administrator",Cerrado,"2023-11-14 18:53:38","2023-11-15 12:12:37",231319333955_AV8432.PDF,231319333955_AV8432.PDF,"Revision (MTO)",NO,,,,,,,LO,147,LO-000147,false,,,,,,false,2023-11-14,,,,,,,,,,,,
WO,3813,WO-3813,,,-,,,,SPA-HU,7128,SPA-HU07128,"System Administrator",Cerrado,"2024-01-18 17:29:11","2024-01-18 17:59:38","041336289490_HU7128-REV_MTO_11-07-2022.PDF","041336289490_HU7128-REV_MTO_11-07-2022.PDF","Revision (MTO)",NO,,,,,,,LO,2847,LO-002847,false,,,,,,false,2024-01-18,,,,,,,,,,,,
WO,3987,WO-3987,,,-,,,,SPA-VX,349,SPA-VX00349,"System Administrator",Cerrado,"2024-01-18 17:33:31","2024-01-18 18:01:27","251808437502_VX0349_EL_PALOMAR_INFORME_DE_REVISION_2023.PDF","251808437502_VX0349_EL_PALOMAR_INFORME_DE_REVISION_2023.PDF","Revision (MTO)",NO,,,,,,03.05.2024,LO,7344,LO-007344,false,,,,,,false,2024-01-18,,,,,,,,,,,,
WO,2582,WO-2582,,,-,,,,SPA-PO,6057,SPA-PO06057,"System Administrator",Cerrado,"2023-11-14 18:46:34","2023-11-15 12:13:01","2112311416002_PO6057-INSPECCION__OCA_-27-08-2020.PDF","2112311416002_PO6057-INSPECCION__OCA_-27-08-2020.PDF","Inspecciones (OCA)",NO,,,,,,27.08.2023,LO,5514,LO-005514,false,,,,,,false,2023-11-14,,,,,,,,,,,,
WO,3301,WO-3301,,,-,,,,SPA-TO,115,SPA-TO00115,"System Administrator",Cerrado,"2023-11-14 19:03:01","2023-11-15 12:18:28","0908085928980_PARTE_INCIDENCIA.PDF","0908085928980_PARTE_INCIDENCIA.PDF","Revision (MTO)",NO,,,,,,,LO,6681,LO-006681,false,,,,,,false,2023-11-14,,,,,,,,,,,,
WO,3234,WO-3234,,,-,,,,SPA-VA,2153,SPA-VA02153,"System Administrator",Cerrado,"2023-11-14 19:01:28","2023-11-15 12:23:05",0215325717430_VA2153.PDF,0215325717430_VA2153.PDF,"Revision (MTO)",NO,,,,,,,LO,7017,LO-007017,false,,,,,,false,2023-11-14,,,,,,,,,,,,
WO,2390,WO-2390,,,-,,,,SPA-CR,3220,SPA-CR03220,"System Administrator",Cerrado,"2023-11-14 18:42:03","2023-11-15 12:21:18","2112305015477_CR3220-REVISION__MTO_-11-02-2019.PDF","2112305015477_CR3220-REVISION__MTO_-11-02-2019.PDF","Revision (MTO)",NO,,,,,,,LO,1776,LO-001776,false,,,,,,false,2023-11-14,,,,,,,,,,,,
WO,2626,WO-2626,,,-,,,,SPA-BU,4178,SPA-BU04178,"System Administrator",Cerrado,"2023-11-14 18:47:34","2023-11-15 12:14:05","211231194343_BU4178-REVISION__MTO_-20-07-2020.PDF","211231194343_BU4178-REVISION__MTO_-20-07-2020.PDF","Revision (MTO)",NO,,,,,,,LO,677,LO-000677,false,,,,,,false,2023-11-14,,,,,,,,,,,,
WO,2794,WO-2794,,,-,,,,SPA-SG,9304,SPA-SG09304,"System Administrator",Cerrado,"2023-11-14 18:51:23","2023-11-15 12:14:56","2112342729744_SG9304-INSPECCION__OCA_-17-09-2020.PDF","2112342729744_SG9304-INSPECCION__OCA_-17-09-2020.PDF","Inspecciones (OCA)",NO,,,,,,17.09.2023,LO,6075,LO-006075,false,,,,,,false,2023-11-14,,,,,,,,,,,,
WO,2825,WO-2825,,,-,,,,SPA-VI,8748,SPA-VI08748,"System Administrator",Cerrado,"2023-11-14 18:52:08","2023-11-15 12:17:14","2112343032261_VI8748-REVISION__MTO_-19-01-2021.PDF","2112343032261_VI8748-REVISION__MTO_-19-01-2021.PDF","Revision (MTO)",NO,,,,,,,LO,7183,LO-007183,false,,,,,,false,2023-11-14,,,,,,,,,,,,
WO,2296,WO-2296,,,-,,,,SPA-LE,1546,SPA-LE01546,"System Administrator",Cerrado,"2023-11-14 18:39:49","2023-11-15 12:14:45","211230437811_LE1546-REVISION__MTO_-10-06-2019.PDF","211230437811_LE1546-REVISION__MTO_-10-06-2019.PDF","Revision (MTO)",NO,,,,,,,LO,3449,LO-003449,false,,,,,,false,2023-11-14,,,,,,,,,,,,
WO,3764,WO-3764,,,-,,,,SPA-PX,8226,SPA-PX08226,"System Administrator",Cerrado,"2023-11-14 19:13:48","2023-11-15 12:17:21","211013104752_PX8226-CON_DEFECTOS.PDF","211013104752_PX8226-CON_DEFECTOS.PDF","Revision (MTO)",NO,,,,,,,LO,5664,LO-005664,false,,,,,,false,2023-11-14,,,,,,,,,,,,
WO,4599,WO-4599,SAR,259,SAR-000259,SPA-SA,5623,SPA-SA05623,,,,"DNO acceso OSP",Abierto,"2024-01-29 18:22:01","2024-01-29 18:33:40","443790 - SA5623","Comprobación de equipos","Revision (MTO)",NO,,,,,,,,,-,false,,,,,,false,2024-01-29,,,,,,,,,,,,
WO,3653,WO-3653,,,-,,,,SPA-BU,4138,SPA-BU04138,"System Administrator",Cerrado,"2023-11-14 19:11:07","2023-11-15 12:10:43","1514120821325_BU4138-_CON_DEFECTOS.PDF","1514120821325_BU4138-_CON_DEFECTOS.PDF","Revision (MTO)",NO,,,,,,,LO,651,LO-000651,false,,,,,,false,2023-11-14,,,,,,,,,,,,
WO,3901,WO-3901,,,-,,,,SPA-LE,1661,SPA-LE01661,"System Administrator",Cerrado,"2024-01-18 17:31:22","2024-01-18 18:00:34",230947017110_LE1661.PDF,230947017110_LE1661.PDF,"Revision (MTO)",NO,,,,,,,LO,3458,LO-003458,false,,,,,,false,2024-01-18,,,,,,,,,,,,
WO,3852,WO-3852,,,-,,,,SPA-JX,124,SPA-JX00124,"System Administrator",Cerrado,"2024-01-18 17:30:10","2024-01-18 18:00:03","1712053431768_JX0124-REVISION__MTO_-14-08-2022.PDF","1712053431768_JX0124-REVISION__MTO_-14-08-2022.PDF","Revision (MTO)",NO,,,,,,,LO,3288,LO-003288,false,,,,,,false,2024-01-18,,,,,,,,,,,,
WO,3371,WO-3371,,,-,,,,SPA-TO,112,SPA-TO00112,"System Administrator",Cerrado,"2023-11-14 19:04:37","2023-11-15 12:06:33","191351547576_TO0112-TOTEM.PDF","191351547576_TO0112-TOTEM.PDF","Revision (MTO)",NO,,,,,,,LO,6678,LO-006678,false,,,,,,false,2023-11-14,,,,,,,,,,,,
WO,2803,WO-2803,,,-,,,,SPA-CX,3501,SPA-CX03501,"System Administrator",Cerrado,"2023-11-14 18:51:36","2023-11-15 12:15:33","2112342721479_CX3501-REVISION__MTO_-11-05-2020.PDF","2112342721479_CX3501-REVISION__MTO_-11-05-2020.PDF","Revision (MTO)",NO,,,,,,,LO,2287,LO-002287,false,,,,,,false,2023-11-14,,,,,,,,,,,,
WO,4023,WO-4023,,,-,,,,SPA-ZA,6985,SPA-ZA06985,"System Administrator",Cerrado,"2024-01-18 17:34:22","2024-01-18 18:01:50",1608454013670_ZA6985.PDF,1608454013670_ZA6985.PDF,"Revision (MTO)",NO,,,,,,10.10.2024,LO,7653,LO-007653,false,,,,,,false,2024-01-18,,,,,,,,,,,,
WO,2493,WO-2493,,,-,,,,SPA-CS,36,SPA-CS00036,"System Administrator",Cerrado,"2023-11-14 18:44:33","2023-11-15 12:11:13","2112310430953_CS0036-REVISION__MTO_-02-06-2020.DOC","2112310430953_CS0036-REVISION__MTO_-02-06-2020.DOC","Revision (MTO)",NO,,,,,,,LO,1847,LO-001847,false,,,,,,false,2023-11-14,,,,,,,,,,,,
WO,2148,WO-2148,,,-,,,,SPA-BU,4365,SPA-BU04365,"System Administrator",Cerrado,"2023-11-14 18:36:19","2023-11-15 12:24:47","211230261009_BU4365-REVISION__MTO_-08-08-2019.PDF","211230261009_BU4365-REVISION__MTO_-08-08-2019.PDF","Revision (MTO)",NO,,,,,,,LO,751,LO-000751,false,,,,,,false,2023-11-14,,,,,,,,,,,,
WO,2306,WO-2306,,,-,,,,SPA-HX,9803,SPA-HX09803,"System Administrator",Cerrado,"2023-11-14 18:40:03","2023-11-15 12:24:16","211230438636_HX9803-REVISION__MTO_-12-03-2020.PDF","211230438636_HX9803-REVISION__MTO_-12-03-2020.PDF","Revision (MTO)",NO,,,,,,,LO,2994,LO-002994,false,,,,,,false,2023-11-14,,,,,,,,,,,,
WO,2300,WO-2300,,,-,,,,SPA-JX,7933,SPA-JX07933,"System Administrator",Cerrado,"2023-11-14 18:39:55","2023-11-15 12:25:03","2112304321547_JX7933-REVISION__MTO_-16-03-2020.PDF","2112304321547_JX7933-REVISION__MTO_-16-03-2020.PDF","Revision (MTO)",NO,,,,,,,LO,3299,LO-003299,false,,,,,,false,2023-11-14,,,,,,,,,,,,
WO,3833,WO-3833,,,-,,,,SPA-CO,7209,SPA-CO07209,"System Administrator",Cerrado,"2024-01-18 17:29:41","2024-01-18 17:59:51","1011051911419_CO7209-REVISION__MTO_-07-08-2023.PDF","1011051911419_CO7209-REVISION__MTO_-07-08-2023.PDF","Revision (MTO)",NO,,,,,,,LO,1647,LO-001647,false,,,,,,false,2024-01-18,,,,,,,,,,,,
WO,2933,WO-2933,,,-,,,,SPA-MX,2063,SPA-MX02063,"System Administrator",Cerrado,"2023-11-14 18:54:39","2023-11-15 12:05:04",251354399250_MX2063.PDF,251354399250_MX2063.PDF,"Inspecciones (OCA)",NO,,,,,,19.10.2024,LO,4619,LO-004619,false,,,,,,false,2023-11-14,,,,,,,,,,,,
WO,2580,WO-2580,,,-,,,,SPA-PO,7117,SPA-PO07117,"System Administrator",Cerrado,"2023-11-14 18:46:31","2023-11-15 12:08:23","211231147961_PO7117-INSPECCION__OCA_-28-08-2020.PDF","211231147961_PO7117-INSPECCION__OCA_-28-08-2020.PDF","Inspecciones (OCA)",NO,,,,,,28.08.2023,LO,5615,LO-005615,false,,,,,,false,2023-11-14,,,,,,,,,,,,
WO,1966,WO-1966,,,-,,,,SPA-AX,6398,SPA-AX06398,"System Administrator",Cerrado,"2023-11-14 18:31:51","2023-11-15 12:23:01","271153269038_460_AT_0061_21-1__AX6398.PDF","271153269038_460_AT_0061_21-1__AX6398.PDF","Inspecciones (OCA)",NO,,,,,,14.04.2024,LO,358,LO-000358,false,,,,,,false,2023-11-14,,,,,,,,,,,,
WO,2326,WO-2326,,,-,,,,SPA-MX,3107,SPA-MX03107,"System Administrator",Cerrado,"2023-11-14 18:40:32","2023-11-15 12:23:12","2112304425333_MX3107-REVISION__MTO_-04-02-2019.PDF","2112304425333_MX3107-REVISION__MTO_-04-02-2019.PDF","Revision (MTO)",NO,,,,,,,LO,4693,LO-004693,false,,,,,,false,2023-11-14,,,,,,,,,,,,
WO,4067,WO-4067,,,-,,,,SPA-TO,541,SPA-TO00541,"System Administrator",Cerrado,"2024-01-18 17:35:26","2024-01-18 18:02:17","010755217114_TO0541-REV_MAT_19_06_23.PDF","010755217114_TO0541-REV_MAT_19_06_23.PDF","Revision (MTO)",NO,,,,,,19.06.2024,LO,6744,LO-006744,false,,,,,,false,2024-01-18,,,,,,,,,,,,
WO,4127,WO-4127,,,-,,,,SPA-AB,6351,SPA-AB06351,"System Administrator",Cerrado,"2024-01-18 17:36:53","2024-01-18 18:02:54","0415433118485_AB6351-REV_MTO_25-09-2023.PDF","0415433118485_AB6351-REV_MTO_25-09-2023.PDF","Revision (MTO)",NO,,,,,,25.09.2024,LO,75,LO-000075,false,,,,,,false,2024-01-18,,,,,,,,,,,,
WO,3873,WO-3873,,,-,,,,SPA-SE,128,SPA-SE00128,"System Administrator",Cerrado,"2024-01-18 17:30:41","2024-01-18 18:00:17","2213333029260_01370302_ORANGE_ESPAGNE__SAU_SE0128_CT_PERIO_DESFAV.PDF","2213333029260_01370302_ORANGE_ESPAGNE__SAU_SE0128_CT_PERIO_DESFAV.PDF","Revision (MTO)",NO,,,,,,,LO,5786,LO-005786,false,,,,,,false,2024-01-18,,,,,,,,,,,,
WO,3749,WO-3749,,,-,,,,SPA-CS,109,SPA-CS00109,"System Administrator",Cerrado,"2023-11-14 19:13:27","2023-11-15 12:22:16","031705318486_CS0109_INFORME_REVISION_VALL_DALBA_2022.PDF","031705318486_CS0109_INFORME_REVISION_VALL_DALBA_2022.PDF","Revision (MTO)",NO,,,,,,,LO,1892,LO-001892,false,,,,,,false,2023-11-14,,,,,,,,,,,,
WO,2640,WO-2640,,,-,,,,SPA-BU,4245,SPA-BU04245,"System Administrator",Cerrado,"2023-11-14 18:47:52","2023-11-15 12:04:56","2112312013370_BU4245-INSPECCION__OCA_-06-10-2020.PDF","2112312013370_BU4245-INSPECCION__OCA_-06-10-2020.PDF","Inspecciones (OCA)",NO,,,,,,06.10.2023,LO,710,LO-000710,false,,,,,,false,2023-11-14,,,,,,,,,,,,
WO,4030,WO-4030,,,-,,,,SPA-TO,26,SPA-TO00026,"System Administrator",Cerrado,"2024-01-18 17:34:32","2024-01-18 18:01:54","3007180614612_TO0026-REV_MTO_11_07_23.PDF","3007180614612_TO0026-REV_MTO_11_07_23.PDF","Revision (MTO)",NO,,,,,,11.07.2024,LO,6641,LO-006641,false,,,,,,false,2024-01-18,,,,,,,,,,,,
WO,4097,WO-4097,,,-,,,,SPA-TO,546,SPA-TO00546,"System Administrator",Cerrado,"2024-01-18 17:36:10","2024-01-18 18:02:35","0108023521327_TO0546-REV_MAT_23_06_23.PDF","0108023521327_TO0546-REV_MAT_23_06_23.PDF","Revision (MTO)",NO,,,,,,23.06.2024,LO,6746,LO-006746,false,,,,,,false,2024-01-18,,,,,,,,,,,,
WO,4174,WO-4174,,,-,,,,SPA-CX,3501,SPA-CX03501,"System Administrator",Cerrado,"2024-01-18 17:38:02","2024-01-18 18:03:23",0416042429016_CX3501.PDF,0416042429016_CX3501.PDF,"Revision (MTO)",NO,,,,,,29.11.2024,LO,2287,LO-002287,false,,,,,,false,2024-01-18,,,,,,,,,,,,
WO,4365,WO-4365,,,-,,,,SPA-HX,9404,SPA-HX09404,"System Administrator",Cerrado,"2024-01-18 17:42:20","2024-01-18 18:05:18","3015061927504_HX9404-INSPECCION__OCA_-19-10-2022_CT.PDF","3015061927504_HX9404-INSPECCION__OCA_-19-10-2022_CT.PDF","Inspecciones (OCA)",NO,,,,,,,LO,2915,LO-002915,false,,,,,,false,2024-01-18,,,,,,,,,,,,
WO,3374,WO-3374,,,-,,,,SPA-TO,46,SPA-TO00046,"System Administrator",Cerrado,"2023-11-14 19:04:41","2023-11-15 12:25:23","1913540724583_TO0046-TOTEM.PDF","1913540724583_TO0046-TOTEM.PDF","Revision (MTO)",NO,,,,,,,LO,6648,LO-006648,false,,,,,,false,2023-11-14,,,,,,,,,,,,
WO,2778,WO-2778,,,-,,,,SPA-VA,2150,SPA-VA02150,"System Administrator",Cerrado,"2023-11-14 18:51:00","2023-11-15 12:16:48","2112342632657_VA2150-INSPECCION__OCA_-02-10-2020.PDF","2112342632657_VA2150-INSPECCION__OCA_-02-10-2020.PDF","Inspecciones (OCA)",NO,,,,,,02.10.2023,LO,7016,LO-007016,false,,,,,,false,2023-11-14,,,,,,,,,,,,
WO,4153,WO-4153,,,-,,,,SPA-AB,6326,SPA-AB06326,"System Administrator",Cerrado,"2024-01-18 17:37:32","2024-01-18 18:03:10","041042223931_AB6326-REV_MTO_28-09-2023.PDF","041042223931_AB6326-REV_MTO_28-09-2023.PDF","Revision (MTO)",NO,,,,,,28.09.2024,LO,68,LO-000068,false,,,,,,false,2024-01-18,,,,,,,,,,,,
WO,2269,WO-2269,,,-,,,,SPA-MA,2926,SPA-MA02926,"System Administrator",Cerrado,"2023-11-14 18:39:09","2023-11-15 12:20:18","211230396139_MA2926-REVISION__MTO_-17-04-2020.PDF","211230396139_MA2926-REVISION__MTO_-17-04-2020.PDF","Revision (MTO)",NO,,,,,,,LO,3930,LO-003930,false,,,,,,false,2023-11-14,,,,,,,,,,,,
WO,3373,WO-3373,,,-,,,,SPA-TO,541,SPA-TO00541,"System Administrator",Cerrado,"2023-11-14 19:04:40","2023-11-15 12:24:11","1913532518976_TO0541-TOTEM.PDF","1913532518976_TO0541-TOTEM.PDF","Revision (MTO)",NO,,,,,,,LO,6744,LO-006744,false,,,,,,false,2023-11-14,,,,,,,,,,,,
WO,4161,WO-4161,,,-,,,,SPA-BU,4242,SPA-BU04242,"System Administrator",Cerrado,"2024-01-18 17:37:43","2024-01-18 18:03:15",1408312511703_BU4242.PDF,1408312511703_BU4242.PDF,"Revision (MTO)",NO,,,,,,28.10.2024,LO,708,LO-000708,false,,,,,,false,2024-01-18,,,,,,,,,,,,
WO,4481,WO-4481,SAR,139,SAR-000139,SPA-VX,5367,SPA-VX05367,,,,"DNO acceso OSP",Abierto,"2024-01-26 11:52:04","2024-01-26 11:58:11","442779   VX5367","INSERTAR SFP EN EQUIPO EXISTENTE / SOLICITAMOS ACCESO A SALA DE EQUIPOS ORANGE Y ANTENAS",Auditoría,NO,,,,,,,,,-,false,,,,,,false,2024-01-26,,,,,,,,,,,,
WO,3246,WO-3246,,,-,,,,SPA-CA,5001,SPA-CA05001,"System Administrator",Cerrado,"2023-11-14 19:01:44","2023-11-15 12:04:54","2210171225397_OCA-CT-CA5001_2021.PDF","2210171225397_OCA-CT-CA5001_2021.PDF","Inspecciones (OCA)",NO,,,,,,13.12.2024,LO,1511,LO-001511,false,,,,,,false,2023-11-14,,,,,,,,,,,,
WO,3156,WO-3156,,,-,,,,SPA-BI,634,SPA-BI00634,"System Administrator",Cerrado,"2023-11-14 18:59:36","2023-11-15 12:19:11","151138562785_BI0634_FAVORABLE.PDF","151138562785_BI0634_FAVORABLE.PDF","Inspecciones (OCA)",NO,,,,,,16.06.2024,LO,562,LO-000562,false,,,,,,false,2023-11-14,,,,,,,,,,,,
WO,4591,WO-4591,SAR,251,SAR-000251,SPA-VX,3100,SPA-VX03100,,,,"Miguel angel Armengol  ogaya",Abierto,"2024-01-29 15:29:25","2024-01-29 15:29:34","VISITA SUPERVISION OBRA","VISITA SUPERVISION OBRA",Infraestructura,NO,,,,,,,,,-,false,,,,,,false,2024-01-29,,,,,,,,,,,,
WO,2239,WO-2239,,,-,,,,SPA-PX,8032,SPA-PX08032,"System Administrator",Cerrado,"2023-11-14 18:38:27","2023-11-15 12:21:53","2112303632707_PX8032-REVISION__MTO_-07-10-2019.PDF","2112303632707_PX8032-REVISION__MTO_-07-10-2019.PDF","Revision (MTO)",NO,,,,,,,LO,5648,LO-005648,false,,,,,,false,2023-11-14,,,,,,,,,,,,
WO,3012,WO-3012,,,-,,,,SPA-MX,2051,SPA-MX02051,"System Administrator",Cerrado,"2023-11-14 18:56:28","2023-11-15 12:24:26",2110182417448_MX2051.PDF,2110182417448_MX2051.PDF,"Inspecciones (OCA)",NO,,,,,,19.10.2024,LO,4612,LO-004612,false,,,,,,false,2023-11-14,,,,,,,,,,,,
WO,3465,WO-3465,,,-,,,,SPA-SE,1331,SPA-SE01331,"System Administrator",Cerrado,"2023-11-14 19:06:48","2023-11-15 12:21:39","0212163815159_SE1331_INSPECCION_OCA_17-10-2022.PDF","0212163815159_SE1331_INSPECCION_OCA_17-10-2022.PDF","Inspecciones (OCA)",NO,,,,,,17.10.2025,LO,5966,LO-005966,false,,,,,,false,2023-11-14,,,,,,,,,,,,
WO,2057,WO-2057,,,-,,,,SPA-AL,9901,SPA-AL09901,"System Administrator",Cerrado,"2023-11-14 18:34:05","2023-11-15 12:18:50","2112300429975_AL9901-REVISION__MTO_-17-06-2019.PDF","2112300429975_AL9901-REVISION__MTO_-17-06-2019.PDF","Revision (MTO)",NO,,,,,,,LO,134,LO-000134,false,,,,,,false,2023-11-14,,,,,,,,,,,,
WO,1897,WO-1897,,,-,,,,SPA-JX,8005,SPA-JX08005,"System Administrator",Cerrado,"2023-11-14 18:30:16","2023-11-15 12:06:39","2213184531970_OCA_LAT_JX8005_2021.PDF","2213184531970_OCA_LAT_JX8005_2021.PDF","Inspecciones (OCA)",NO,,,,,,11.11.2024,LO,3308,LO-003308,false,,,,,,false,2023-11-14,,,,,,,,,,,,
WO,4094,WO-4094,,,-,,,,SPA-BU,4244,SPA-BU04244,"System Administrator",Cerrado,"2024-01-18 17:36:05","2024-01-18 18:02:34",2308360423857_BU4244.PDF,2308360423857_BU4244.PDF,"Revision (MTO)",NO,,,,,,22.11.2024,LO,709,LO-000709,false,,,,,,false,2024-01-18,,,,,,,,,,,,
WO,3704,WO-3704,,,-,,,,SPA-AB,27,SPA-AB00027,"System Administrator",Cerrado,"2023-11-14 19:12:23","2023-11-15 12:06:37","2709323229604_AB0027-REV_MTO_25-08-2022.PDF","2709323229604_AB0027-REV_MTO_25-08-2022.PDF","Revision (MTO)",NO,,,,,,,LO,6,LO-000006,false,,,,,,false,2023-11-14,,,,,,,,,,,,
WO,3732,WO-3732,,,-,,,,SPA-TE,4,SPA-TE00004,"System Administrator",Cerrado,"2023-11-14 19:13:02","2023-11-15 12:20:10","2710112421169_TE0004-REV_MTO_23-08-2022.PDF","2710112421169_TE0004-REV_MTO_23-08-2022.PDF","Revision (MTO)",NO,,,,,,,LO,6396,LO-006396,false,,,,,,false,2023-11-14,,,,,,,,,,,,
WO,2921,WO-2921,,,-,,,,SPA-SG,9220,SPA-SG09220,"System Administrator",Cerrado,"2023-11-14 18:54:22","2023-11-15 12:08:32","211014395576_SG9220-DEFECTOS_CORREGIDOS.PDF","211014395576_SG9220-DEFECTOS_CORREGIDOS.PDF","Revision (MTO)",NO,,,,,,,LO,6070,LO-006070,false,,,,,,false,2023-11-14,,,,,,,,,,,,
WO,2900,WO-2900,,,-,,,,SPA-AV,8461,SPA-AV08461,"System Administrator",Cerrado,"2023-11-14 18:53:53","2023-11-15 12:17:01",0810412729625_AV8461.PDF,0810412729625_AV8461.PDF,"Revision (MTO)",NO,,,,,,,LO,153,LO-000153,false,,,,,,false,2023-11-14,,,,,,,,,,,,
WO,3504,WO-3504,,,-,,,,SPA-TO,2123,SPA-TO02123,"System Administrator",Cerrado,"2023-11-14 19:07:41","2023-11-15 12:22:14","1813053722025_CERT_AT-TO-010_22_TOTEM_TO2123_LA_GUARDIA_CT.PDF","1813053722025_CERT_AT-TO-010_22_TOTEM_TO2123_LA_GUARDIA_CT.PDF","Inspecciones (OCA)",NO,,,,,,07.06.2025,LO,6786,LO-006786,false,,,,,,false,2023-11-14,,,,,,,,,,,,
WO,1954,WO-1954,,,-,,,,SPA-TE,52,SPA-TE00052,"System Administrator",Cerrado,"2023-11-14 18:31:34","2023-11-15 12:20:48","2810070818520_500AT0018211_UTRILLAS_FIRMADO_TE0052.PDF","2810070818520_500AT0018211_UTRILLAS_FIRMADO_TE0052.PDF","Inspecciones (OCA)",NO,,,,,,11.05.2024,LO,6419,LO-006419,false,,,,,,false,2023-11-14,,,,,,,,,,,,
WO,4231,WO-4231,,,-,,,,SPA-BA,321,SPA-BA00321,"System Administrator",Cerrado,"2024-01-18 17:39:20","2024-01-18 18:03:59","0807300126971_BA0321-INSPECCION__OCA_-02-08-2023_NEGATIVA.PDF","0807300126971_BA0321-INSPECCION__OCA_-02-08-2023_NEGATIVA.PDF","Inspecciones (OCA)",NO,,,,,,,LO,410,LO-000410,false,,,,,,false,2024-01-18,,,,,,,,,,,,
WO,2941,WO-2941,,,-,,,,SPA-MA,2633,SPA-MA02633,"System Administrator",Cerrado,"2023-11-14 18:54:49","2023-11-15 12:24:22","2216491912786_REVISION_ANUAL_CT_MA2633_2021.PDF","2216491912786_REVISION_ANUAL_CT_MA2633_2021.PDF","Revision (MTO)",NO,,,,,,,LO,3863,LO-003863,false,,,,,,false,2023-11-14,,,,,,,,,,,,
WO,3345,WO-3345,,,-,,,,SPA-MX,1057,SPA-MX01057,"System Administrator",Cerrado,"2023-11-14 19:04:01","2023-11-15 12:24:06",181149327362_MX1057.PDF,181149327362_MX1057.PDF,"Revision (MTO)",NO,,,,,,,LO,4544,LO-004544,false,,,,,,false,2023-11-14,,,,,,,,,,,,
WO,4310,WO-4310,,,-,,,,SPA-LE,1712,SPA-LE01712,"System Administrator",Cerrado,"2024-01-18 17:41:06","2024-01-18 18:04:45",1508315824508_LE1712.PDF,1508315824508_LE1712.PDF,"Inspecciones (OCA)",NO,,,,,,,LO,3469,LO-003469,false,,,,,,false,2024-01-18,,,,,,,,,,,,
WO,4590,WO-4590,,,-,,,,,,,"Raul Granado escudero",Abierto,"2024-01-29 15:27:03","2024-01-29 16:25:22","TF6122 - Instalación","Instalación de PCR LITE en caseta/recinto TOTEM, concretamente en el SITE TF6122. No se requiere solicitud de acceso",Normal,NO,,,,,,,,,-,false,,,,,,false,2024-01-29,,,,,,,,,,,,
WO,2855,WO-2855,,,-,,,,SPA-CS,41,SPA-CS00041,"System Administrator",Cerrado,"2023-11-14 18:52:51","2023-11-15 12:16:07","1319363827968_CS0041_INFORME_REVISION_ALMAZORA_2021.PDF","1319363827968_CS0041_INFORME_REVISION_ALMAZORA_2021.PDF","Revision (MTO)",NO,,,,,,,LO,1851,LO-001851,false,,,,,,false,2023-11-14,,,,,,,,,,,,
WO,3019,WO-3019,,,-,,,,SPA-SA,5906,SPA-SA05906,"System Administrator",Cerrado,"2023-11-14 18:56:38","2023-11-15 12:16:13",1810492012749_SA5906.PDF,1810492012749_SA5906.PDF,"Revision (MTO)",NO,,,,,,,LO,5709,LO-005709,false,,,,,,false,2023-11-14,,,,,,,,,,,,
WO,3467,WO-3467,,,-,,,,SPA-TO,32,SPA-TO00032,"System Administrator",Cerrado,"2023-11-14 19:06:50","2023-12-21 15:13:47","1811231223216_CERT_AT-TO-027_22_TOTEM_TO0032_AÑOVER_CT.PDF","1811231223216_CERT_AT-TO-027_22_TOTEM_TO0032_AÑOVER_CT.PDF","Inspecciones (OCA)",NO,,,,,,20.06.2025,LO,6643,LO-006643,false,,,,,,false,2023-11-14,,,,,,,,,,,,
WO,2976,WO-2976,,,-,,,,SPA-JX,8171,SPA-JX08171,"System Administrator",Cerrado,"2023-11-14 18:55:39","2023-11-15 12:11:30","221245521332_REVISION_ANUAL_CT_JX8171_2021.PDF","221245521332_REVISION_ANUAL_CT_JX8171_2021.PDF","Revision (MTO)",NO,,,,,,,LO,3323,LO-003323,false,,,,,,false,2023-11-14,,,,,,,,,,,,
WO,4547,WO-4547,,,-,,,,,,,"DNO acceso OSP",Cancelado,"2024-01-29 11:02:45","2024-01-29 11:22:05","442874    MX3763","Instalación bandejas más ATN",Auditoría,NO,"2024-01-29 23:56:46",,,,,,,,-,false,,,,,,false,2024-01-29,,,,,,,,,,,,
WO,3769,WO-3769,,,-,,,,SPA-VA,2150,SPA-VA02150,"System Administrator",Cerrado,"2023-11-14 19:13:55","2023-11-15 12:08:09",2508381432625_VA2150.PDF,2508381432625_VA2150.PDF,"Revision (MTO)",NO,,,,,,,LO,7016,LO-007016,false,,,,,,false,2023-11-14,,,,,,,,,,,,
WO,3843,WO-3843,,,-,,,,SPA-HX,9477,SPA-HX09477,"System Administrator",Cerrado,"2024-01-18 17:29:56","2024-01-18 17:59:57","1110275730097_HX9477-REVISION__MTO_-02-08-2023.PDF","1110275730097_HX9477-REVISION__MTO_-02-08-2023.PDF","Revision (MTO)",NO,,,,,,,LO,2932,LO-002932,false,,,,,,false,2024-01-18,,,,,,,,,,,,
WO,2832,WO-2832,,,-,,,,SPA-CU,8559,SPA-CU08559,"System Administrator",Cerrado,"2023-11-14 18:52:18","2023-11-15 12:13:43","2112343118135_CU8559-INSPECCION__OCA_-21-03-2018.PDF","2112343118135_CU8559-INSPECCION__OCA_-21-03-2018.PDF","Inspecciones (OCA)",NO,,,,,,21.03.2021,LO,2043,LO-002043,false,,,,,,false,2023-11-14,,,,,,,,,,,,
WO,3409,WO-3409,,,-,,,,SPA-CU,8559,SPA-CU08559,"System Administrator",Cerrado,"2023-11-14 19:05:30","2023-11-15 12:12:50","2510281820034_CU8559-TOTEM.PDF","2510281820034_CU8559-TOTEM.PDF","Revision (MTO)",NO,,,,,,,LO,2043,LO-002043,false,,,,,,false,2023-11-14,,,,,,,,,,,,
WO,2351,WO-2351,,,-,,,,SPA-TO,213,SPA-TO00213,"System Administrator",Cerrado,"2023-11-14 18:41:08","2023-11-15 12:12:51","2112304731357_TO0213-REVISION__MTO_-04-02-2019.PDF","2112304731357_TO0213-REVISION__MTO_-04-02-2019.PDF","Revision (MTO)",NO,,,,,,,LO,6700,LO-006700,false,,,,,,false,2023-11-14,,,,,,,,,,,,
WO,1889,WO-1889,,,-,,,,SPA-SG,9130,SPA-SG09130,"System Administrator",Cerrado,"2023-11-14 18:30:04","2023-11-15 12:11:37",231026258412_SG9130.PDF,231026258412_SG9130.PDF,"Revision (MTO)",NO,,,,,,,LO,6046,LO-006046,false,,,,,,false,2023-11-14,,,,,,,,,,,,
WO,2131,WO-2131,,,-,,,,SPA-AV,8725,SPA-AV08725,"System Administrator",Cerrado,"2023-11-14 18:35:53","2023-11-15 12:16:46","211230249058_AV8725-REVISION__MTO_-08-08-2019.PDF","211230249058_AV8725-REVISION__MTO_-08-08-2019.PDF","Revision (MTO)",NO,,,,,,,LO,202,LO-000202,false,,,,,,false,2023-11-14,,,,,,,,,,,,
WO,2852,WO-2852,,,-,,,,SPA-CS,129,SPA-CS00129,"System Administrator",Cerrado,"2023-11-14 18:52:46","2023-11-15 12:20:46","1319390625827_CS0129_INFORME_REVISION_VINAROZ_2021.PDF","1319390625827_CS0129_INFORME_REVISION_VINAROZ_2021.PDF","Revision (MTO)",NO,,,,,,,LO,1896,LO-001896,false,,,,,,false,2023-11-14,,,,,,,,,,,,
WO,3517,WO-3517,,,-,,,,SPA-LU,7970,SPA-LU07970,"System Administrator",Cerrado,"2023-11-14 19:07:59","2023-11-15 12:24:22",041027544882_LU7970.PDF,041027544882_LU7970.PDF,"Revision (MTO)",NO,,,,,,,LO,3624,LO-003624,false,,,,,,false,2023-11-14,,,,,,,,,,,,
WO,4388,WO-4388,,,-,,,,SPA-TO,532,SPA-TO00532,"System Administrator",Cerrado,"2024-01-18 17:42:51","2024-01-18 18:05:31","1908405824504_CERT_AT-TO-015-2_22_TOTEM_TO0532_LAS_VENTAS_CON_PEÑA_AGUILERA_CT.PDF","1908405824504_CERT_AT-TO-015-2_22_TOTEM_TO0532_LAS_VENTAS_CON_PEÑA_AGUILERA_CT.PDF","Inspecciones (OCA)",NO,,,,,,,LO,6737,LO-006737,false,,,,,,false,2024-01-18,,,,,,,,,,,,
WO,2785,WO-2785,,,-,,,,SPA-SG,9159,SPA-SG09159,"System Administrator",Cerrado,"2023-11-14 18:51:11","2023-11-15 12:13:33","2112342713675_SG9159-INSPECCION__OCA_-21-09-2020.PDF","2112342713675_SG9159-INSPECCION__OCA_-21-09-2020.PDF","Inspecciones (OCA)",NO,,,,,,21.09.2023,LO,6056,LO-006056,false,,,,,,false,2023-11-14,,,,,,,,,,,,
WO,2944,WO-2944,,,-,,,,SPA-SE,1330,SPA-SE01330,"System Administrator",Cerrado,"2023-11-14 18:54:53","2023-11-15 12:12:03","2214304331083_REVISION_ANUAL_CT_SE1330_2021.PDF","2214304331083_REVISION_ANUAL_CT_SE1330_2021.PDF","Revision (MTO)",NO,,,,,,,LO,5965,LO-005965,false,,,,,,false,2023-11-14,,,,,,,,,,,,
WO,4005,WO-4005,,,-,,,,SPA-LE,471,SPA-LE00471,"System Administrator",Cerrado,"2024-01-18 17:33:57","2024-01-18 18:01:38",1809105232591_LE0471.PDF,1809105232591_LE0471.PDF,"Revision (MTO)",NO,,,,,,07.10.2024,LO,3399,LO-003399,false,,,,,,false,2024-01-18,,,,,,,,,,,,
WO,3916,WO-3916,,,-,,,,SPA-CR,3205,SPA-CR03205,"System Administrator",Cerrado,"2024-01-18 17:31:44","2024-01-18 18:00:44","0313382324848_CR3205-REV_MTO_17-03-2023.PDF","0313382324848_CR3205-REV_MTO_17-03-2023.PDF","Revision (MTO)",NO,,,,,,,LO,1769,LO-001769,false,,,,,,false,2024-01-18,,,,,,,,,,,,
WO,3754,WO-3754,,,-,,,,SPA-MU,306,SPA-MU00306,"System Administrator",Cerrado,"2023-11-14 19:13:34","2023-11-15 12:07:08","0317133023766_MU0306_INFORME_REVISION_MURCIA_2022.PDF","0317133023766_MU0306_INFORME_REVISION_MURCIA_2022.PDF","Revision (MTO)",NO,,,,,,,LO,4110,LO-004110,false,,,,,,false,2023-11-14,,,,,,,,,,,,
WO,4529,WO-4529,SAR,189,SAR-000189,SPA-BX,781,SPA-BX00781,,,,"Neus Crespo barbera",Abierto,"2024-01-29 08:54:53","2024-01-29 08:54:53","REVISIÓN EQUIPOS","REVISIÓN EQUIPOS",Urgente,NO,,,,,2203E75455,,,,-,false,,,,,,false,2024-01-29,,,,,,,,,,,,
WO,3725,WO-3725,,,-,,,,SPA-AB,6033,SPA-AB06033,"System Administrator",Cerrado,"2023-11-14 19:12:53","2023-11-15 12:15:52","2709483021021_AB6033-REV_MTO_24-08-2022.PDF","2709483021021_AB6033-REV_MTO_24-08-2022.PDF","Revision (MTO)",NO,,,,,,,LO,54,LO-000054,false,,,,,,false,2023-11-14,,,,,,,,,,,,
WO,3711,WO-3711,,,-,,,,SPA-HU,7145,SPA-HU07145,"System Administrator",Cerrado,"2023-11-14 19:12:33","2023-12-21 15:17:52","2709175922050_HU7145_-_AT-HU-19-22_-_SABIÑANIGO_-_OCA.PDF","2709175922050_HU7145_-_AT-HU-19-22_-_SABIÑANIGO_-_OCA.PDF","Inspecciones (OCA)",NO,,,,,,07.07.2025,LO,2857,LO-002857,false,,,,,,false,2023-11-14,,,,,,,,,,,,
WO,4220,WO-4220,,,-,,,,SPA-TO,2123,SPA-TO02123,"System Administrator",Cerrado,"2024-01-18 17:39:05","2024-01-18 18:03:51","0409245816881_CERT_AT-TO-010-2_22_TOTEM_TO2123_LA_GUARDIA_CT.PDF","0409245816881_CERT_AT-TO-010-2_22_TOTEM_TO2123_LA_GUARDIA_CT.PDF","Inspecciones (OCA)",NO,,,,,,,LO,6786,LO-006786,false,,,,,,false,2024-01-18,,,,,,,,,,,,
WO,2570,WO-2570,,,-,,,,SPA-LE,1715,SPA-LE01715,"System Administrator",Cerrado,"2023-11-14 18:46:17","2023-11-15 12:22:44","2112311327478_LE1715-INSPECCION__OCA_-11-08-2020.PDF","2112311327478_LE1715-INSPECCION__OCA_-11-08-2020.PDF","Inspecciones (OCA)",NO,,,,,,11.08.2023,LO,3471,LO-003471,false,,,,,,false,2023-11-14,,,,,,,,,,,,
WO,2906,WO-2906,,,-,,,,SPA-AV,8451,SPA-AV08451,"System Administrator",Cerrado,"2023-11-14 18:54:01","2023-11-15 12:23:29","0810344322867_AV8451__AV5405.PDF","0810344322867_AV8451__AV5405.PDF","Revision (MTO)",NO,,,,,,,LO,150,LO-000150,false,,,,,,false,2023-11-14,,,,,,,,,,,,
WO,3268,WO-3268,,,-,,,,SPA-LE,1722,SPA-LE01722,"System Administrator",Cerrado,"2023-11-14 19:02:15","2023-11-15 12:13:31",1410315725134_LE1722.PDF,1410315725134_LE1722.PDF,"Revision (MTO)",NO,,,,,,,LO,3478,LO-003478,false,,,,,,false,2023-11-14,,,,,,,,,,,,
WO,4259,WO-4259,,,-,,,,SPA-ZA,6963,SPA-ZA06963,"System Administrator",Cerrado,"2024-01-18 17:39:58","2024-01-18 18:04:16",160848488173_ZA6963.PDF,160848488173_ZA6963.PDF,"Inspecciones (OCA)",NO,,,,,,,LO,7646,LO-007646,false,,,,,,false,2024-01-18,,,,,,,,,,,,
WO,2673,WO-2673,,,-,,,,SPA-BU,4210,SPA-BU04210,"System Administrator",Cerrado,"2023-11-14 18:48:37","2023-11-15 12:25:15","2112312217953_BU4210-INSPECCION__OCA_-13-10-2020.PDF","2112312217953_BU4210-INSPECCION__OCA_-13-10-2020.PDF","Inspecciones (OCA)",NO,,,,,,13.10.2023,LO,688,LO-000688,false,,,,,,false,2023-11-14,,,,,,,,,,,,
WO,2242,WO-2242,,,-,,,,SPA-PX,8029,SPA-PX08029,"System Administrator",Cerrado,"2023-11-14 18:38:31","2023-11-15 12:11:56","2112303629130_PX8029-REVISION__MTO_-07-10-2019.PDF","2112303629130_PX8029-REVISION__MTO_-07-10-2019.PDF","Revision (MTO)",NO,,,,,,,LO,5645,LO-005645,false,,,,,,false,2023-11-14,,,,,,,,,,,,
WO,2492,WO-2492,,,-,,,,SPA-CS,40,SPA-CS00040,"System Administrator",Cerrado,"2023-11-14 18:44:32","2023-11-15 12:15:08","2112310429866_CS0040-REVISION__MTO_-02-06-2020.DOC","2112310429866_CS0040-REVISION__MTO_-02-06-2020.DOC","Revision (MTO)",NO,,,,,,,LO,1850,LO-001850,false,,,,,,false,2023-11-14,,,,,,,,,,,,
WO,2981,WO-2981,,,-,,,,SPA-JX,7933,SPA-JX07933,"System Administrator",Cerrado,"2023-11-14 18:55:46","2023-11-15 12:19:36","2211294920195_REVISION_ANUAL_CT_JX7933_2021.PDF","2211294920195_REVISION_ANUAL_CT_JX7933_2021.PDF","Revision (MTO)",NO,,,,,,,LO,3299,LO-003299,false,,,,,,false,2023-11-14,,,,,,,,,,,,
WO,3147,WO-3147,,,-,,,,SPA-GU,9116,SPA-GU09116,"System Administrator",Cerrado,"2023-11-14 18:59:23","2023-11-15 12:23:21",1311145326711_GU9116.PDF,1311145326711_GU9116.PDF,"Inspecciones (OCA)",NO,,,,,,14.07.2024,LO,2762,LO-002762,false,,,,,,false,2023-11-14,,,,,,,,,,,,
WO,3149,WO-3149,,,-,,,,SPA-GU,9134,SPA-GU09134,"System Administrator",Cerrado,"2023-11-14 18:59:26","2023-11-15 12:18:36",131116179826_GU9134.PDF,131116179826_GU9134.PDF,"Inspecciones (OCA)",NO,,,,,,14.07.2024,LO,2769,LO-002769,false,,,,,,false,2023-11-14,,,,,,,,,,,,
WO,2667,WO-2667,,,-,,,,SPA-BU,4220,SPA-BU04220,"System Administrator",Cerrado,"2023-11-14 18:48:29","2023-11-15 12:19:41","211231225469_BU4220-INSPECCION__OCA_-13-10-2020.PDF","211231225469_BU4220-INSPECCION__OCA_-13-10-2020.PDF","Inspecciones (OCA)",NO,,,,,,13.10.2023,LO,692,LO-000692,false,,,,,,false,2023-11-14,,,,,,,,,,,,
WO,2648,WO-2648,,,-,,,,SPA-BU,4360,SPA-BU04360,"System Administrator",Cerrado,"2023-11-14 18:48:03","2023-11-15 12:11:06","2112312124958_BU4360-REVISION__MTO_-20-07-2020.PDF","2112312124958_BU4360-REVISION__MTO_-20-07-2020.PDF","Revision (MTO)",NO,,,,,,,LO,747,LO-000747,false,,,,,,false,2023-11-14,,,,,,,,,,,,
WO,4342,WO-4342,,,-,,,,SPA-AV,8451,SPA-AV08451,"System Administrator",Cerrado,"2024-01-18 17:41:49","2024-01-18 18:05:04",300827392744_AV8451.PDF,300827392744_AV8451.PDF,"Inspecciones (OCA)",NO,,,,,,,LO,150,LO-000150,false,,,,,,false,2024-01-18,,,,,,,,,,,,
WO,3979,WO-3979,,,-,,,,SPA-VX,918,SPA-VX00918,"System Administrator",Cerrado,"2024-01-18 17:33:18","2024-01-18 18:01:22","260917287261_VX0918_SAGUNTO_INFORME_REVISION_2023.PDF","260917287261_VX0918_SAGUNTO_INFORME_REVISION_2023.PDF","Revision (MTO)",NO,,,,,,02.05.2024,LO,7390,LO-007390,false,,,,,,false,2024-01-18,,,,,,,,,,,,
WO,3738,WO-3738,,,-,,,,SPA-VX,1435,SPA-VX01435,"System Administrator",Cerrado,"2023-11-14 19:13:11","2023-11-15 12:07:54","0317531116114_VX1435_VILLARGORDO_DEL_CABRIEL_INFORME_REVISION_2022.PDF","0317531116114_VX1435_VILLARGORDO_DEL_CABRIEL_INFORME_REVISION_2022.PDF","Revision (MTO)",NO,,,,,,,LO,7525,LO-007525,false,,,,,,false,2023-11-14,,,,,,,,,,,,
WO,3038,WO-3038,,,-,,,,SPA-VA,2225,SPA-VA02225,"System Administrator",Cerrado,"2023-11-14 18:57:04","2023-11-15 12:14:54","161331004510_PARTE_INCIDENCIA_VA2225.PDF","161331004510_PARTE_INCIDENCIA_VA2225.PDF","Revision (MTO)",NO,,,,,,,LO,7065,LO-007065,false,,,,,,false,2023-11-14,,,,,,,,,,,,
WO,2058,WO-2058,,,-,,,,SPA-AL,8920,SPA-AL08920,"System Administrator",Cerrado,"2023-11-14 18:34:07","2023-11-15 12:10:57","2112300413489_AL8920-REVISION__MTO_-20-06-2019.PDF","2112300413489_AL8920-REVISION__MTO_-20-06-2019.PDF","Revision (MTO)",NO,,,,,,,LO,115,LO-000115,false,,,,,,false,2023-11-14,,,,,,,,,,,,
WO,3680,WO-3680,,,-,,,,SPA-BU,4242,SPA-BU04242,"System Administrator",Cerrado,"2023-11-14 19:11:48","2023-11-15 12:07:09","1608403922797_BU4242-VALLA_ROTA_COMUNICAR.PDF","1608403922797_BU4242-VALLA_ROTA_COMUNICAR.PDF","Revision (MTO)",NO,,,,,,,LO,708,LO-000708,false,,,,,,false,2023-11-14,,,,,,,,,,,,
WO,4212,WO-4212,,,-,,,,SPA-TO,72,SPA-TO00072,"System Administrator",Cerrado,"2024-01-18 17:38:54","2024-01-18 18:03:46","040901098693_CERT_AT-TO-024-2_22_TOTEM_TO0059_ALMOROX_CT.PDF","040901098693_CERT_AT-TO-024-2_22_TOTEM_TO0059_ALMOROX_CT.PDF","Inspecciones (OCA)",NO,,,,,,,LO,6660,LO-006660,false,,,,,,false,2024-01-18,,,,,,,,,,,,
WO,3417,WO-3417,,,-,,,,SPA-GU,9137,SPA-GU09137,"System Administrator",Cerrado,"2023-11-14 19:05:41","2023-11-15 12:23:46","2708574221698_GU9137-TOTEM.PDF","2708574221698_GU9137-TOTEM.PDF","Revision (MTO)",NO,,,,,,,LO,2772,LO-002772,false,,,,,,false,2023-11-14,,,,,,,,,,,,
WO,2557,WO-2557,,,-,,,,SPA-LE,1806,SPA-LE01806,"System Administrator",Cerrado,"2023-11-14 18:46:00","2023-11-15 12:11:42","2112311213773_LE1806-INSPECCION__OCA_-13-08-2020.PDF","2112311213773_LE1806-INSPECCION__OCA_-13-08-2020.PDF","Inspecciones (OCA)",NO,,,,,,13.08.2023,LO,3492,LO-003492,false,,,,,,false,2023-11-14,,,,,,,,,,,,
WO,2737,WO-2737,,,-,,,,SPA-LE,921,SPA-LE00921,"System Administrator",Cerrado,"2023-11-14 18:50:04","2023-11-15 12:23:44","2112312729561_LE0921-REVISION__MTO_-26-06-2020.PDF","2112312729561_LE0921-REVISION__MTO_-26-06-2020.PDF","Revision (MTO)",NO,,,,,,,LO,3423,LO-003423,false,,,,,,false,2023-11-14,,,,,,,,,,,,
WO,4038,WO-4038,,,-,,,,SPA-ZX,561,SPA-ZX00561,"System Administrator",Cerrado,"2024-01-18 17:34:44","2024-01-18 18:01:59","3007360814188_ZX0561-REV_MTO_12_07_23.PDF","3007360814188_ZX0561-REV_MTO_12_07_23.PDF","Revision (MTO)",NO,,,,,,12.07.2024,LO,7788,LO-007788,false,,,,,,false,2024-01-18,,,,,,,,,,,,
WO,2161,WO-2161,,,-,,,,SPA-BU,4244,SPA-BU04244,"System Administrator",Cerrado,"2023-11-14 18:36:37","2023-11-15 12:22:28","211230269714_BU4244-REVISION__MTO_-08-08-2019.PDF","211230269714_BU4244-REVISION__MTO_-08-08-2019.PDF","Revision (MTO)",NO,,,,,,,LO,709,LO-000709,false,,,,,,false,2023-11-14,,,,,,,,,,,,
WO,2240,WO-2240,,,-,,,,SPA-CA,5001,SPA-CA05001,"System Administrator",Cerrado,"2023-11-14 18:38:29","2023-11-15 12:17:42","2112303620078_CA5001-REVISION__MTO__-18072014.PDF","2112303620078_CA5001-REVISION__MTO__-18072014.PDF","Revision (MTO)",NO,,,,,,,LO,1511,LO-001511,false,,,,,,false,2023-11-14,,,,,,,,,,,,
WO,3354,WO-3354,,,-,,,,SPA-CR,3096,SPA-CR03096,"System Administrator",Cerrado,"2023-11-14 19:04:14","2023-11-15 12:09:00","190932225277_CR3096-TOTEM.PDF","190932225277_CR3096-TOTEM.PDF","Revision (MTO)",NO,,,,,,,LO,1751,LO-001751,false,,,,,,false,2023-11-14,,,,,,,,,,,,
WO,3375,WO-3375,,,-,,,,SPA-TO,14,SPA-TO00014,"System Administrator",Cerrado,"2023-11-14 19:04:43","2023-11-15 12:16:59","191354469037_TO0014-TOTEM.PDF","191354469037_TO0014-TOTEM.PDF","Revision (MTO)",NO,,,,,,,LO,6635,LO-006635,false,,,,,,false,2023-11-14,,,,,,,,,,,,
WO,4630,WO-4630,,,-,,,,,,,"David Espinar Cobo",Abierto,"2024-01-30 10:59:21","2024-01-30 10:59:21","LTE REPLANTEO","REPLANTEO, TOMA DE DATOS Y FOTOS",Auditoría,NO,"2024-02-01 07:00:00","2024-02-09 21:00:00",,,,,,,-,false,,,,,,false,2024-01-30,,,,,,,,,,,,
WO,3150,WO-3150,,,-,,,,SPA-GU,9137,SPA-GU09137,"System Administrator",Cerrado,"2023-11-14 18:59:27","2023-11-15 12:07:41",1311201027667_GU9137.PDF,1311201027667_GU9137.PDF,"Inspecciones (OCA)",NO,,,,,,14.07.2024,LO,2772,LO-002772,false,,,,,,false,2023-11-14,,,,,,,,,,,,
WO,4293,WO-4293,,,-,,,,SPA-SO,9888,SPA-SO09888,"System Administrator",Cerrado,"2024-01-18 17:40:44","2024-01-18 18:04:36",3008305418428_SO9888.PDF,3008305418428_SO9888.PDF,"Inspecciones (OCA)",NO,,,,,,,LO,6163,LO-006163,false,,,,,,false,2024-01-18,,,,,,,,,,,,
WO,3686,WO-3686,,,-,,,,SPA-VX,1408,SPA-VX01408,"System Administrator",Cerrado,"2023-11-14 19:11:57","2023-12-21 15:16:37","211326265527_460_AT_0003_22_1__CT_BUÑOL.PDF","211326265527_460_AT_0003_22_1__CT_BUÑOL.PDF","Inspecciones (OCA)",NO,,,,,,08.06.2025,LO,7521,LO-007521,false,,,,,,false,2023-11-14,,,,,,,,,,,,
WO,3197,WO-3197,,,-,,,,SPA-SG,9544,SPA-SG09544,"System Administrator",Cerrado,"2023-11-14 19:00:36","2023-11-15 12:18:51","070912591830_SG9544-CON_DEFECTOS.PDF","070912591830_SG9544-CON_DEFECTOS.PDF","Revision (MTO)",NO,,,,,,,LO,6086,LO-006086,false,,,,,,false,2023-11-14,,,,,,,,,,,,
WO,3867,WO-3867,,,-,,,,SPA-SE,1331,SPA-SE01331,"System Administrator",Cerrado,"2024-01-18 17:30:32","2024-01-18 18:00:13","0714325823807_REVISION_MTO_03-10-23.PDF","0714325823807_REVISION_MTO_03-10-23.PDF","Revision (MTO)",NO,,,,,,,LO,5966,LO-005966,false,,,,,,false,2024-01-18,,,,,,,,,,,,
WO,2262,WO-2262,,,-,,,,SPA-SA,5620,SPA-SA05620,"System Administrator",Cerrado,"2023-11-14 18:38:59","2023-11-15 12:22:42","2112303916290_SA5620-REVISION__MTO_-20-09-2018.PDF","2112303916290_SA5620-REVISION__MTO_-20-09-2018.PDF","Revision (MTO)",NO,,,,,,,LO,5694,LO-005694,false,,,,,,false,2023-11-14,,,,,,,,,,,,
WO,2666,WO-2666,,,-,,,,SPA-BU,4230,SPA-BU04230,"System Administrator",Cerrado,"2023-11-14 18:48:27","2023-11-15 12:06:38","2112312210761_BU4230-REVISION__MTO_-20-07-2020.PDF","2112312210761_BU4230-REVISION__MTO_-20-07-2020.PDF","Revision (MTO)",NO,,,,,,,LO,700,LO-000700,false,,,,,,false,2023-11-14,,,,,,,,,,,,
WO,3475,WO-3475,,,-,,,,SPA-TO,72,SPA-TO00072,"System Administrator",Cerrado,"2023-11-14 19:07:01","2023-11-15 12:08:06","181216358672_TO00072-REV__MTO_06-06-2022.PDF","181216358672_TO00072-REV__MTO_06-06-2022.PDF","Revision (MTO)",NO,,,,,,,LO,6660,LO-006660,false,,,,,,false,2023-11-14,,,,,,,,,,,,
WO,2519,WO-2519,,,-,,,,SPA-OR,9125,SPA-OR09125,"System Administrator",Cerrado,"2023-11-14 18:45:09","2023-11-15 12:13:53","2112310629986_OR9125-REVISION__MTO_-20-04-2020.PDF","2112310629986_OR9125-REVISION__MTO_-20-04-2020.PDF","Revision (MTO)",NO,,,,,,,LO,5140,LO-005140,false,,,,,,false,2023-11-14,,,,,,,,,,,,
WO,2029,WO-2029,,,-,,,,SPA-HU,7281,SPA-HU07281,"System Administrator",Cerrado,"2023-11-14 18:33:25","2023-11-15 12:15:39","211230022995_HU7281-INSPECCION__OCA_-14-06-2019.PDF","211230022995_HU7281-INSPECCION__OCA_-14-06-2019.PDF","Inspecciones (OCA)",NO,,,,,,14.06.2022,LO,2900,LO-002900,false,,,,,,false,2023-11-14,,,,,,,,,,,,
WO,2246,WO-2246,,,-,,,,SPA-SA,6435,SPA-SA06435,"System Administrator",Cerrado,"2023-11-14 18:38:37","2023-11-15 12:22:26","2112303724474_SA6435-REVISION__MTO_-20-09-2018.PDF","2112303724474_SA6435-REVISION__MTO_-20-09-2018.PDF","Revision (MTO)",NO,,,,,,,LO,5720,LO-005720,false,,,,,,false,2023-11-14,,,,,,,,,,,,
WO,3460,WO-3460,,,-,,,,SPA-TO,26,SPA-TO00026,"System Administrator",Cerrado,"2023-11-14 19:06:41","2023-11-15 12:24:21","1514261818106_TO00026-REV__MTO_20-06-2022.PDF","1514261818106_TO00026-REV__MTO_20-06-2022.PDF","Revision (MTO)",NO,,,,,,,LO,6641,LO-006641,false,,,,,,false,2023-11-14,,,,,,,,,,,,
WO,3531,WO-3531,,,-,,,,SPA-OR,9722,SPA-OR09722,"System Administrator",Cerrado,"2023-11-14 19:08:19","2023-11-15 12:17:39",0810152528913_OR9722.PDF,0810152528913_OR9722.PDF,"Revision (MTO)",NO,,,,,,,LO,5171,LO-005171,false,,,,,,false,2023-11-14,,,,,,,,,,,,
WO,4204,WO-4204,,,-,,,,SPA-TO,122,SPA-TO00122,"System Administrator",Cerrado,"2024-01-18 17:38:44","2024-01-18 18:03:41","0913523122252_CERT_AT-TO-018-2_22_TOTEM_TO0122_TALAVERA_DE_LA_REINA_CT.PDF","0913523122252_CERT_AT-TO-018-2_22_TOTEM_TO0122_TALAVERA_DE_LA_REINA_CT.PDF","Inspecciones (OCA)",NO,,,,,,,LO,6685,LO-006685,false,,,,,,false,2024-01-18,,,,,,,,,,,,
WO,4188,WO-4188,,,-,,,,SPA-TE,19,SPA-TE00019,"System Administrator",Cerrado,"2024-01-18 17:38:22","2024-01-18 18:03:31","101639258491_TE0019-REV_MTO_31-08-23.PDF","101639258491_TE0019-REV_MTO_31-08-23.PDF","Revision (MTO)",NO,,,,,,31.08.2024,LO,6402,LO-006402,false,,,,,,false,2024-01-18,,,,,,,,,,,,
WO,3667,WO-3667,,,-,,,,SPA-BU,4365,SPA-BU04365,"System Administrator",Cerrado,"2023-11-14 19:11:27","2023-11-15 12:06:30","1608252612996_BU4365-CON_DEFECTOS.PDF","1608252612996_BU4365-CON_DEFECTOS.PDF","Revision (MTO)",NO,,,,,,,LO,751,LO-000751,false,,,,,,false,2023-11-14,,,,,,,,,,,,
WO,4557,WO-4557,SAR,215,SAR-000215,SPA-MX,952,SPA-MX00952,,,,"DNO acceso OSP",Abierto,"2024-01-29 12:06:47","2024-01-29 12:10:07","443450 - MX0952","INSTALACION EQUIPÒS ERICSSON ORSNGE 5G",Infraestructura,NO,,,,,,,,,-,false,,,,,,false,2024-01-29,,,,,,,,,,,,
WO,1917,WO-1917,,,-,,,,SPA-AB,6362,SPA-AB06362,"System Administrator",Cerrado,"2023-11-14 18:30:44","2023-12-21 15:06:46","0710003925986_AB6362_INFORME_REVISION_CHINCHILLA_MUNIBAÑEZ_2021.DOC","0710003925986_AB6362_INFORME_REVISION_CHINCHILLA_MUNIBAÑEZ_2021.DOC","Revision (MTO)",NO,,,,,,,LO,78,LO-000078,false,,,,,,false,2023-11-14,,,,,,,,,,,,
WO,2678,WO-2678,,,-,,,,SPA-BU,4201,SPA-BU04201,"System Administrator",Cerrado,"2023-11-14 18:48:43","2023-11-15 12:09:28","211231239505_BU4201-INSPECCION__OCA_-12-10-2020.PDF","211231239505_BU4201-INSPECCION__OCA_-12-10-2020.PDF","Inspecciones (OCA)",NO,,,,,,12.10.2023,LO,684,LO-000684,false,,,,,,false,2023-11-14,,,,,,,,,,,,
WO,4261,WO-4261,,,-,,,,SPA-ZA,6944,SPA-ZA06944,"System Administrator",Cerrado,"2024-01-18 17:40:01","2024-01-18 18:04:17",1609475219741_ZA6944.PDF,1609475219741_ZA6944.PDF,"Inspecciones (OCA)",NO,,,,,,,LO,7636,LO-007636,false,,,,,,false,2024-01-18,,,,,,,,,,,,
WO,1986,WO-1986,,,-,,,,SPA-MU,290,SPA-MU00290,"System Administrator",Cerrado,"2023-11-14 18:32:24","2023-11-15 12:08:33","271101227468_300_AT_0002_21-1__MU0290.PDF","271101227468_300_AT_0002_21-1__MU0290.PDF","Inspecciones (OCA)",NO,,,,,,14.04.2024,LO,4105,LO-004105,false,,,,,,false,2023-11-14,,,,,,,,,,,,
WO,2709,WO-2709,,,-,,,,,,,"System Administrator",Cerrado,"2023-11-14 18:49:26","2023-11-15 12:25:31","2112312528317_LE0451-REVISION__MTO_-23-06-2020.PDF","2112312528317_LE0451-REVISION__MTO_-23-06-2020.PDF","Revision (MTO)",NO,,,,,,,,,-,false,,,,,,false,2023-11-14,,,,,,,,,,,,
WO,3831,WO-3831,,,-,,,,SPA-CO,6835,SPA-CO06835,"System Administrator",Cerrado,"2024-01-18 17:29:38","2024-01-18 17:59:49","1009480427954_CO6835-REVISION__MTO_-07-08-2023.PDF","1009480427954_CO6835-REVISION__MTO_-07-08-2023.PDF","Revision (MTO)",NO,,,,,,,LO,1609,LO-001609,false,,,,,,false,2024-01-18,,,,,,,,,,,,
WO,2210,WO-2210,,,-,,,,SPA-SG,9402,SPA-SG09402,"System Administrator",Cerrado,"2023-11-14 18:37:47","2023-11-15 12:25:08","2112303314218_SG9402-REVISION__MTO_-08-08-2019.PDF","2112303314218_SG9402-REVISION__MTO_-08-08-2019.PDF","Revision (MTO)",NO,,,,,,,LO,6079,LO-006079,false,,,,,,false,2023-11-14,,,,,,,,,,,,
WO,3599,WO-3599,,,-,,,,SPA-JX,7917,SPA-JX07917,"System Administrator",Cerrado,"2023-11-14 19:09:52","2023-11-15 12:22:36","0911304932543_JX7917-REVISION__MTO_-29-08-2022.PDF","0911304932543_JX7917-REVISION__MTO_-29-08-2022.PDF","Revision (MTO)",NO,,,,,,,LO,3295,LO-003295,false,,,,,,false,2023-11-14,,,,,,,,,,,,
WO,4199,WO-4199,,,-,,,,SPA-ZX,226,SPA-ZX00226,"System Administrator",Cerrado,"2024-01-18 17:38:37","2024-01-18 18:03:38","0816083121115_2__VISITA_AT-Z-06-22_ZX0226_CUBEL.PDF","0816083121115_2__VISITA_AT-Z-06-22_ZX0226_CUBEL.PDF","Inspecciones (OCA)",NO,,,,,,,LO,7725,LO-007725,false,,,,,,false,2024-01-18,,,,,,,,,,,,
WO,2380,WO-2380,,,-,,,,,,,"System Administrator",Cerrado,"2023-11-14 18:41:49","2023-11-15 12:11:02","2112304914522_CR3426-REVISION__MTO_-11-02-2019.PDF","2112304914522_CR3426-REVISION__MTO_-11-02-2019.PDF","Revision (MTO)",NO,,,,,,,,,-,false,,,,,,false,2023-11-14,,,,,,,,,,,,
WO,2202,WO-2202,,,-,,,,SPA-ZA,6982,SPA-ZA06982,"System Administrator",Cerrado,"2023-11-14 18:37:35","2023-11-15 12:12:41","211230322088_ZA6982-REVISION__MTO_-08-07-2019.PDF","211230322088_ZA6982-REVISION__MTO_-08-07-2019.PDF","Revision (MTO)",NO,,,,,,,LO,7652,LO-007652,false,,,,,,false,2023-11-14,,,,,,,,,,,,
WO,3513,WO-3513,,,-,,,,SPA-LU,8182,SPA-LU08182,"System Administrator",Cerrado,"2023-11-14 19:07:53","2023-11-15 12:08:28",041024396845_LU8182.PDF,041024396845_LU8182.PDF,"Revision (MTO)",NO,,,,,,,LO,3658,LO-003658,false,,,,,,false,2023-11-14,,,,,,,,,,,,
WO,2481,WO-2481,,,-,,,,SPA-AB,26,SPA-AB00026,"System Administrator",Cerrado,"2023-11-14 18:44:16","2023-11-15 12:08:12","2112310228211_AB0026-REVISION__MTO_-22-04-2020.DOC","2112310228211_AB0026-REVISION__MTO_-22-04-2020.DOC","Revision (MTO)",NO,,,,,,,LO,5,LO-000005,false,,,,,,false,2023-11-14,,,,,,,,,,,,
WO,2312,WO-2312,,,-,,,,SPA-HX,9605,SPA-HX09605,"System Administrator",Cerrado,"2023-11-14 18:40:12","2023-11-15 12:20:39","2112304410556_HX9605-REVISION__MTO_-05-03-2020.PDF","2112304410556_HX9605-REVISION__MTO_-05-03-2020.PDF","Revision (MTO)",NO,,,,,,,LO,2949,LO-002949,false,,,,,,false,2023-11-14,,,,,,,,,,,,
WO,3790,WO-3790,,,-,,,,SPA-HX,9654,SPA-HX09654,"System Administrator",Cerrado,"2023-11-14 19:14:25","2023-11-15 12:16:54","0307311321555_HX9654-INSPECCION__OCA_-20-10-2022.PDF","0307311321555_HX9654-INSPECCION__OCA_-20-10-2022.PDF","Inspecciones (OCA)",NO,,,,,,20.10.2025,LO,2969,LO-002969,false,,,,,,false,2023-11-14,,,,,,,,,,,,
WO,2834,WO-2834,,,-,,,,SPA-CU,8496,SPA-CU08496,"System Administrator",Cerrado,"2023-11-14 18:52:21","2023-11-15 12:06:40","211234312593_CU8496-INSPECCION__OCA_-21-03-2018.PDF","211234312593_CU8496-INSPECCION__OCA_-21-03-2018.PDF","Inspecciones (OCA)",NO,,,,,,21.03.2021,LO,2019,LO-002019,false,,,,,,false,2023-11-14,,,,,,,,,,,,
WO,3521,WO-3521,,,-,,,,SPA-CX,3053,SPA-CX03053,"System Administrator",Cerrado,"2023-11-14 19:08:05","2023-11-15 12:24:34",0411204421834_CX3053.PDF,0411204421834_CX3053.PDF,"Revision (MTO)",NO,,,,,,,LO,2276,LO-002276,false,,,,,,false,2023-11-14,,,,,,,,,,,,
WO,2318,WO-2318,,,-,,,,SPA-HX,408,SPA-HX00408,"System Administrator",Cerrado,"2023-11-14 18:40:21","2023-11-15 12:07:07","2112304418915_HX0408-REVISION__MTO_-09-03-2020.PDF","2112304418915_HX0408-REVISION__MTO_-09-03-2020.PDF","Revision (MTO)",NO,,,,,,,LO,2906,LO-002906,false,,,,,,false,2023-11-14,,,,,,,,,,,,
WO,2073,WO-2073,,,-,,,,SPA-ZX,586,SPA-ZX00586,"System Administrator",Cerrado,"2023-11-14 18:34:27","2023-11-15 12:07:23","2112300519447_ZX0586-INSPECCION__OCA_-18-06-2019.PDF","2112300519447_ZX0586-INSPECCION__OCA_-18-06-2019.PDF","Inspecciones (OCA)",NO,,,,,,18.06.2022,LO,7795,LO-007795,false,,,,,,false,2023-11-14,,,,,,,,,,,,
WO,3343,WO-3343,,,-,,,,SPA-MX,588,SPA-MX00588,"System Administrator",Cerrado,"2023-11-14 19:03:59","2023-11-15 12:22:18",1811465125432_MX0588.PDF,1811465125432_MX0588.PDF,"Revision (MTO)",NO,,,,,,,LO,4446,LO-004446,false,,,,,,false,2023-11-14,,,,,,,,,,,,
WO,4064,WO-4064,,,-,,,,SPA-AV,8433,SPA-AV08433,"System Administrator",Cerrado,"2024-01-18 17:35:21","2024-01-18 18:02:15",300907248719_AV8433.PDF,300907248719_AV8433.PDF,"Revision (MTO)",NO,,,,,,18.11.2024,LO,148,LO-000148,false,,,,,,false,2024-01-18,,,,,,,,,,,,
WO,4400,WO-4400,SAR,6,SAR-000006,SPA-PO,7004,SPA-PO07004,,,,"Agustín  Martín grande",Abierto,"2024-01-22 08:42:32","2024-01-22 08:43:45","Desmantelamiento PO7004","Desmantelamiento PO7004",Infraestructura,SI,"2024-01-22 08:00:00","2024-01-26 18:00:00","2024-01-22 08:00:00",,,,,,-,false,,,,,,false,2024-01-22,,,,,,,,,,,,
WO,2045,WO-2045,,,-,,,,SPA-JX,7952,SPA-JX07952,"System Administrator",Cerrado,"2023-11-14 18:33:48","2023-11-15 12:23:56","2112300315791_JX7952-REVISION__MTO_-15-03-2019.PDF","2112300315791_JX7952-REVISION__MTO_-15-03-2019.PDF","Revision (MTO)",NO,,,,,,,LO,3304,LO-003304,false,,,,,,false,2023-11-14,,,,,,,,,,,,
WO,2822,WO-2822,,,-,,,,SPA-CX,1775,SPA-CX01775,"System Administrator",Cerrado,"2023-11-14 18:52:02","2023-11-15 12:17:14","2112342910559_CX1775-INSPECCION__OCA_-15-09-2020.PDF","2112342910559_CX1775-INSPECCION__OCA_-15-09-2020.PDF","Inspecciones (OCA)",NO,,,,,,15.09.2023,LO,2231,LO-002231,false,,,,,,false,2023-11-14,,,,,,,,,,,,
WO,2791,WO-2791,,,-,,,,SPA-SG,9544,SPA-SG09544,"System Administrator",Cerrado,"2023-11-14 18:51:19","2023-11-15 12:20:14","2112342721604_SG9544-INSPECCION__OCA_-17-09-2020.PDF","2112342721604_SG9544-INSPECCION__OCA_-17-09-2020.PDF","Inspecciones (OCA)",NO,,,,,,17.09.2023,LO,6086,LO-006086,false,,,,,,false,2023-11-14,,,,,,,,,,,,
WO,3735,WO-3735,,,-,,,,SPA-TE,48,SPA-TE00048,"System Administrator",Cerrado,"2023-11-14 19:13:07","2023-11-15 12:13:19","2710154429927_TE0048-REV_MTO_22-08-2022.PDF","2710154429927_TE0048-REV_MTO_22-08-2022.PDF","Revision (MTO)",NO,,,,,,,LO,6416,LO-006416,false,,,,,,false,2023-11-14,,,,,,,,,,,,
WO,3876,WO-3876,,,-,,,,SPA-LE,1726,SPA-LE01726,"System Administrator",Cerrado,"2024-01-18 17:30:45","2024-01-18 18:00:19","191001212361_LE1726-CON_DEFECTOS.PDF","191001212361_LE1726-CON_DEFECTOS.PDF","Revision (MTO)",NO,,,,,,,LO,3481,LO-003481,false,,,,,,false,2024-01-18,,,,,,,,,,,,
WO,4579,WO-4579,SAR,236,SAR-000236,SPA-MA,3013,SPA-MA03013,,,,"DNO acceso OSP",Abierto,"2024-01-29 13:39:01","2024-01-29 13:44:10","443461 - MA3013","MEDICION DE EMISIONES RADIOELECTRICAS, TOMA DE FOTOS Y SEÑALIZACION","Inspecciones (OCA)",NO,,,,,,,,,-,false,,,,,,false,2024-01-29,,,,,,,,,,,,
WO,2653,WO-2653,,,-,,,,SPA-BU,4156,SPA-BU04156,"System Administrator",Cerrado,"2023-11-14 18:48:09","2023-11-15 12:09:04","2112312114855_BU4156-INSPECCION__OCA_-15-10-2020.PDF","2112312114855_BU4156-INSPECCION__OCA_-15-10-2020.PDF","Inspecciones (OCA)",NO,,,,,,15.10.2023,LO,665,LO-000665,false,,,,,,false,2023-11-14,,,,,,,,,,,,
WO,3899,WO-3899,,,-,,,,SPA-LE,1543,SPA-LE01543,"System Administrator",Cerrado,"2024-01-18 17:31:19","2024-01-18 18:00:33","1913541032226_LE1543-_CON_DEFECTOS.PDF","1913541032226_LE1543-_CON_DEFECTOS.PDF","Revision (MTO)",NO,,,,,,,LO,3446,LO-003446,false,,,,,,false,2024-01-18,,,,,,,,,,,,
WO,2742,WO-2742,,,-,,,,SPA-HX,9611,SPA-HX09611,"System Administrator",Cerrado,"2023-11-14 18:50:10","2023-11-15 12:10:50","2112312720308_HX9611-INSPECCION__OCA_-21-12-2020.PDF","2112312720308_HX9611-INSPECCION__OCA_-21-12-2020.PDF","Inspecciones (OCA)",NO,,,,,,21.12.2023,LO,2952,LO-002952,false,,,,,,false,2023-11-14,,,,,,,,,,,,
WO,3280,WO-3280,,,-,,,,SPA-JX,7917,SPA-JX07917,"System Administrator",Cerrado,"2023-11-14 19:02:31","2023-11-15 12:14:35","211306598036_JX7917-INSPECCION__OCA_-26-11-2020.PDF","211306598036_JX7917-INSPECCION__OCA_-26-11-2020.PDF","Inspecciones (OCA)",NO,,,,,,01.07.2023,LO,3295,LO-003295,false,,,,,,false,2023-11-14,,,,,,,,,,,,
WO,2103,WO-2103,,,-,,,,SPA-LE,651,SPA-LE00651,"System Administrator",Cerrado,"2023-11-14 18:35:11","2023-11-15 12:08:56","2112302021411_LE0651-REVISION__MTO_-01-08-2018.PDF","2112302021411_LE0651-REVISION__MTO_-01-08-2018.PDF","Revision (MTO)",NO,,,,,,,LO,3412,LO-003412,false,,,,,,false,2023-11-14,,,,,,,,,,,,
WO,4444,WO-4444,SAR,78,SAR-000078,SPA-IB,401,SPA-IB00401,,,,"Juan jorge  Moreno valls",Abierto,"2024-01-24 14:04:58","2024-01-24 14:06:14","Cambio Cerradura puerta caseta","Cambio Cerradura puerta caseta",Infraestructura,NO,,,,,,,,,-,false,,,,,,false,2024-01-24,,,,,,,,,,,,
WO,2698,WO-2698,,,-,,,,SPA-PX,8090,SPA-PX08090,"System Administrator",Cerrado,"2023-11-14 18:49:11","2023-11-15 12:13:00","211231248522_PX8090-INSPECCION__OCA_-11-11-2020.PDF","211231248522_PX8090-INSPECCION__OCA_-11-11-2020.PDF","Inspecciones (OCA)",NO,,,,,,11.11.2023,LO,5661,LO-005661,false,,,,,,false,2023-11-14,,,,,,,,,,,,
WO,2800,WO-2800,,,-,,,,SPA-SG,9402,SPA-SG09402,"System Administrator",Cerrado,"2023-11-14 18:51:32","2023-11-15 12:22:37","211234275927_SG9402-INSPECCION__OCA_-15-09-2020.PDF","211234275927_SG9402-INSPECCION__OCA_-15-09-2020.PDF","Inspecciones (OCA)",NO,,,,,,15.09.2023,LO,6079,LO-006079,false,,,,,,false,2023-11-14,,,,,,,,,,,,
WO,2168,WO-2168,,,-,,,,SPA-BU,4210,SPA-BU04210,"System Administrator",Cerrado,"2023-11-14 18:36:47","2023-11-15 12:06:14","211230275303_BU4210-REVISION__MTO_-08-08-2019.PDF","211230275303_BU4210-REVISION__MTO_-08-08-2019.PDF","Revision (MTO)",NO,,,,,,,LO,688,LO-000688,false,,,,,,false,2023-11-14,,,,,,,,,,,,
WO,2518,WO-2518,,,-,,,,SPA-OR,8985,SPA-OR08985,"System Administrator",Cerrado,"2023-11-14 18:45:08","2023-11-15 12:14:36","2112310628641_OR8985-REVISION__MTO_-20-04-2020.PDF","2112310628641_OR8985-REVISION__MTO_-20-04-2020.PDF","Revision (MTO)",NO,,,,,,,LO,5130,LO-005130,false,,,,,,false,2023-11-14,,,,,,,,,,,,
WO,4607,WO-4607,SAR,266,SAR-000266,SPA-GC,337,SPA-GC00337,,,,"DNO acceso OSP",Abierto,"2024-01-29 21:28:02","2024-01-29 21:33:34","nlg 443558   GC0337","REPLANTEO. TOMA DE DATOS Y FOTOGRAFIAS EN SALA DE EQUIPOS Y ANTENAS",Auditoría,NO,,,,,,,,,-,false,,,,,,false,2024-01-29,,,,,,,,,,,,
WO,3549,WO-3549,,,-,,,,SPA-MX,3041,SPA-MX03041,"System Administrator",Cerrado,"2023-11-14 19:08:43","2023-11-15 12:05:54",0816043332665_MX3041.PDF,0816043332665_MX3041.PDF,"Revision (MTO)",NO,,,,,,,LO,4683,LO-004683,false,,,,,,false,2023-11-14,,,,,,,,,,,,
WO,3251,WO-3251,,,-,,,,SPA-LE,1726,SPA-LE01726,"System Administrator",Cerrado,"2023-11-14 19:01:51","2023-11-15 12:14:19",1409104623712_LE1726.PDF,1409104623712_LE1726.PDF,"Revision (MTO)",NO,,,,,,,LO,3481,LO-003481,false,,,,,,false,2023-11-14,,,,,,,,,,,,
WO,2936,WO-2936,,,-,,,,,,,"System Administrator",Cerrado,"2023-11-14 18:54:43","2023-11-15 12:18:38","2217211320771_REVISION_ANUAL_CT_MA2916_2021.PDF","2217211320771_REVISION_ANUAL_CT_MA2916_2021.PDF","Revision (MTO)",NO,,,,,,,,,-,false,,,,,,false,2023-11-14,,,,,,,,,,,,
WO,2069,WO-2069,,,-,,,,SPA-ZX,621,SPA-ZX00621,"System Administrator",Cerrado,"2023-11-14 18:34:22","2023-11-15 12:12:26","211230052187_ZX0621-INSPECCION__OCA_-19-06-2019.PDF","211230052187_ZX0621-INSPECCION__OCA_-19-06-2019.PDF","Inspecciones (OCA)",NO,,,,,,19.06.2022,LO,7800,LO-007800,false,,,,,,false,2023-11-14,,,,,,,,,,,,
WO,2938,WO-2938,,,-,,,,SPA-MA,2854,SPA-MA02854,"System Administrator",Cerrado,"2023-11-14 18:54:45","2023-11-15 12:25:22","2217063416642_REVISION_ANUAL_CT_MA2854_2021.PDF","2217063416642_REVISION_ANUAL_CT_MA2854_2021.PDF","Revision (MTO)",NO,,,,,,,LO,3910,LO-003910,false,,,,,,false,2023-11-14,,,,,,,,,,,,
WO,2724,WO-2724,,,-,,,,SPA-JX,8171,SPA-JX08171,"System Administrator",Cerrado,"2023-11-14 18:49:46","2023-11-15 12:04:51","2112312617117_JX8171-REVISION__MTO_-07-04-2020.PDF","2112312617117_JX8171-REVISION__MTO_-07-04-2020.PDF","Revision (MTO)",NO,,,,,,,LO,3323,LO-003323,false,,,,,,false,2023-11-14,,,,,,,,,,,,
WO,3474,WO-3474,,,-,,,,SPA-TO,72,SPA-TO00072,"System Administrator",Cerrado,"2023-11-14 19:07:00","2023-11-15 12:08:35","181216054835_CERT_AT-TO-006_22_TOTEM_TO0072_VILLATOBAS_CT.PDF","181216054835_CERT_AT-TO-006_22_TOTEM_TO0072_VILLATOBAS_CT.PDF","Inspecciones (OCA)",NO,,,,,,06.06.2025,LO,6660,LO-006660,false,,,,,,false,2023-11-14,,,,,,,,,,,,
WO,4132,WO-4132,,,-,,,,SPA-LU,7720,SPA-LU07720,"System Administrator",Cerrado,"2024-01-18 17:37:00","2024-01-18 18:02:57",2808315217875_LU7720.PDF,2808315217875_LU7720.PDF,"Revision (MTO)",NO,,,,,,25.11.2024,LO,3608,LO-003608,false,,,,,,false,2024-01-18,,,,,,,,,,,,
WO,3818,WO-3818,,,-,,,,SPA-GU,49,SPA-GU00049,"System Administrator",Cerrado,"2024-01-18 17:29:18","2024-01-18 17:59:41","091744061339_GU0049-REV__MTO_08-07-2022.PDF","091744061339_GU0049-REV__MTO_08-07-2022.PDF","Revision (MTO)",NO,,,,,,,LO,2743,LO-002743,false,,,,,,false,2024-01-18,,,,,,,,,,,,
WO,1887,WO-1887,,,-,,,,SPA-SG,9541,SPA-SG09541,"System Administrator",Cerrado,"2023-11-14 18:30:01","2023-11-15 12:13:08",2310321923964_SG9541.PDF,2310321923964_SG9541.PDF,"Revision (MTO)",NO,,,,,,,LO,6083,LO-006083,false,,,,,,false,2023-11-14,,,,,,,,,,,,
WO,4536,WO-4536,SAR,195,SAR-000195,SPA-BX,83,SPA-BX00083,,,,"Neus Crespo barbera",Abierto,"2024-01-29 09:55:24","2024-01-29 09:56:09","Trabajos preventivos","Trabajos preventivos","Inspección Preventiva",NO,,,,,,,,,-,false,,,,,,false,2024-01-29,,,,,,,,,,,,
WO,2770,WO-2770,,,-,,,,SPA-VA,2283,SPA-VA02283,"System Administrator",Cerrado,"2023-11-14 18:50:49","2023-11-15 12:20:34","2112342513171_VA2283-INSPECCION__OCA_-05-10-2020.PDF","2112342513171_VA2283-INSPECCION__OCA_-05-10-2020.PDF","Inspecciones (OCA)",NO,,,,,,05.10.2023,LO,7098,LO-007098,false,,,,,,false,2023-11-14,,,,,,,,,,,,
WO,2274,WO-2274,,,-,,,,SPA-LE,9995,SPA-LE09995,"System Administrator",Cerrado,"2023-11-14 18:39:16","2023-11-15 12:05:56","2112304125141_LE9995-REVISION__MTO_-10-06-2019.PDF","2112304125141_LE9995-REVISION__MTO_-10-06-2019.PDF","Revision (MTO)",NO,,,,,,,LO,3512,LO-003512,false,,,,,,false,2023-11-14,,,,,,,,,,,,
WO,2786,WO-2786,,,-,,,,SPA-SG,9157,SPA-SG09157,"System Administrator",Cerrado,"2023-11-14 18:51:12","2023-11-15 12:12:33","2112342724320_SG9157-INSPECCION__OCA_-21-09-2020.PDF","2112342724320_SG9157-INSPECCION__OCA_-21-09-2020.PDF","Inspecciones (OCA)",NO,,,,,,21.09.2023,LO,6054,LO-006054,false,,,,,,false,2023-11-14,,,,,,,,,,,,
WO,3505,WO-3505,,,-,,,,SPA-TO,2123,SPA-TO02123,"System Administrator",Cerrado,"2023-11-14 19:07:42","2023-11-15 12:18:38","1813055211292_TO2123-REV__MTO_07-06-2022.PDF","1813055211292_TO2123-REV__MTO_07-06-2022.PDF","Revision (MTO)",NO,,,,,,,LO,6786,LO-006786,false,,,,,,false,2023-11-14,,,,,,,,,,,,
WO,3613,WO-3613,,,-,,,,SPA-ZX,561,SPA-ZX00561,"System Administrator",Cerrado,"2023-11-14 19:10:11","2023-11-15 12:20:17","1211140732653_ZX0561_-_AT-Z-07-22_TERRER_-_OCA.PDF","1211140732653_ZX0561_-_AT-Z-07-22_TERRER_-_OCA.PDF","Inspecciones (OCA)",NO,,,,,,04.07.2025,LO,7788,LO-007788,false,,,,,,false,2023-11-14,,,,,,,,,,,,
WO,4002,WO-4002,,,-,,,,SPA-LE,1726,SPA-LE01726,"System Administrator",Cerrado,"2024-01-18 17:33:52","2024-01-18 18:01:36",1613431717154_LE1726.PDF,1613431717154_LE1726.PDF,"Revision (MTO)",NO,,,,,,07.10.2024,LO,3481,LO-003481,false,,,,,,false,2024-01-18,,,,,,,,,,,,
WO,3110,WO-3110,,,-,,,,SPA-CU,8474,SPA-CU08474,"System Administrator",Cerrado,"2023-11-14 18:58:33","2023-11-15 12:22:57",0915390516001_CU8474.PDF,0915390516001_CU8474.PDF,"Inspecciones (OCA)",NO,,,,,,30.07.2024,LO,2004,LO-002004,false,,,,,,false,2023-11-14,,,,,,,,,,,,
WO,2843,WO-2843,,,-,,,,SPA-VX,858,SPA-VX00858,"System Administrator",Cerrado,"2023-11-14 18:52:34","2023-11-15 12:16:57","131948474475_VX0858_PICASSENT_INFORME_REVISION_2021.PDF","131948474475_VX0858_PICASSENT_INFORME_REVISION_2021.PDF","Revision (MTO)",NO,,,,,,,LO,7382,LO-007382,false,,,,,,false,2023-11-14,,,,,,,,,,,,
WO,2227,WO-2227,,,-,,,,SPA-VA,2173,SPA-VA02173,"System Administrator",Cerrado,"2023-11-14 18:38:10","2023-11-15 12:17:28","211230343565_VA2173-REVISION__MTO_-08-10-2019.PDF","211230343565_VA2173-REVISION__MTO_-08-10-2019.PDF","Revision (MTO)",NO,,,,,,,LO,7030,LO-007030,false,,,,,,false,2023-11-14,,,,,,,,,,,,
WO,2862,WO-2862,,,-,,,,SPA-AB,6318,SPA-AB06318,"System Administrator",Cerrado,"2023-11-14 18:53:00","2023-11-15 12:12:25","02110617192_AB6318-REV_MTO_05-12-2022.PDF","02110617192_AB6318-REV_MTO_05-12-2022.PDF","Revision (MTO)",NO,,,,,,,LO,65,LO-000065,false,,,,,,false,2023-11-14,,,,,,,,,,,,
WO,3082,WO-3082,,,-,,,,SPA-SA,5806,SPA-SA05806,"System Administrator",Cerrado,"2023-11-14 18:57:55","2023-11-15 12:14:57","2812472030491_SA5806-DESFAVORABLE.PDF","2812472030491_SA5806-DESFAVORABLE.PDF","Inspecciones (OCA)",NO,,,,,,09.11.2025,LO,5707,LO-005707,false,,,,,,false,2023-11-14,,,,,,,,,,,,
WO,3811,WO-3811,,,-,,,,SPA-ZX,562,SPA-ZX00562,"System Administrator",Cerrado,"2024-01-18 17:29:08","2024-01-18 17:59:37","041324545790_ZX0562-REV_MTO_05-07-2022.PDF","041324545790_ZX0562-REV_MTO_05-07-2022.PDF","Revision (MTO)",NO,,,,,,,LO,7789,LO-007789,false,,,,,,false,2024-01-18,,,,,,,,,,,,
WO,2021,WO-2021,,,-,,,,SPA-TO,111,SPA-TO00111,"System Administrator",Cerrado,"2023-11-14 18:33:14","2023-11-15 12:12:41","211230029916_TO0111-INSPECCION__OCA_-16-05-2019.PDF","211230029916_TO0111-INSPECCION__OCA_-16-05-2019.PDF","Inspecciones (OCA)",NO,,,,,,16.05.2022,LO,6677,LO-006677,false,,,,,,false,2023-11-14,,,,,,,,,,,,
WO,3221,WO-3221,,,-,,,,SPA-LO,504,SPA-LO00504,"System Administrator",Cerrado,"2023-11-14 19:01:10","2023-11-15 12:14:41","0312203910809_L0504-REV_MTO_25-07-2022.PDF","0312203910809_L0504-REV_MTO_25-07-2022.PDF","Revision (MTO)",NO,,,,,,,LO,3537,LO-003537,false,,,,,,false,2023-11-14,,,,,,,,,,,,
WO,2732,WO-2732,,,-,,,,SPA-CO,7219,SPA-CO07219,"System Administrator",Cerrado,"2023-11-14 18:49:57","2023-11-15 12:25:30","211231276379_CO7219-INSPECCION__OCA_-17-11-2020.PDF","211231276379_CO7219-INSPECCION__OCA_-17-11-2020.PDF","Inspecciones (OCA)",NO,,,,,,17.11.2023,LO,1652,LO-001652,false,,,,,,false,2023-11-14,,,,,,,,,,,,
WO,3797,WO-3797,,,-,,,,SPA-GU,9145,SPA-GU09145,"System Administrator",Cerrado,"2024-01-18 17:28:47","2024-01-18 17:59:28","0511210118504_GU9145-REV_MTO_27-03-2023.PDF","0511210118504_GU9145-REV_MTO_27-03-2023.PDF","Revision (MTO)",NO,,,,,,,LO,2777,LO-002777,false,,,,,,false,2024-01-18,,,,,,,,,,,,
WO,2319,WO-2319,,,-,,,,SPA-CU,8542,SPA-CU08542,"System Administrator",Cerrado,"2023-11-14 18:40:22","2023-11-15 12:08:35","2112304424642_CU8542-INSPECCION__OCA_-21-03-2018.PDF","2112304424642_CU8542-INSPECCION__OCA_-21-03-2018.PDF","Inspecciones (OCA)",NO,,,,,,21.03.2021,LO,2042,LO-002042,false,,,,,,false,2023-11-14,,,,,,,,,,,,
WO,3181,WO-3181,,,-,,,,SPA-GU,9162,SPA-GU09162,"System Administrator",Cerrado,"2023-11-14 19:00:13","2023-11-15 12:06:31",2513232212813_GU9162.PDF,2513232212813_GU9162.PDF,"Inspecciones (OCA)",NO,,,,,,15.07.2024,LO,2787,LO-002787,false,,,,,,false,2023-11-14,,,,,,,,,,,,
WO,1962,WO-1962,,,-,,,,SPA-TE,48,SPA-TE00048,"System Administrator",Cerrado,"2023-11-14 18:31:45","2023-11-15 12:08:57","1819211213882_TE0048_VALJUNQUERA_INFORME_REVISION_2021.PDF","1819211213882_TE0048_VALJUNQUERA_INFORME_REVISION_2021.PDF","Revision (MTO)",NO,,,,,,,LO,6416,LO-006416,false,,,,,,false,2023-11-14,,,,,,,,,,,,
WO,4088,WO-4088,,,-,,,,SPA-TO,14,SPA-TO00014,"System Administrator",Cerrado,"2024-01-18 17:35:57","2024-01-18 18:02:30","3108462314273_TO0014_22_06_23.PDF","3108462314273_TO0014_22_06_23.PDF","Revision (MTO)",NO,,,,,,22.06.2024,LO,6635,LO-006635,false,,,,,,false,2024-01-18,,,,,,,,,,,,
WO,3537,WO-3537,,,-,,,,SPA-PO,6380,SPA-PO06380,"System Administrator",Cerrado,"2023-11-14 19:08:27","2023-11-15 12:19:33",081324155143_PO6380.PDF,081324155143_PO6380.PDF,"Revision (MTO)",NO,,,,,,,LO,5569,LO-005569,false,,,,,,false,2023-11-14,,,,,,,,,,,,
WO,4364,WO-4364,,,-,,,,SPA-SE,83,SPA-SE00083,"System Administrator",Cerrado,"2024-01-18 17:42:19","2024-01-18 18:05:17","301502314180_SE0083-INSPECCION__OCA_-17-10-2022.PDF","301502314180_SE0083-INSPECCION__OCA_-17-10-2022.PDF","Inspecciones (OCA)",NO,,,,,,,LO,5775,LO-005775,false,,,,,,false,2024-01-18,,,,,,,,,,,,
WO,4375,WO-4375,,,-,,,,SPA-CO,6748,SPA-CO06748,"System Administrator",Cerrado,"2024-01-18 17:42:34","2024-01-18 18:05:24","1012062523530_OCA_CT_FAVORABLE_15-02-2023.PDF","1012062523530_OCA_CT_FAVORABLE_15-02-2023.PDF","Inspecciones (OCA)",NO,,,,,,,LO,1601,LO-001601,false,,,,,,false,2024-01-18,,,,,,,,,,,,
WO,2205,WO-2205,,,-,,,,SPA-SG,9545,SPA-SG09545,"System Administrator",Cerrado,"2023-11-14 18:37:39","2023-11-15 12:16:00","2112303332671_SG9545-REVISION__MTO_-08-08-2019.PDF","2112303332671_SG9545-REVISION__MTO_-08-08-2019.PDF","Revision (MTO)",NO,,,,,,,LO,6087,LO-006087,false,,,,,,false,2023-11-14,,,,,,,,,,,,
WO,2761,WO-2761,,,-,,,,SPA-SO,9824,SPA-SO09824,"System Administrator",Cerrado,"2023-11-14 18:50:37","2023-11-15 12:20:50","2112342513973_SO9824-INSPECCION__OCA_-19-08-2020.PDF","2112342513973_SO9824-INSPECCION__OCA_-19-08-2020.PDF","Inspecciones (OCA)",NO,,,,,,19.08.2023,LO,6142,LO-006142,false,,,,,,false,2023-11-14,,,,,,,,,,,,
WO,3241,WO-3241,,,-,,,,SPA-VI,8734,SPA-VI08734,"System Administrator",Cerrado,"2023-11-14 19:01:37","2023-11-15 12:07:01","0312143326235_VI8734-REV__MTO_19-08-2022.PDF","0312143326235_VI8734-REV__MTO_19-08-2022.PDF","Revision (MTO)",NO,,,,,,,LO,7177,LO-007177,false,,,,,,false,2023-11-14,,,,,,,,,,,,
WO,3542,WO-3542,,,-,,,,SPA-PO,4906,SPA-PO04906,"System Administrator",Cerrado,"2023-11-14 19:08:34","2023-11-15 12:10:40",0813290716305_PO4906.PDF,0813290716305_PO4906.PDF,"Revision (MTO)",NO,,,,,,,LO,5489,LO-005489,false,,,,,,false,2023-11-14,,,,,,,,,,,,
WO,4269,WO-4269,,,-,,,,SPA-LE,471,SPA-LE00471,"System Administrator",Cerrado,"2024-01-18 17:40:12","2024-01-18 18:04:22",1809094819007_LE0471.PDF,1809094819007_LE0471.PDF,"Inspecciones (OCA)",NO,,,,,,,LO,3399,LO-003399,false,,,,,,false,2024-01-18,,,,,,,,,,,,
WO,3707,WO-3707,,,-,,,,SPA-HU,7139,SPA-HU07139,"System Administrator",Cerrado,"2023-11-14 19:12:27","2023-12-21 15:17:05","2709113323586_HU7139_-_AT-HU-22_-_SABIÑANIGO_-_OCA.PDF","2709113323586_HU7139_-_AT-HU-22_-_SABIÑANIGO_-_OCA.PDF","Inspecciones (OCA)",NO,,,,,,08.09.2025,LO,2852,LO-002852,false,,,,,,false,2023-11-14,,,,,,,,,,,,
WO,2153,WO-2153,,,-,,,,SPA-BU,4313,SPA-BU04313,"System Administrator",Cerrado,"2023-11-14 18:36:26","2023-11-15 12:23:35","2112302625043_BU4313-REVISION__MTO_-08-08-2019.PDF","2112302625043_BU4313-REVISION__MTO_-08-08-2019.PDF","Revision (MTO)",NO,,,,,,,LO,737,LO-000737,false,,,,,,false,2023-11-14,,,,,,,,,,,,
WO,2011,WO-2011,,,-,,,,SPA-TO,503,SPA-TO00503,"System Administrator",Cerrado,"2023-11-14 18:32:59","2023-11-15 12:08:02","211230018670_TO0503-INSPECCION__OCA_-20-05-2019.PDF","211230018670_TO0503-INSPECCION__OCA_-20-05-2019.PDF","Inspecciones (OCA)",NO,,,,,,20.05.2022,LO,6719,LO-006719,false,,,,,,false,2023-11-14,,,,,,,,,,,,
WO,3384,WO-3384,,,-,,,,SPA-TO,6,SPA-TO00006,"System Administrator",Cerrado,"2023-11-14 19:04:55","2023-11-15 12:25:17","191405416925_TO0006-TOTEM.PDF","191405416925_TO0006-TOTEM.PDF","Revision (MTO)",NO,,,,,,,LO,6630,LO-006630,false,,,,,,false,2023-11-14,,,,,,,,,,,,
WO,1959,WO-1959,,,-,,,,SPA-AB,6420,SPA-AB06420,"System Administrator",Cerrado,"2023-11-14 18:31:42","2023-11-15 12:11:55","1910282422251_AB6420_LA_RODA__2_CERTIFICADO_FAVORABLE.PDF","1910282422251_AB6420_LA_RODA__2_CERTIFICADO_FAVORABLE.PDF","Inspecciones (OCA)",NO,,,,,,10.03.2024,LO,86,LO-000086,false,,,,,,false,2023-11-14,,,,,,,,,,,,
WO,4209,WO-4209,,,-,,,,SPA-TO,46,SPA-TO00046,"System Administrator",Cerrado,"2024-01-18 17:38:50","2024-01-18 18:03:44","0408430112618_CERT_AT-TO-016-2_22_TOTEM_TO0046_BURUJON_CT.PDF","0408430112618_CERT_AT-TO-016-2_22_TOTEM_TO0046_BURUJON_CT.PDF","Inspecciones (OCA)",NO,,,,,,,LO,6648,LO-006648,false,,,,,,false,2024-01-18,,,,,,,,,,,,
WO,4606,WO-4606,SAR,267,SAR-000267,SPA-CO,7008,SPA-CO07008,,,,"M. Dolores Panzuela Moral",Abierto,"2024-01-29 21:27:18","2024-01-29 21:37:17",CO7008,"TT TITLE: [GENESIS_OPTIMIZACION][GENESIS_OPTIMIZACION][EVENTO] - Semana Santa de Cordoba - 22 03 2024 - 31 03 2024 Alarmas RF Unit VSWR Threshold Crossed en el site. Detalle en comentarios.",Urgente,NO,,,,,,,,,-,false,,,,,,false,2024-01-29,,,,,,,,,,,,
WO,2859,WO-2859,,,-,,,,SPA-MU,75,SPA-MU00075,"System Administrator",Cerrado,"2023-11-14 18:52:56","2023-11-15 12:06:48","131928417506_MU0075_INFORME_REVISION_CEHEGIN_2021.PDF","131928417506_MU0075_INFORME_REVISION_CEHEGIN_2021.PDF","Revision (MTO)",NO,,,,,,,LO,4054,LO-004054,false,,,,,,false,2023-11-14,,,,,,,,,,,,
WO,2218,WO-2218,,,-,,,,SPA-SG,9159,SPA-SG09159,"System Administrator",Cerrado,"2023-11-14 18:37:58","2023-11-15 12:17:16","2112303314723_SG9159-REVISION__MTO_-08-08-2019.PDF","2112303314723_SG9159-REVISION__MTO_-08-08-2019.PDF","Revision (MTO)",NO,,,,,,,LO,6056,LO-006056,false,,,,,,false,2023-11-14,,,,,,,,,,,,
WO,3353,WO-3353,,,-,,,,SPA-CR,3094,SPA-CR03094,"System Administrator",Cerrado,"2023-11-14 19:04:13","2023-11-15 12:23:19","1909312314349_CR3094-TOTEM.PDF","1909312314349_CR3094-TOTEM.PDF","Revision (MTO)",NO,,,,,,,LO,1749,LO-001749,false,,,,,,false,2023-11-14,,,,,,,,,,,,
WO,3165,WO-3165,,,-,,,,SPA-SG,9124,SPA-SG09124,"System Administrator",Cerrado,"2023-11-14 18:59:50","2023-11-15 12:09:09",1409572727709_SG9124.PDF,1409572727709_SG9124.PDF,"Revision (MTO)",NO,,,,,,,LO,6042,LO-006042,false,,,,,,false,2023-11-14,,,,,,,,,,,,
WO,2014,WO-2014,,,-,,,,SPA-TO,14,SPA-TO00014,"System Administrator",Cerrado,"2023-11-14 18:33:04","2023-11-15 12:19:07","2112300225249_TO0014-INSPECCION__OCA_-15-05-2019.PDF","2112300225249_TO0014-INSPECCION__OCA_-15-05-2019.PDF","Inspecciones (OCA)",NO,,,,,,15.05.2022,LO,6635,LO-006635,false,,,,,,false,2023-11-14,,,,,,,,,,,,
WO,2155,WO-2155,,,-,,,,SPA-BU,4300,SPA-BU04300,"System Administrator",Cerrado,"2023-11-14 18:36:29","2023-11-15 12:19:58","2112302621_BU4300-REVISION__MTO_-08-08-2019.PDF","2112302621_BU4300-REVISION__MTO_-08-08-2019.PDF","Revision (MTO)",NO,,,,,,,LO,730,LO-000730,false,,,,,,false,2023-11-14,,,,,,,,,,,,
WO,2846,WO-2846,,,-,,,,SPA-VX,87,SPA-VX00087,"System Administrator",Cerrado,"2023-11-14 18:52:38","2023-11-15 12:24:41","1319463120644_VX0087_UTIEL_LAS_CUEVAS_INFORME_REVISION_2021.PDF","1319463120644_VX0087_UTIEL_LAS_CUEVAS_INFORME_REVISION_2021.PDF","Revision (MTO)",NO,,,,,,,LO,7261,LO-007261,false,,,,,,false,2023-11-14,,,,,,,,,,,,
WO,3473,WO-3473,,,-,,,,SPA-TO,59,SPA-TO00059,"System Administrator",Cerrado,"2023-11-14 19:06:58","2023-11-15 12:20:04","1812151620265_TO0059-REV__MTO_10-06-2022.PDF","1812151620265_TO0059-REV__MTO_10-06-2022.PDF","Revision (MTO)",NO,,,,,,,LO,6656,LO-006656,false,,,,,,false,2023-11-14,,,,,,,,,,,,
WO,3096,WO-3096,,,-,,,,SPA-CU,10,SPA-CU00010,"System Administrator",Cerrado,"2023-11-14 18:58:13","2023-11-15 12:06:18",091340113745_CU0010.PDF,091340113745_CU0010.PDF,"Inspecciones (OCA)",NO,,,,,,02.08.2024,LO,1959,LO-001959,false,,,,,,false,2023-11-14,,,,,,,,,,,,
WO,4627,WO-4627,SAR,294,SAR-000294,SPA-MA,2536,SPA-MA02536,,,,"DNO acceso OSP",Abierto,"2024-01-30 10:39:00","2024-01-30 10:41:49","444308 - MA2536","ACOMPAÑAMIENTO DE MINISTERIO","Revision (MTO)",NO,,,,,,,,,-,false,,,,,,false,2024-01-30,,,,,,,,,,,,
WO,3014,WO-3014,,,-,,,,,,,"System Administrator",Cerrado,"2023-11-14 18:56:31","2023-11-15 12:07:44",210946375488_MX0808.PDF,210946375488_MX0808.PDF,"Inspecciones (OCA)",NO,,,,,,,,,-,false,,,,,,false,2023-11-14,,,,,,,,,,,,
WO,3276,WO-3276,,,-,,,,SPA-LE,991,SPA-LE00991,"System Administrator",Cerrado,"2023-11-14 19:02:26","2023-11-15 12:12:18",141039035071_LE0991.PDF,141039035071_LE0991.PDF,"Revision (MTO)",NO,,,,,,,LO,3428,LO-003428,false,,,,,,false,2023-11-14,,,,,,,,,,,,
WO,1882,WO-1882,,,-,,,,SPA-SG,9157,SPA-SG09157,"System Administrator",Cerrado,"2023-11-14 18:29:54","2023-11-15 12:10:53",2310470926627_SG9157.PDF,2310470926627_SG9157.PDF,"Revision (MTO)",NO,,,,,,,LO,6054,LO-006054,false,,,,,,false,2023-11-14,,,,,,,,,,,,
WO,4456,WO-4456,,,-,,,,,,,"Jennifer Montiel fernandez",Abierto,"2024-01-25 11:14:12","2024-01-29 13:47:31",REPLANTEO,"Visita para toma de datos sobre equipo de alimentación de Totem/Orange","Inspección Preventiva",NO,,,,,,,,,-,false,,,,,,false,2024-01-25,,,,,,,,,,,,
WO,3048,WO-3048,,,-,,,,SPA-LE,1743,SPA-LE01743,"System Administrator",Cerrado,"2023-11-14 18:57:15","2023-11-15 12:15:55","0412043914771_LE1743-INSPECCION__OCA_-07-08-2017.PDF","0412043914771_LE1743-INSPECCION__OCA_-07-08-2017.PDF","Inspecciones (OCA)",NO,,,,,,07.08.2020,LO,3489,LO-003489,false,,,,,,false,2023-11-14,,,,,,,,,,,,
WO,2185,WO-2185,,,-,,,,SPA-SO,9888,SPA-SO09888,"System Administrator",Cerrado,"2023-11-14 18:37:11","2023-11-15 12:14:49","2112302918864_SO9888-REVISION__MTO_-10-07-2019.PDF","2112302918864_SO9888-REVISION__MTO_-10-07-2019.PDF","Revision (MTO)",NO,,,,,,,LO,6163,LO-006163,false,,,,,,false,2023-11-14,,,,,,,,,,,,
WO,3595,WO-3595,,,-,,,,SPA-JX,8036,SPA-JX08036,"System Administrator",Cerrado,"2023-11-14 19:09:47","2023-11-15 12:18:29","0807113928727_OCA_LAT_JX8036.PDF","0807113928727_OCA_LAT_JX8036.PDF","Inspecciones (OCA)",NO,,,,,,30.08.2025,LO,3312,LO-003312,false,,,,,,false,2023-11-14,,,,,,,,,,,,
WO,2179,WO-2179,,,-,,,,SPA-BU,4135,SPA-BU04135,"System Administrator",Cerrado,"2023-11-14 18:37:02","2023-11-15 12:21:56","2112302832029_BU4135-REVISION__MTO_-08-08-2019.PDF","2112302832029_BU4135-REVISION__MTO_-08-08-2019.PDF","Revision (MTO)",NO,,,,,,,LO,649,LO-000649,false,,,,,,false,2023-11-14,,,,,,,,,,,,
WO,2496,WO-2496,,,-,,,,SPA-VX,1408,SPA-VX01408,"System Administrator",Cerrado,"2023-11-14 18:44:37","2023-11-15 12:23:39","2112310430792_VX1408-REVISION__MTO_-16-06-2020.DOC","2112310430792_VX1408-REVISION__MTO_-16-06-2020.DOC","Revision (MTO)",NO,,,,,,,LO,7521,LO-007521,false,,,,,,false,2023-11-14,,,,,,,,,,,,
WO,4401,WO-4401,SAR,8,SAR-000008,SPA-CS,303,SPA-CS00303,,,,"Ruben  Benitez tirado",Abierto,"2024-01-22 09:16:00","2024-01-22 09:16:00",prueba,prueba,Normal,NO,,,,,,,,,-,false,,,,,,false,2024-01-22,,,,,,,,,,,,
WO,2571,WO-2571,,,-,,,,SPA-LE,9995,SPA-LE09995,"System Administrator",Cerrado,"2023-11-14 18:46:19","2023-11-15 12:19:03","2112311417939_LE9995-INSPECCION__OCA_-12-08-2020.PDF","2112311417939_LE9995-INSPECCION__OCA_-12-08-2020.PDF","Inspecciones (OCA)",NO,,,,,,12.08.2023,LO,3512,LO-003512,false,,,,,,false,2023-11-14,,,,,,,,,,,,
WO,4346,WO-4346,,,-,,,,SPA-AV,8432,SPA-AV08432,"System Administrator",Cerrado,"2024-01-18 17:41:54","2024-01-18 18:05:07",3008370831140_AV8432.PDF,3008370831140_AV8432.PDF,"Inspecciones (OCA)",NO,,,,,,,LO,147,LO-000147,false,,,,,,false,2024-01-18,,,,,,,,,,,,
WO,2223,WO-2223,,,-,,,,SPA-VA,2225,SPA-VA02225,"System Administrator",Cerrado,"2023-11-14 18:38:05","2023-11-15 12:22:13","2112303323692_VA2225-REVISION__MTO_-08-10-2019.PDF","2112303323692_VA2225-REVISION__MTO_-08-10-2019.PDF","Revision (MTO)",NO,,,,,,,LO,7065,LO-007065,false,,,,,,false,2023-11-14,,,,,,,,,,,,
WO,2193,WO-2193,,,-,,,,SPA-ZA,6985,SPA-ZA06985,"System Administrator",Cerrado,"2023-11-14 18:37:23","2023-11-15 12:22:01","211230306540_ZA6985-REVISION__MTO_-08-07-2019.PDF","211230306540_ZA6985-REVISION__MTO_-08-07-2019.PDF","Revision (MTO)",NO,,,,,,,LO,7653,LO-007653,false,,,,,,false,2023-11-14,,,,,,,,,,,,
WO,1972,WO-1972,,,-,,,,SPA-CS,41,SPA-CS00041,"System Administrator",Cerrado,"2023-11-14 18:32:01","2023-11-15 12:21:29","2711473016984_460_AT_0053_21-1__CS0041.PDF","2711473016984_460_AT_0053_21-1__CS0041.PDF","Inspecciones (OCA)",NO,,,,,,23.04.2024,LO,1851,LO-001851,false,,,,,,false,2023-11-14,,,,,,,,,,,,
WO,2265,WO-2265,,,-,,,,SPA-VA,2288,SPA-VA02288,"System Administrator",Cerrado,"2023-11-14 18:39:03","2023-11-15 12:13:22","2112303931490_VA2288-REVISION__MTO_-08-10-2019.PDF","2112303931490_VA2288-REVISION__MTO_-08-10-2019.PDF","Revision (MTO)",NO,,,,,,,LO,7100,LO-007100,false,,,,,,false,2023-11-14,,,,,,,,,,,,
WO,3689,WO-3689,,,-,,,,SPA-ZX,557,SPA-ZX00557,"System Administrator",Cerrado,"2023-11-14 19:12:01","2023-11-15 12:19:29","2208460126692_ZX0557_-_REV_MTO_19-07-2022.PDF","2208460126692_ZX0557_-_REV_MTO_19-07-2022.PDF","Revision (MTO)",NO,,,,,,,LO,7787,LO-007787,false,,,,,,false,2023-11-14,,,,,,,,,,,,
WO,3293,WO-3293,,,-,,,,SPA-CS,217,SPA-CS00217,"System Administrator",Cerrado,"2023-11-14 19:02:50","2023-11-15 12:21:16","0811091013219_CS0217-INSPECCION__OCA_-04-04-2018.PDF","0811091013219_CS0217-INSPECCION__OCA_-04-04-2018.PDF","Inspecciones (OCA)",NO,,,,,,04.04.2021,LO,1918,LO-001918,false,,,,,,false,2023-11-14,,,,,,,,,,,,
WO,2250,WO-2250,,,-,,,,SPA-HX,9404,SPA-HX09404,"System Administrator",Cerrado,"2023-11-14 18:38:42","2023-11-15 12:20:54","2112303724684_HX9404-REVISION__MTO_-04-02-2020.PDF","2112303724684_HX9404-REVISION__MTO_-04-02-2020.PDF","Revision (MTO)",NO,,,,,,,LO,2915,LO-002915,false,,,,,,false,2023-11-14,,,,,,,,,,,,
WO,2549,WO-2549,,,-,,,,SPA-LU,7740,SPA-LU07740,"System Administrator",Cerrado,"2023-11-14 18:45:49","2023-11-15 12:24:25","211231121717_LU7740-REVISION__MTO_-22-04-2020.PDF","211231121717_LU7740-REVISION__MTO_-22-04-2020.PDF","Revision (MTO)",NO,,,,,,,LO,3609,LO-003609,false,,,,,,false,2023-11-14,,,,,,,,,,,,
WO,4287,WO-4287,,,-,,,,SPA-SO,9784,SPA-SO09784,"System Administrator",Cerrado,"2024-01-18 17:40:36","2024-01-18 18:04:32",300815286447_SO9784.PDF,300815286447_SO9784.PDF,"Inspecciones (OCA)",NO,,,,,,,LO,6127,LO-006127,false,,,,,,false,2024-01-18,,,,,,,,,,,,
WO,2939,WO-2939,,,-,,,,SPA-MA,2638,SPA-MA02638,"System Administrator",Cerrado,"2023-11-14 18:54:46","2023-11-15 12:06:55","221703514617_REVISION_ANUAL_CT_MA2638_2021.PDF","221703514617_REVISION_ANUAL_CT_MA2638_2021.PDF","Revision (MTO)",NO,,,,,,,LO,3866,LO-003866,false,,,,,,false,2023-11-14,,,,,,,,,,,,
WO,3615,WO-3615,,,-,,,,SPA-ZX,562,SPA-ZX00562,"System Administrator",Cerrado,"2023-11-14 19:10:14","2023-11-15 12:20:48","1211211415855_ZX0562_-_AT-Z-10-22_-_EJEA_DE_LOS_CABALLEROS_-_OCA.PDF","1211211415855_ZX0562_-_AT-Z-10-22_-_EJEA_DE_LOS_CABALLEROS_-_OCA.PDF","Inspecciones (OCA)",NO,,,,,,05.07.2025,LO,7789,LO-007789,false,,,,,,false,2023-11-14,,,,,,,,,,,,
WO,2784,WO-2784,,,-,,,,SPA-VA,2173,SPA-VA02173,"System Administrator",Cerrado,"2023-11-14 18:51:09","2023-11-15 12:12:23","2112342722530_VA2173-INSPECCION__OCA_-01-10-2020.PDF","2112342722530_VA2173-INSPECCION__OCA_-01-10-2020.PDF","Inspecciones (OCA)",NO,,,,,,01.10.2023,LO,7030,LO-007030,false,,,,,,false,2023-11-14,,,,,,,,,,,,
WO,3935,WO-3935,,,-,,,,SPA-CU,8455,SPA-CU08455,"System Administrator",Cerrado,"2024-01-18 17:32:12","2024-01-18 18:00:56","0315425817887_CU8455-REV_MTO_22-03-2023.PDF","0315425817887_CU8455-REV_MTO_22-03-2023.PDF","Revision (MTO)",NO,,,,,,,LO,2002,LO-002002,false,,,,,,false,2024-01-18,,,,,,,,,,,,
WO,2430,WO-2430,,,-,,,,SPA-GU,9162,SPA-GU09162,"System Administrator",Cerrado,"2023-11-14 18:43:00","2023-11-15 12:05:36","2112305331071_GU9162-REVISION__MTO_-06-03-2019.PDF","2112305331071_GU9162-REVISION__MTO_-06-03-2019.PDF","Revision (MTO)",NO,,,,,,,LO,2787,LO-002787,false,,,,,,false,2023-11-14,,,,,,,,,,,,
WO,3800,WO-3800,,,-,,,,SPA-BU,4155,SPA-BU04155,"System Administrator",Cerrado,"2024-01-18 17:28:52","2024-01-18 17:59:30","0813081821165_BU4155-_DEFECTOS_CORREGIDOS.PDF","0813081821165_BU4155-_DEFECTOS_CORREGIDOS.PDF","Revision (MTO)",NO,,,,,,,LO,664,LO-000664,false,,,,,,false,2024-01-18,,,,,,,,,,,,
WO,3010,WO-3010,,,-,,,,SPA-MX,3027,SPA-MX03027,"System Administrator",Cerrado,"2023-11-14 18:56:25","2023-11-15 12:12:04",2110213621908_MX3027.PDF,2110213621908_MX3027.PDF,"Inspecciones (OCA)",NO,,,,,,19.10.2024,LO,4676,LO-004676,false,,,,,,false,2023-11-14,,,,,,,,,,,,
WO,2030,WO-2030,,,-,,,,SPA-HU,7140,SPA-HU07140,"System Administrator",Cerrado,"2023-11-14 18:33:27","2023-11-15 12:23:50","211230022678_HU7140-INSPECCION__OCA_-12-06-2019.PDF","211230022678_HU7140-INSPECCION__OCA_-12-06-2019.PDF","Inspecciones (OCA)",NO,,,,,,12.06.2022,LO,2853,LO-002853,false,,,,,,false,2023-11-14,,,,,,,,,,,,
WO,2171,WO-2171,,,-,,,,SPA-BU,4201,SPA-BU04201,"System Administrator",Cerrado,"2023-11-14 18:36:50","2023-11-15 12:21:19","2112302724199_BU4201-REVISION__MTO_-08-08-2019.PDF","2112302724199_BU4201-REVISION__MTO_-08-08-2019.PDF","Revision (MTO)",NO,,,,,,,LO,684,LO-000684,false,,,,,,false,2023-11-14,,,,,,,,,,,,
WO,4304,WO-4304,,,-,,,,SPA-LE,9743,SPA-LE09743,"System Administrator",Cerrado,"2024-01-18 17:40:59","2024-01-18 18:04:42",1308514414152_LE9743.PDF,1308514414152_LE9743.PDF,"Inspecciones (OCA)",NO,,,,,,,LO,3511,LO-003511,false,,,,,,false,2024-01-18,,,,,,,,,,,,
WO,2805,WO-2805,,,-,,,,SPA-CX,986,SPA-CX00986,"System Administrator",Cerrado,"2023-11-14 18:51:39","2023-11-15 12:25:14","2112342721396_CX0986-INSPECCION__OCA_-15-09-2020.PDF","2112342721396_CX0986-INSPECCION__OCA_-15-09-2020.PDF","Inspecciones (OCA)",NO,,,,,,15.09.2023,LO,2184,LO-002184,false,,,,,,false,2023-11-14,,,,,,,,,,,,
WO,4082,WO-4082,,,-,,,,SPA-SO,9824,SPA-SO09824,"System Administrator",Cerrado,"2024-01-18 17:35:48","2024-01-18 18:02:26",3008213515761_SO9824.PDF,3008213515761_SO9824.PDF,"Revision (MTO)",NO,,,,,,21.10.2024,LO,6142,LO-006142,false,,,,,,false,2024-01-18,,,,,,,,,,,,
WO,2261,WO-2261,,,-,,,,SPA-CO,6710,SPA-CO06710,"System Administrator",Cerrado,"2023-11-14 18:38:58","2023-11-15 12:19:25","2112303828074_CO6710-REVISION__MTO_-17-02-2020.PDF","2112303828074_CO6710-REVISION__MTO_-17-02-2020.PDF","Revision (MTO)",NO,,,,,,,LO,1597,LO-001597,false,,,,,,false,2023-11-14,,,,,,,,,,,,
WO,3050,WO-3050,,,-,,,,SPA-LE,1743,SPA-LE01743,"System Administrator",Cerrado,"2023-11-14 18:57:18","2023-11-15 12:09:48","041204395447_LE1743-REVISION__MTO_-29072016.PDF","041204395447_LE1743-REVISION__MTO_-29072016.PDF","Revision (MTO)",NO,,,,,,,LO,3489,LO-003489,false,,,,,,false,2023-11-14,,,,,,,,,,,,
WO,3717,WO-3717,,,-,,,,SPA-HU,7281,SPA-HU07281,"System Administrator",Cerrado,"2023-11-14 19:12:41","2023-11-15 12:13:28","270928536218_HU7281_-_AT-HU-20-22_-_FANLO_-_OCA.PDF","270928536218_HU7281_-_AT-HU-20-22_-_FANLO_-_OCA.PDF","Inspecciones (OCA)",NO,,,,,,07.07.2025,LO,2900,LO-002900,false,,,,,,false,2023-11-14,,,,,,,,,,,,
WO,4233,WO-4233,,,-,,,,SPA-ZX,561,SPA-ZX00561,"System Administrator",Cerrado,"2024-01-18 17:39:23","2024-01-18 18:04:00","171640271624_2__VISITA_AT-Z-07-22_ZX0561_TERRER.PDF","171640271624_2__VISITA_AT-Z-07-22_ZX0561_TERRER.PDF","Inspecciones (OCA)",NO,,,,,,,LO,7788,LO-007788,false,,,,,,false,2024-01-18,,,,,,,,,,,,
WO,4243,WO-4243,,,-,,,,SPA-OR,8985,SPA-OR08985,"System Administrator",Cerrado,"2024-01-18 17:39:37","2024-01-18 18:04:06","1910063732591_OCA_OR8985.PDF","1910063732591_OCA_OR8985.PDF","Inspecciones (OCA)",NO,,,,,,,LO,5130,LO-005130,false,,,,,,false,2024-01-18,,,,,,,,,,,,
WO,2895,WO-2895,,,-,,,,SPA-AV,8434,SPA-AV08434,"System Administrator",Cerrado,"2023-11-14 18:53:46","2023-11-15 12:14:00",0810465426546_AV8434.PDF,0810465426546_AV8434.PDF,"Revision (MTO)",NO,,,,,,,LO,149,LO-000149,false,,,,,,false,2023-11-14,,,,,,,,,,,,
WO,3516,WO-3516,,,-,,,,SPA-LU,7740,SPA-LU07740,"System Administrator",Cerrado,"2023-11-14 19:07:57","2023-11-15 12:18:26",041027134715_LU7740.PDF,041027134715_LU7740.PDF,"Revision (MTO)",NO,,,,,,,LO,3609,LO-003609,false,,,,,,false,2023-11-14,,,,,,,,,,,,
WO,3403,WO-3403,,,-,,,,SPA-CU,8319,SPA-CU08319,"System Administrator",Cerrado,"2023-11-14 19:05:21","2023-11-15 12:21:09","2510134520838_CU8319-TOTEM.PDF","2510134520838_CU8319-TOTEM.PDF","Revision (MTO)",NO,,,,,,,LO,1979,LO-001979,false,,,,,,false,2023-11-14,,,,,,,,,,,,
WO,2793,WO-2793,,,-,,,,SPA-SG,9306,SPA-SG09306,"System Administrator",Cerrado,"2023-11-14 18:51:22","2023-11-15 12:18:40","2112342719631_SG9306-INSPECCION__OCA_-17-09-2020.PDF","2112342719631_SG9306-INSPECCION__OCA_-17-09-2020.PDF","Inspecciones (OCA)",NO,,,,,,17.09.2023,LO,6077,LO-006077,false,,,,,,false,2023-11-14,,,,,,,,,,,,
WO,4152,WO-4152,,,-,,,,SPA-HU,7193,SPA-HU07193,"System Administrator",Cerrado,"2024-01-18 17:37:30","2024-01-18 18:03:09","0511313518556_HU7193-REV_MTO_28-08-23.PDF","0511313518556_HU7193-REV_MTO_28-08-23.PDF","Revision (MTO)",NO,,,,,,28.08.2024,LO,2881,LO-002881,false,,,,,,false,2024-01-18,,,,,,,,,,,,
WO,4376,WO-4376,,,-,,,,SPA-TO,5,SPA-TO00005,"System Administrator",Cerrado,"2024-01-18 17:42:35","2024-01-18 18:05:24","1908112524254_CERT_AT-TO-029-2_22_TOTEM_TO005_CABAÑAS_DE_LA_SAGRA_CT.PDF","1908112524254_CERT_AT-TO-029-2_22_TOTEM_TO005_CABAÑAS_DE_LA_SAGRA_CT.PDF","Inspecciones (OCA)",NO,,,,,,,LO,6629,LO-006629,false,,,,,,false,2024-01-18,,,,,,,,,,,,
WO,1977,WO-1977,,,-,,,,SPA-VX,900,SPA-VX00900,"System Administrator",Cerrado,"2023-11-14 18:32:09","2023-11-15 12:05:19","27111639588_460_AT_0048_21-1__VX0900.PDF","27111639588_460_AT_0048_21-1__VX0900.PDF","Inspecciones (OCA)",NO,,,,,,19.04.2024,LO,7384,LO-007384,false,,,,,,false,2023-11-14,,,,,,,,,,,,
WO,3616,WO-3616,,,-,,,,SPA-ZX,563,SPA-ZX00563,"System Administrator",Cerrado,"2023-11-14 19:10:15","2023-11-15 12:25:31","1211240720988_ZX0563-REV_MTO_05-07-2022.PDF","1211240720988_ZX0563-REV_MTO_05-07-2022.PDF","Revision (MTO)",NO,,,,,,,LO,7790,LO-007790,false,,,,,,false,2023-11-14,,,,,,,,,,,,
WO,2165,WO-2165,,,-,,,,SPA-BU,4230,SPA-BU04230,"System Administrator",Cerrado,"2023-11-14 18:36:42","2023-11-15 12:08:06","2112302612759_BU4230-REVISION__MTO_-08-08-2019.PDF","2112302612759_BU4230-REVISION__MTO_-08-08-2019.PDF","Revision (MTO)",NO,,,,,,,LO,700,LO-000700,false,,,,,,false,2023-11-14,,,,,,,,,,,,
WO,2328,WO-2328,,,-,,,,SPA-MX,3041,SPA-MX03041,"System Administrator",Cerrado,"2023-11-14 18:40:35","2023-11-15 12:08:15","2112304410490_MX3041-REVISION__MTO_-04-02-2019.PDF","2112304410490_MX3041-REVISION__MTO_-04-02-2019.PDF","Revision (MTO)",NO,,,,,,,LO,4683,LO-004683,false,,,,,,false,2023-11-14,,,,,,,,,,,,
WO,1978,WO-1978,,,-,,,,SPA-VX,858,SPA-VX00858,"System Administrator",Cerrado,"2023-11-14 18:32:10","2023-11-15 12:08:40","271116076339_460_AT_0047_21-1__VX0858.PDF","271116076339_460_AT_0047_21-1__VX0858.PDF","Inspecciones (OCA)",NO,,,,,,19.04.2024,LO,7382,LO-007382,false,,,,,,false,2023-11-14,,,,,,,,,,,,
WO,4624,WO-4624,SAR,293,SAR-000293,SPA-CR,3003,SPA-CR03003,,,,"DNO acceso OSP",Abierto,"2024-01-30 10:29:11","2024-01-30 10:31:35","444307 - CR3003","REPLANTEO.TOMA DE DATOS Y FOTOGRAFIAS DE LOS EQUIPOS SALA DE EQUPOS Y ANTENAS","Revision (MTO)",NO,,,,,,,,,-,false,,,,,,false,2024-01-30,,,,,,,,,,,,
WO,3425,WO-3425,,,-,,,,SPA-GU,9116,SPA-GU09116,"System Administrator",Cerrado,"2023-11-14 19:05:52","2023-11-15 12:11:54","271102575485_GU9116-TOTEM.PDF","271102575485_GU9116-TOTEM.PDF","Revision (MTO)",NO,,,,,,,LO,2762,LO-002762,false,,,,,,false,2023-11-14,,,,,,,,,,,,
WO,4224,WO-4224,,,-,,,,SPA-JX,8149,SPA-JX08149,"System Administrator",Cerrado,"2024-01-18 17:39:10","2024-01-18 18:03:53","2307201526034_JX8149_01293980_TOTEM_TOWERCO_SILES_LSMT_PERIO_FAV.PDF","2307201526034_JX8149_01293980_TOTEM_TOWERCO_SILES_LSMT_PERIO_FAV.PDF","Inspecciones (OCA)",NO,,,,,,,LO,3321,LO-003321,false,,,,,,false,2024-01-18,,,,,,,,,,,,
WO,4614,WO-4614,,,-,,,,,,,"DNO acceso OSP",Abierto,"2024-01-30 08:03:27","2024-01-30 08:03:27","443381  //  IB115C","Subida de antenas a tope de mástil y recableado",Auditoría,NO,,,,,,,,,-,false,,,,,,false,2024-01-30,,,,,,,,,,,,
WO,3391,WO-3391,,,-,,,,SPA-CU,10,SPA-CU00010,"System Administrator",Cerrado,"2023-11-14 19:05:05","2023-11-15 12:13:22","250953579055_CU0010-TOTEM.PDF","250953579055_CU0010-TOTEM.PDF","Revision (MTO)",NO,,,,,,,LO,1959,LO-001959,false,,,,,,false,2023-11-14,,,,,,,,,,,,
WO,2180,WO-2180,,,-,,,,SPA-BU,4134,SPA-BU04134,"System Administrator",Cerrado,"2023-11-14 18:37:03","2023-11-15 12:17:15","2112302815987_BU4134-REVISION__MTO_-08-08-2019.PDF","2112302815987_BU4134-REVISION__MTO_-08-08-2019.PDF","Revision (MTO)",NO,,,,,,,LO,648,LO-000648,false,,,,,,false,2023-11-14,,,,,,,,,,,,
WO,4442,WO-4442,,,-,,,,,,,"Cynthia Maria Pujals Chichay",Abierto,"2024-01-24 10:57:13","2024-01-24 10:57:13",Preventivo,"Auditoria Preventivo Totem","Inspección Preventiva",NO,,,"2024-01-24 00:03:35",,,,,,-,false,,,,,,false,2024-01-24,,,,,,,,,,,,
WO,3173,WO-3173,,,-,,,,SPA-BU,4340,SPA-BU04340,"System Administrator",Cerrado,"2023-11-14 19:00:01","2023-11-15 12:25:25","1409202219913_PARTE_INCIDENCIA.PDF","1409202219913_PARTE_INCIDENCIA.PDF","Revision (MTO)",NO,,,,,,,LO,744,LO-000744,false,,,,,,false,2023-11-14,,,,,,,,,,,,
WO,4071,WO-4071,,,-,,,,SPA-TO,112,SPA-TO00112,"System Administrator",Cerrado,"2024-01-18 17:35:32","2024-01-18 18:02:19","3114252331919_TO0112-REV_MAT_20_06_23.PDF","3114252331919_TO0112-REV_MAT_20_06_23.PDF","Revision (MTO)",NO,,,,,,20.06.2024,LO,6678,LO-006678,false,,,,,,false,2024-01-18,,,,,,,,,,,,
WO,2137,WO-2137,,,-,,,,SPA-AV,8503,SPA-AV08503,"System Administrator",Cerrado,"2023-11-14 18:36:03","2023-11-15 12:14:41","211230258880_AV8503-REVISION__MTO_-08-08-2019.PDF","211230258880_AV8503-REVISION__MTO_-08-08-2019.PDF","Revision (MTO)",NO,,,,,,,LO,171,LO-000171,false,,,,,,false,2023-11-14,,,,,,,,,,,,
WO,3315,WO-3315,,,-,,,,SPA-JX,7933,SPA-JX07933,"System Administrator",Cerrado,"2023-11-14 19:03:21","2023-11-15 12:16:56","0813430616393_OCA_CT_JX7933_2022.PDF","0813430616393_OCA_CT_JX7933_2022.PDF","Inspecciones (OCA)",NO,,,,,,10.03.2025,LO,3299,LO-003299,false,,,,,,false,2023-11-14,,,,,,,,,,,,
WO,3041,WO-3041,,,-,,,,,,,"System Administrator",Cerrado,"2023-11-14 18:57:08","2023-11-15 12:22:27","071227315085_VX0494_INFORME_MANT___ANTIGUO_REINO_2021.PDF","071227315085_VX0494_INFORME_MANT___ANTIGUO_REINO_2021.PDF","Revision (MTO)",NO,,,,,,,,,-,false,,,,,,false,2023-11-14,,,,,,,,,,,,
WO,3298,WO-3298,,,-,,,,SPA-ZX,195,SPA-ZX00195,"System Administrator",Cerrado,"2023-11-14 19:02:57","2023-11-15 12:05:21","081310587179_ZX0195-REVISION__MTO_-19052015.PDF","081310587179_ZX0195-REVISION__MTO_-19052015.PDF","Revision (MTO)",NO,,,,,,,LO,7716,LO-007716,false,,,,,,false,2023-11-14,,,,,,,,,,,,
WO,3194,WO-3194,,,-,,,,SPA-HX,9605,SPA-HX09605,"System Administrator",Cerrado,"2023-11-14 19:00:32","2023-11-15 12:05:41","0911113829590_HX9605-INSPECCION__OCA_-18-10-2022_LAT_FAVORABLE.PDF","0911113829590_HX9605-INSPECCION__OCA_-18-10-2022_LAT_FAVORABLE.PDF","Inspecciones (OCA)",NO,,,,,,17.10.2025,LO,2949,LO-002949,false,,,,,,false,2023-11-14,,,,,,,,,,,,
WO,3011,WO-3011,,,-,,,,SPA-MX,2055,SPA-MX02055,"System Administrator",Cerrado,"2023-11-14 18:56:27","2023-11-15 12:05:04",2110191927655_MX2055.PDF,2110191927655_MX2055.PDF,"Inspecciones (OCA)",NO,,,,,,19.10.2024,LO,4614,LO-004614,false,,,,,,false,2023-11-14,,,,,,,,,,,,
WO,2692,WO-2692,,,-,,,,SPA-PX,15,SPA-PX00015,"System Administrator",Cerrado,"2023-11-14 18:49:02","2023-11-15 12:15:09","2112312417887_PX0015-INSPECCION__OCA_-11-11-2020.PDF","2112312417887_PX0015-INSPECCION__OCA_-11-11-2020.PDF","Inspecciones (OCA)",NO,,,,,,11.11.2023,LO,5618,LO-005618,false,,,,,,false,2023-11-14,,,,,,,,,,,,
WO,4455,WO-4455,SAR,95,SAR-000095,SPA-BX,1114,SPA-BX01114,,,,"Cynthia Maria Pujals Chichay",Abierto,"2024-01-25 10:58:02","2024-01-25 10:59:23","Auditoria Preventivo Totem","Auditoria Preventivo Totem","Inspección Preventiva",NO,,,,,,,,,-,false,,,,,,false,2024-01-25,,,,,,,,,,,,
WO,2851,WO-2851,,,-,,,,SPA-CS,170,SPA-CS00170,"System Administrator",Cerrado,"2023-11-14 18:52:45","2023-11-15 12:06:32","1319395325247_CS0170_IMFORME_REVISION_CASTELLON_COSCOLLOSA_2021.PDF","1319395325247_CS0170_IMFORME_REVISION_CASTELLON_COSCOLLOSA_2021.PDF","Revision (MTO)",NO,,,,,,,LO,1909,LO-001909,false,,,,,,false,2023-11-14,,,,,,,,,,,,
WO,3248,WO-3248,,,-,,,,SPA-HX,9421,SPA-HX09421,"System Administrator",Cerrado,"2023-11-14 19:01:47","2023-11-15 12:10:56","2210193025374_OCA-LAT-HX9421_2021.PDF","2210193025374_OCA-LAT-HX9421_2021.PDF","Inspecciones (OCA)",NO,,,,,,15.12.2024,LO,2920,LO-002920,false,,,,,,false,2023-11-14,,,,,,,,,,,,
WO,3283,WO-3283,,,-,,,,SPA-JX,8149,SPA-JX08149,"System Administrator",Cerrado,"2023-11-14 19:02:36","2023-11-15 12:16:48","2113101831969_JX8149-REVISION__MTO_-02-04-2021-_5220.PDF","2113101831969_JX8149-REVISION__MTO_-02-04-2021-_5220.PDF","Revision (MTO)",NO,,,,,,,LO,3321,LO-003321,false,,,,,,false,2023-11-14,,,,,,,,,,,,
WO,3216,WO-3216,,,-,,,,SPA-VI,8812,SPA-VI08812,"System Administrator",Cerrado,"2023-11-14 19:01:03","2023-11-15 12:20:09","0312303417727_VI8812-REV__MTO_18-08-2022.PDF","0312303417727_VI8812-REV__MTO_18-08-2022.PDF","Revision (MTO)",NO,,,,,,,LO,7189,LO-007189,false,,,,,,false,2023-11-14,,,,,,,,,,,,
WO,3776,WO-3776,,,-,,,,SPA-VA,2981,SPA-VA02981,"System Administrator",Cerrado,"2023-11-14 19:14:06","2023-11-15 12:08:39",2508430518456_VA2981.PDF,2508430518456_VA2981.PDF,"Revision (MTO)",NO,,,,,,,LO,7110,LO-007110,false,,,,,,false,2023-11-14,,,,,,,,,,,,
WO,2735,WO-2735,,,-,,,,SPA-LE,1673,SPA-LE01673,"System Administrator",Cerrado,"2023-11-14 18:50:01","2023-11-15 12:23:28","2112312711434_LE1673-REVISION__MTO_-26-06-2020.PDF","2112312711434_LE1673-REVISION__MTO_-26-06-2020.PDF","Revision (MTO)",NO,,,,,,,LO,3461,LO-003461,false,,,,,,false,2023-11-14,,,,,,,,,,,,
WO,3036,WO-3036,,,-,,,,SPA-SO,9730,SPA-SO09730,"System Administrator",Cerrado,"2023-11-14 18:57:01","2023-11-15 12:15:51",180847191392_SO9730.PDF,180847191392_SO9730.PDF,"Revision (MTO)",NO,,,,,,,LO,6114,LO-006114,false,,,,,,false,2023-11-14,,,,,,,,,,,,
WO,2361,WO-2361,,,-,,,,SPA-TO,115,SPA-TO00115,"System Administrator",Cerrado,"2023-11-14 18:41:22","2023-11-15 12:18:06","2112304820073_TO0115-REVISION__MTO_-04-02-2019.PDF","2112304820073_TO0115-REVISION__MTO_-04-02-2019.PDF","Revision (MTO)",NO,,,,,,,LO,6681,LO-006681,false,,,,,,false,2023-11-14,,,,,,,,,,,,
WO,3943,WO-3943,,,-,,,,SPA-CU,8542,SPA-CU08542,"System Administrator",Cerrado,"2024-01-18 17:32:24","2024-01-18 18:01:00","031549231601_CU8542-REV_MTO_23-03-2023.PDF","031549231601_CU8542-REV_MTO_23-03-2023.PDF","Revision (MTO)",NO,,,,,,,LO,2042,LO-002042,false,,,,,,false,2024-01-18,,,,,,,,,,,,
WO,2796,WO-2796,,,-,,,,SPA-SG,9130,SPA-SG09130,"System Administrator",Cerrado,"2023-11-14 18:51:26","2023-11-15 12:18:42","2112342726610_SG9130-INSPECCION__OCA_-16-09-2020.PDF","2112342726610_SG9130-INSPECCION__OCA_-16-09-2020.PDF","Inspecciones (OCA)",NO,,,,,,16.09.2023,LO,6046,LO-006046,false,,,,,,false,2023-11-14,,,,,,,,,,,,
WO,3103,WO-3103,,,-,,,,SPA-CU,8335,SPA-CU08335,"System Administrator",Cerrado,"2023-11-14 18:58:23","2023-11-15 12:09:46",09153213921_CU8335.PDF,09153213921_CU8335.PDF,"Inspecciones (OCA)",NO,,,,,,02.08.2024,LO,1988,LO-001988,false,,,,,,false,2023-11-14,,,,,,,,,,,,
WO,2853,WO-2853,,,-,,,,SPA-CS,109,SPA-CS00109,"System Administrator",Cerrado,"2023-11-14 18:52:48","2023-11-15 12:16:55","1319382511569_CS0109_INFORME_REVISION_VALL_DALBA_2021.PDF","1319382511569_CS0109_INFORME_REVISION_VALL_DALBA_2021.PDF","Revision (MTO)",NO,,,,,,,LO,1892,LO-001892,false,,,,,,false,2023-11-14,,,,,,,,,,,,
WO,4387,WO-4387,,,-,,,,SPA-TO,46,SPA-TO00046,"System Administrator",Cerrado,"2024-01-18 17:42:50","2024-01-18 18:05:31","1908392922664_CERT_AT-TO-016-2_22_TOTEM_TO0046_BURUJON_CT.PDF","1908392922664_CERT_AT-TO-016-2_22_TOTEM_TO0046_BURUJON_CT.PDF","Inspecciones (OCA)",NO,,,,,,,LO,6648,LO-006648,false,,,,,,false,2024-01-18,,,,,,,,,,,,
WO,2771,WO-2771,,,-,,,,SPA-VA,2288,SPA-VA02288,"System Administrator",Cerrado,"2023-11-14 18:50:51","2023-11-15 12:13:43","211234263477_VA2288-INSPECCION__OCA_-05-10-2020.PDF","211234263477_VA2288-INSPECCION__OCA_-05-10-2020.PDF","Inspecciones (OCA)",NO,,,,,,05.10.2023,LO,7100,LO-007100,false,,,,,,false,2023-11-14,,,,,,,,,,,,
WO,4085,WO-4085,,,-,,,,SPA-SO,9921,SPA-SO09921,"System Administrator",Cerrado,"2024-01-18 17:35:52","2024-01-18 18:02:28",300828432444_SO9921.PDF,300828432444_SO9921.PDF,"Revision (MTO)",NO,,,,,,21.10.2024,LO,6167,LO-006167,false,,,,,,false,2024-01-18,,,,,,,,,,,,
WO,4180,WO-4180,,,-,,,,SPA-HU,7140,SPA-HU07140,"System Administrator",Cerrado,"2024-01-18 17:38:11","2024-01-18 18:03:26","1016161124756_HU7140-REV_MTO_30-08-23.PDF","1016161124756_HU7140-REV_MTO_30-08-23.PDF","Revision (MTO)",NO,,,,,,30.08.2024,LO,2853,LO-002853,false,,,,,,false,2024-01-18,,,,,,,,,,,,
WO,4580,WO-4580,,,-,,,,,,,"Patricia Andreia Enes do Vale Neiva",Abierto,"2024-01-29 13:40:53","2024-01-29 13:40:53",CSG_MX6345RT1_SWAP_IYC,"Estamos solicitando acceso al MX0187 para cambiar de posición dos fibras existentes, dentro del mismo repartidor. Son parcheos para cambiar una conexión con el NE que ahora va a un puerto de 1G y lo cambiamos por un puerto de 10G. El ATN lo instalamos en MX6345",Obsolescencia,NO,,,,,,,,,-,false,,,,,,false,2024-01-29,,,,,,,,,,,,
WO,3438,WO-3438,,,-,,,,SPA-CR,3301,SPA-CR03301,"System Administrator",Cerrado,"2023-11-14 19:06:10","2023-11-15 12:07:25","0111361425264_CR3301-TOTEM.PDF","0111361425264_CR3301-TOTEM.PDF","Revision (MTO)",NO,,,,,,,LO,1783,LO-001783,false,,,,,,false,2023-11-14,,,,,,,,,,,,
WO,3347,WO-3347,,,-,,,,SPA-MX,3304,SPA-MX03304,"System Administrator",Cerrado,"2023-11-14 19:04:04","2023-11-15 12:05:30",1811522027181_MX3304.PDF,1811522027181_MX3304.PDF,"Revision (MTO)",NO,,,,,,,LO,4698,LO-004698,false,,,,,,false,2023-11-14,,,,,,,,,,,,
WO,2632,WO-2632,,,-,,,,SPA-BU,4241,SPA-BU04241,"System Administrator",Cerrado,"2023-11-14 18:47:42","2023-11-15 12:20:07","211231205934_BU4241-REVISION__MTO_-20-07-2020.PDF","211231205934_BU4241-REVISION__MTO_-20-07-2020.PDF","Revision (MTO)",NO,,,,,,,LO,707,LO-000707,false,,,,,,false,2023-11-14,,,,,,,,,,,,
WO,3803,WO-3803,,,-,,,,SPA-VA,2171,SPA-VA02171,"System Administrator",Cerrado,"2024-01-18 17:28:56","2024-01-18 17:59:32","170927215273_VA2171-DEFECTOS_CORREGIDOS.PDF","170927215273_VA2171-DEFECTOS_CORREGIDOS.PDF","Revision (MTO)",NO,,,,,,,LO,7028,LO-007028,false,,,,,,false,2024-01-18,,,,,,,,,,,,
WO,3030,WO-3030,,,-,,,,SPA-SO,9784,SPA-SO09784,"System Administrator",Cerrado,"2023-11-14 18:56:53","2023-11-15 12:10:34",1808522829586_SO9784.PDF,1808522829586_SO9784.PDF,"Revision (MTO)",NO,,,,,,,LO,6127,LO-006127,false,,,,,,false,2023-11-14,,,,,,,,,,,,
WO,2676,WO-2676,,,-,,,,SPA-BU,4209,SPA-BU04209,"System Administrator",Cerrado,"2023-11-14 18:48:41","2023-11-15 12:17:13","2112312313519_BU4209-REVISION__MTO_-20-07-2020.PDF","2112312313519_BU4209-REVISION__MTO_-20-07-2020.PDF","Revision (MTO)",NO,,,,,,,LO,687,LO-000687,false,,,,,,false,2023-11-14,,,,,,,,,,,,
WO,3638,WO-3638,,,-,,,,SPA-SE,1330,SPA-SE01330,"System Administrator",Cerrado,"2023-11-14 19:10:45","2023-11-15 12:21:22","1409473925995_SE1330-REVISION__MTO_-01-09-2022.PDF","1409473925995_SE1330-REVISION__MTO_-01-09-2022.PDF","Revision (MTO)",NO,,,,,,,LO,5965,LO-005965,false,,,,,,false,2023-11-14,,,,,,,,,,,,
WO,3612,WO-3612,,,-,,,,SPA-ZX,561,SPA-ZX00561,"System Administrator",Cerrado,"2023-11-14 19:10:10","2023-11-15 12:17:04","1211123731193_ZX0561_-_REV_MTO_04-07-2022.PDF","1211123731193_ZX0561_-_REV_MTO_04-07-2022.PDF","Revision (MTO)",NO,,,,,,,LO,7788,LO-007788,false,,,,,,false,2023-11-14,,,,,,,,,,,,
WO,3215,WO-3215,,,-,,,,SPA-HX,9432,SPA-HX09432,"System Administrator",Cerrado,"2023-11-14 19:01:01","2023-11-15 12:08:34","031256138317_HX9432-INSPECCION__OCA_-20-10-2022.PDF","031256138317_HX9432-INSPECCION__OCA_-20-10-2022.PDF","Inspecciones (OCA)",NO,,,,,,20.10.2025,LO,2924,LO-002924,false,,,,,,false,2023-11-14,,,,,,,,,,,,
WO,3610,WO-3610,,,-,,,,SPA-ZX,519,SPA-ZX00519,"System Administrator",Cerrado,"2023-11-14 19:10:07","2023-11-15 12:18:32","1211074020063_ZX0519-REV_MTO_06-07-2022.PDF","1211074020063_ZX0519-REV_MTO_06-07-2022.PDF","Revision (MTO)",NO,,,,,,,LO,7776,LO-007776,false,,,,,,false,2023-11-14,,,,,,,,,,,,
WO,4589,WO-4589,SAR,249,SAR-000249,SPA-CS,7,SPA-CS00007,,,,"DNO acceso OSP",Abierto,"2024-01-29 15:04:12","2024-01-29 15:12:10","CS0007    443256","Revision sonda dentro de una caseta prefabricada","Inspección Preventiva",NO,,,,,,,,,-,false,,,,,,false,2024-01-29,,,,,,,,,,,,
WO,3342,WO-3342,,,-,,,,SPA-MX,3402,SPA-MX03402,"System Administrator",Cerrado,"2023-11-14 19:03:57","2023-11-15 12:20:31",1811460012858_MX3402.PDF,1811460012858_MX3402.PDF,"Revision (MTO)",NO,,,,,,,LO,4703,LO-004703,false,,,,,,false,2023-11-14,,,,,,,,,,,,
WO,3444,WO-3444,,,-,,,,SPA-TO,122,SPA-TO00122,"System Administrator",Cerrado,"2023-11-14 19:06:18","2023-11-15 12:08:31","071057297768_TO0122-TOTEM.PDF","071057297768_TO0122-TOTEM.PDF","Revision (MTO)",NO,,,,,,,LO,6685,LO-006685,false,,,,,,false,2023-11-14,,,,,,,,,,,,
WO,3898,WO-3898,,,-,,,,SPA-LE,1501,SPA-LE01501,"System Administrator",Cerrado,"2024-01-18 17:31:18","2024-01-18 18:00:33","1913531017396_LE1501-_CON_DEFECTOS.PDF","1913531017396_LE1501-_CON_DEFECTOS.PDF","Revision (MTO)",NO,,,,,,,LO,3437,LO-003437,false,,,,,,false,2024-01-18,,,,,,,,,,,,
WO,3449,WO-3449,,,-,,,,SPA-CX,467,SPA-CX00467,"System Administrator",Cerrado,"2023-11-14 19:06:25","2023-11-15 12:21:53","271045101308_PARTE_INCIDENCIA.PDF","271045101308_PARTE_INCIDENCIA.PDF","Revision (MTO)",NO,,,,,,,LO,2159,LO-002159,false,,,,,,false,2023-11-14,,,,,,,,,,,,
WO,2002,WO-2002,,,-,,,,SPA-TO,411,SPA-TO00411,"System Administrator",Cerrado,"2023-11-14 18:32:47","2023-11-15 12:05:56","2112300120136_TO0411-INSPECCION__OCA_-17-05-2019.PDF","2112300120136_TO0411-INSPECCION__OCA_-17-05-2019.PDF","Inspecciones (OCA)",NO,,,,,,17.05.2022,LO,6717,LO-006717,false,,,,,,false,2023-11-14,,,,,,,,,,,,
WO,3712,WO-3712,,,-,,,,SPA-HU,7193,SPA-HU07193,"System Administrator",Cerrado,"2023-11-14 19:12:35","2023-11-15 12:08:14","2709195326115_HU7193_-_AT-HU-028-22_-_PERALTILLA_-_OCA.PDF","2709195326115_HU7193_-_AT-HU-028-22_-_PERALTILLA_-_OCA.PDF","Revision (MTO)",NO,,,,,,,LO,2881,LO-002881,false,,,,,,false,2023-11-14,,,,,,,,,,,,
WO,2235,WO-2235,,,-,,,,SPA-CC,6314,SPA-CC06314,"System Administrator",Cerrado,"2023-11-14 18:38:22","2023-11-15 12:15:54","211230358738_CC6314-REVISION__MTO_-22-01-2020.PDF","211230358738_CC6314-REVISION__MTO_-22-01-2020.PDF","Revision (MTO)",NO,,,,,,,LO,1563,LO-001563,false,,,,,,false,2023-11-14,,,,,,,,,,,,
WO,2320,WO-2320,,,-,,,,SPA-MX,9001,SPA-MX09001,"System Administrator",Cerrado,"2023-11-14 18:40:24","2023-11-15 12:17:05","2112304423569_MX9001-REVISION__MTO_-04-02-2019.PDF","2112304423569_MX9001-REVISION__MTO_-04-02-2019.PDF","Revision (MTO)",NO,,,,,,,LO,4988,LO-004988,false,,,,,,false,2023-11-14,,,,,,,,,,,,
WO,3962,WO-3962,,,-,,,,SPA-GU,9199,SPA-GU09199,"System Administrator",Cerrado,"2024-01-18 17:32:53","2024-01-18 18:01:12","1911151725799_GU9199-REV_MTO_29-03-2023.PDF","1911151725799_GU9199-REV_MTO_29-03-2023.PDF","Revision (MTO)",NO,,,,,,,LO,2802,LO-002802,false,,,,,,false,2024-01-18,,,,,,,,,,,,
WO,4078,WO-4078,,,-,,,,SPA-TO,532,SPA-TO00532,"System Administrator",Cerrado,"2024-01-18 17:35:42","2024-01-18 18:02:24","0107423310072_TO0532-REV_MAT_21_06_23.PDF","0107423310072_TO0532-REV_MAT_21_06_23.PDF","Revision (MTO)",NO,,,,,,21.06.2024,LO,6737,LO-006737,false,,,,,,false,2024-01-18,,,,,,,,,,,,
WO,3828,WO-3828,,,-,,,,SPA-CA,5001,SPA-CA05001,"System Administrator",Cerrado,"2024-01-18 17:29:33","2024-01-18 17:59:48","1008174928435_CA5001-REVISION__MTO_-5-08-2023.PDF","1008174928435_CA5001-REVISION__MTO_-5-08-2023.PDF","Revision (MTO)",NO,,,,,,,LO,1511,LO-001511,false,,,,,,false,2024-01-18,,,,,,,,,,,,
WO,4625,WO-4625,,,-,,,,,,,"Rafael jose Huesca moruno",Abierto,"2024-01-30 10:34:33","2024-01-30 10:34:33","Acceso-20240130-00038 051929 / B_TARRAGONA_84 144880477","Acceso-20240130-00038 051929 / B_TARRAGONA_84 144880477",Normal,NO,,,,,,,,,-,false,,,,,,false,2024-01-30,,,,,,,,,,,,
WO,2399,WO-2399,,,-,,,,SPA-CU,8532,SPA-CU08532,"System Administrator",Cerrado,"2023-11-14 18:42:16","2023-11-15 12:21:43","2112305131635_CU8532-REVISION__MTO_-12-03-2019.PDF","2112305131635_CU8532-REVISION__MTO_-12-03-2019.PDF","Revision (MTO)",NO,,,,,,,LO,2038,LO-002038,false,,,,,,false,2023-11-14,,,,,,,,,,,,
WO,2290,WO-2290,,,-,,,,SPA-LE,1676,SPA-LE01676,"System Administrator",Cerrado,"2023-11-14 18:39:40","2023-11-15 12:15:40","2112304226705_LE1676-REVISION__MTO_-10-06-2019.PDF","2112304226705_LE1676-REVISION__MTO_-10-06-2019.PDF","Revision (MTO)",NO,,,,,,,LO,3463,LO-003463,false,,,,,,false,2023-11-14,,,,,,,,,,,,
WO,3850,WO-3850,,,-,,,,SPA-HX,9801,SPA-HX09801,"System Administrator",Cerrado,"2024-01-18 17:30:07","2024-01-18 18:00:02","1710172211900_HX9801-REVISION__MTO_-04-08-2023.PDF","1710172211900_HX9801-REVISION__MTO_-04-08-2023.PDF","Revision (MTO)",NO,,,,,,,LO,2993,LO-002993,false,,,,,,false,2024-01-18,,,,,,,,,,,,
WO,4615,WO-4615,SAR,284,SAR-000284,SPA-MX,813,SPA-MX00813,,,,"Rebeca Romón sánchez",Abierto,"2024-01-30 08:11:05","2024-01-30 08:11:05","REVISION EQUIPOS OSP","REVISION EQUIPOS OSP, FALLO FASES CONTADOR",Urgente,NO,,,,,,,,,-,false,,,,,,false,2024-01-30,,,,,,,,,,,,
WO,4266,WO-4266,,,-,,,,SPA-LE,651,SPA-LE00651,"System Administrator",Cerrado,"2024-01-18 17:40:08","2024-01-18 18:04:20",1613484210848_LE0651.PDF,1613484210848_LE0651.PDF,"Inspecciones (OCA)",NO,,,,,,,LO,3412,LO-003412,false,,,,,,false,2024-01-18,,,,,,,,,,,,
WO,3865,WO-3865,,,-,,,,SPA-SE,375,SPA-SE00375,"System Administrator",Cerrado,"2024-01-18 17:30:29","2024-01-18 18:00:12","0714294716671_REVISION_MTO_04-10-23.PDF","0714294716671_REVISION_MTO_04-10-23.PDF","Revision (MTO)",NO,,,,,,,LO,5866,LO-005866,false,,,,,,false,2024-01-18,,,,,,,,,,,,
WO,4494,WO-4494,SAR,152,SAR-000152,SPA-AL,9079,SPA-AL09079,,,,"DNO acceso OSP",Abierto,"2024-01-26 13:55:51","2024-01-26 14:01:33","443117   AL9079","MEDIDAS DE EMISIONES RADIOELECTRICAS CON TOMA DE FOTOGRAFIAS","Inspecciones (OCA)",NO,,,,,,,,,-,false,,,,,,false,2024-01-26,,,,,,,,,,,,
WO,4192,WO-4192,,,-,,,,SPA-SA,6411,SPA-SA06411,"System Administrator",Cerrado,"2024-01-18 17:38:27","2024-01-18 18:03:33","041314552871_SA6411-_FAVORABLE.PDF","041314552871_SA6411-_FAVORABLE.PDF","Inspecciones (OCA)",NO,,,,,,,LO,5715,LO-005715,false,,,,,,false,2024-01-18,,,,,,,,,,,,
WO,4292,WO-4292,,,-,,,,SPA-SO,9921,SPA-SO09921,"System Administrator",Cerrado,"2024-01-18 17:40:43","2024-01-18 18:04:35",300829079920_SO9921.PDF,300829079920_SO9921.PDF,"Inspecciones (OCA)",NO,,,,,,,LO,6167,LO-006167,false,,,,,,false,2024-01-18,,,,,,,,,,,,
WO,2904,WO-2904,,,-,,,,SPA-AV,8478,SPA-AV08478,"System Administrator",Cerrado,"2023-11-14 18:53:58","2023-11-15 12:17:19",0810370930671_AV8478.PDF,0810370930671_AV8478.PDF,"Revision (MTO)",NO,,,,,,,LO,161,LO-000161,false,,,,,,false,2023-11-14,,,,,,,,,,,,
WO,2434,WO-2434,,,-,,,,SPA-GU,9148,SPA-GU09148,"System Administrator",Cerrado,"2023-11-14 18:43:07","2023-11-15 12:12:16","2112305316840_GU9148-REVISION__MTO_-06-03-2019.PDF","2112305316840_GU9148-REVISION__MTO_-06-03-2019.PDF","Revision (MTO)",NO,,,,,,,LO,2780,LO-002780,false,,,,,,false,2023-11-14,,,,,,,,,,,,
WO,4288,WO-4288,,,-,,,,SPA-SO,9812,SPA-SO09812,"System Administrator",Cerrado,"2024-01-18 17:40:37","2024-01-18 18:04:33",3008193130575_SO9812.PDF,3008193130575_SO9812.PDF,"Inspecciones (OCA)",NO,,,,,,,LO,6138,LO-006138,false,,,,,,false,2024-01-18,,,,,,,,,,,,
WO,2454,WO-2454,,,-,,,,SPA-PO,6639,SPA-PO06639,"System Administrator",Cerrado,"2023-11-14 18:43:37","2023-11-15 12:22:23","2112305626787_PO6639-REVISION__MTO_-04-06-2019.PDF","2112305626787_PO6639-REVISION__MTO_-04-06-2019.PDF","Revision (MTO)",NO,,,,,,,LO,5605,LO-005605,false,,,,,,false,2023-11-14,,,,,,,,,,,,
WO,4318,WO-4318,,,-,,,,SPA-BU,4295,SPA-BU04295,"System Administrator",Cerrado,"2024-01-18 17:41:17","2024-01-18 18:04:50",1708243925215_BU4295.PDF,1708243925215_BU4295.PDF,"Inspecciones (OCA)",NO,,,,,,,LO,728,LO-000728,false,,,,,,false,2024-01-18,,,,,,,,,,,,
WO,2848,WO-2848,,,-,,,,SPA-VX,44,SPA-VX00044,"System Administrator",Cerrado,"2023-11-14 18:52:41","2023-11-15 12:05:20","1319445921605_VX0044_BOLBAITE_INFORME_REVISION_2021.PDF","1319445921605_VX0044_BOLBAITE_INFORME_REVISION_2021.PDF","Revision (MTO)",NO,,,,,,,LO,7232,LO-007232,false,,,,,,false,2023-11-14,,,,,,,,,,,,
WO,2680,WO-2680,,,-,,,,SPA-BU,4365,SPA-BU04365,"System Administrator",Cerrado,"2023-11-14 18:48:46","2023-11-15 12:09:01","2112312320383_BU4365-INSPECCION__OCA_-09-10-2020.PDF","2112312320383_BU4365-INSPECCION__OCA_-09-10-2020.PDF","Inspecciones (OCA)",NO,,,,,,09.10.2023,LO,751,LO-000751,false,,,,,,false,2023-11-14,,,,,,,,,,,,
WO,3137,WO-3137,,,-,,,,SPA-SA,6435,SPA-SA06435,"System Administrator",Cerrado,"2023-11-14 18:59:09","2023-11-15 12:20:33",2110235710661_SA6435.PDF,2110235710661_SA6435.PDF,"Revision (MTO)",NO,,,,,,,LO,5720,LO-005720,false,,,,,,false,2023-11-14,,,,,,,,,,,,
WO,2141,WO-2141,,,-,,,,SPA-AV,8461,SPA-AV08461,"System Administrator",Cerrado,"2023-11-14 18:36:09","2023-11-15 12:08:02","21123025707_AV8461-REVISION__MTO_-08-08-2019.PDF","21123025707_AV8461-REVISION__MTO_-08-08-2019.PDF","Revision (MTO)",NO,,,,,,,LO,153,LO-000153,false,,,,,,false,2023-11-14,,,,,,,,,,,,
WO,2489,WO-2489,,,-,,,,SPA-CS,109,SPA-CS00109,"System Administrator",Cerrado,"2023-11-14 18:44:27","2023-11-15 12:10:09","2112310410816_CS0109-REVISION__MTO_-03-06-2020.DOC","2112310410816_CS0109-REVISION__MTO_-03-06-2020.DOC","Revision (MTO)",NO,,,,,,,LO,1892,LO-001892,false,,,,,,false,2023-11-14,,,,,,,,,,,,
WO,4096,WO-4096,,,-,,,,SPA-TO,73,SPA-TO00073,"System Administrator",Cerrado,"2024-01-18 17:36:08","2024-01-18 18:02:35","311229509827_TO0073-REV_MAT__23_06_23.PDF","311229509827_TO0073-REV_MAT__23_06_23.PDF","Revision (MTO)",NO,,,,,,23.06.2024,LO,6661,LO-006661,false,,,,,,false,2024-01-18,,,,,,,,,,,,
WO,2016,WO-2016,,,-,,,,SPA-TO,541,SPA-TO00541,"System Administrator",Cerrado,"2023-11-14 18:33:07","2023-11-15 12:11:01","2112300231758_TO0541-INSPECCION__OCA_-20-05-2019.PDF","2112300231758_TO0541-INSPECCION__OCA_-20-05-2019.PDF","Inspecciones (OCA)",NO,,,,,,20.05.2022,LO,6744,LO-006744,false,,,,,,false,2023-11-14,,,,,,,,,,,,
WO,3625,WO-3625,,,-,,,,SPA-ZX,621,SPA-ZX00621,"System Administrator",Cerrado,"2023-11-14 19:10:27","2023-11-15 12:10:25","121135396706_ZX0621_-_REV_MTO_05-07-2022.PDF","121135396706_ZX0621_-_REV_MTO_05-07-2022.PDF","Revision (MTO)",NO,,,,,,,LO,7800,LO-007800,false,,,,,,false,2023-11-14,,,,,,,,,,,,
WO,4276,WO-4276,,,-,,,,SPA-JX,8020,SPA-JX08020,"System Administrator",Cerrado,"2024-01-18 17:40:21","2024-01-18 18:04:26","2313233710922_JX8020-INSPECCION__OCA_CT-9-10-2023.PDF","2313233710922_JX8020-INSPECCION__OCA_CT-9-10-2023.PDF","Inspecciones (OCA)",NO,,,,,,,LO,3311,LO-003311,false,,,,,,false,2024-01-18,,,,,,,,,,,,
WO,2592,WO-2592,,,-,,,,SPA-CX,3821,SPA-CX03821,"System Administrator",Cerrado,"2023-11-14 18:46:47","2023-11-15 12:15:25","2112311718085_CX3821-INSPECCION__OCA_-14-09-2020.PDF","2112311718085_CX3821-INSPECCION__OCA_-14-09-2020.PDF","Inspecciones (OCA)",NO,,,,,,14.09.2023,LO,2290,LO-002290,false,,,,,,false,2023-11-14,,,,,,,,,,,,
WO,3132,WO-3132,,,-,,,,SPA-CR,3307,SPA-CR03307,"System Administrator",Cerrado,"2023-11-14 18:59:03","2023-11-15 12:21:55",111052139802_CR3307.PDF,111052139802_CR3307.PDF,"Inspecciones (OCA)",NO,,,,,,28.07.2024,LO,1787,LO-001787,false,,,,,,false,2023-11-14,,,,,,,,,,,,
WO,4151,WO-4151,,,-,,,,SPA-TE,48,SPA-TE00048,"System Administrator",Cerrado,"2024-01-18 17:37:29","2024-01-18 18:03:09","1120310210932_TE0048-REV_MTO_28-08-23.PDF","1120310210932_TE0048-REV_MTO_28-08-23.PDF","Revision (MTO)",NO,,,,,,28.08.2024,LO,6416,LO-006416,false,,,,,,false,2024-01-18,,,,,,,,,,,,
WO,4214,WO-4214,,,-,,,,SPA-TO,415,SPA-TO00415,"System Administrator",Cerrado,"2024-01-18 17:38:57","2024-01-18 18:03:47","0409090030566_CERT_AT-TO-013-2_22_TOTEM_TO0415_CAMUÑAS_CT.PDF","0409090030566_CERT_AT-TO-013-2_22_TOTEM_TO0415_CAMUÑAS_CT.PDF","Inspecciones (OCA)",NO,,,,,,,LO,6718,LO-006718,false,,,,,,false,2024-01-18,,,,,,,,,,,,
WO,3282,WO-3282,,,-,,,,SPA-JX,8149,SPA-JX08149,"System Administrator",Cerrado,"2023-11-14 19:02:34","2023-11-15 12:06:33","211309412611_JX8149-INSPECCION__OCA_-02-07-2020.PDF","211309412611_JX8149-INSPECCION__OCA_-02-07-2020.PDF","Inspecciones (OCA)",NO,,,,,,02.07.2023,LO,3321,LO-003321,false,,,,,,false,2023-11-14,,,,,,,,,,,,
WO,3587,WO-3587,,,-,,,,SPA-CO,7122,SPA-CO07122,"System Administrator",Cerrado,"2023-11-14 19:09:36","2023-11-15 12:17:29","0608290912669_CO6835-REVISION__MTO_-24-08-2022.PDF","0608290912669_CO6835-REVISION__MTO_-24-08-2022.PDF","Revision (MTO)",NO,,,,,,,LO,1636,LO-001636,false,,,,,,false,2023-11-14,,,,,,,,,,,,
WO,3155,WO-3155,,,-,,,,SPA-MX,3404,SPA-MX03404,"System Administrator",Cerrado,"2023-11-14 18:59:35","2023-11-15 12:21:06","171553477079_PARTE_INCIDENCIA.PDF","171553477079_PARTE_INCIDENCIA.PDF","Revision (MTO)",NO,,,,,,,LO,4704,LO-004704,false,,,,,,false,2023-11-14,,,,,,,,,,,,
WO,3164,WO-3164,,,-,,,,SPA-SG,9194,SPA-SG09194,"System Administrator",Cerrado,"2023-11-14 18:59:48","2023-11-15 12:24:33",1409581312559_SG9194.PDF,1409581312559_SG9194.PDF,"Revision (MTO)",NO,,,,,,,LO,6066,LO-006066,false,,,,,,false,2023-11-14,,,,,,,,,,,,
WO,3196,WO-3196,,,-,,,,SPA-SG,9220,SPA-SG09220,"System Administrator",Cerrado,"2023-11-14 19:00:35","2023-11-15 12:05:07","0709170622847_SG9220-CON_DEFECTOS.PDF","0709170622847_SG9220-CON_DEFECTOS.PDF","Revision (MTO)",NO,,,,,,,LO,6070,LO-006070,false,,,,,,false,2023-11-14,,,,,,,,,,,,
WO,3657,WO-3657,,,-,,,,SPA-BU,4225,SPA-BU04225,"System Administrator",Cerrado,"2023-11-14 19:11:13","2023-11-15 12:17:40","1514155326920_BU4225-CON_DEFECTOS.PDF","1514155326920_BU4225-CON_DEFECTOS.PDF","Revision (MTO)",NO,,,,,,,LO,696,LO-000696,false,,,,,,false,2023-11-14,,,,,,,,,,,,
WO,2448,WO-2448,,,-,,,,SPA-OR,9722,SPA-OR09722,"System Administrator",Cerrado,"2023-11-14 18:43:27","2023-11-15 12:23:07","211230551497_OR9722-REVISION__MTO_-04-06-2019.PDF","211230551497_OR9722-REVISION__MTO_-04-06-2019.PDF","Revision (MTO)",NO,,,,,,,LO,5171,LO-005171,false,,,,,,false,2023-11-14,,,,,,,,,,,,
WO,3604,WO-3604,,,-,,,,SPA-ZX,372,SPA-ZX00372,"System Administrator",Cerrado,"2023-11-14 19:09:58","2023-11-15 12:06:47","0915033015446_ZX0372-REV_MTO_05-07-2022.PDF","0915033015446_ZX0372-REV_MTO_05-07-2022.PDF","Revision (MTO)",NO,,,,,,,LO,7757,LO-007757,false,,,,,,false,2023-11-14,,,,,,,,,,,,
WO,1950,WO-1950,,,-,,,,SPA-AB,27,SPA-AB00027,"System Administrator",Cerrado,"2023-11-14 18:31:28","2023-11-15 12:23:04","2609541622920_AB0027_TOBARRA_CERTIFICADO_FAVORABLE_2021.PDF","2609541622920_AB0027_TOBARRA_CERTIFICADO_FAVORABLE_2021.PDF","Inspecciones (OCA)",NO,,,,,,10.03.2024,LO,6,LO-000006,false,,,,,,false,2023-11-14,,,,,,,,,,,,
WO,2811,WO-2811,,,-,,,,SPA-CX,503,SPA-CX00503,"System Administrator",Cerrado,"2023-11-14 18:51:47","2023-11-15 12:21:21","2112342829849_CX0503-REVISION__MTO_-11-05-2020.PDF","2112342829849_CX0503-REVISION__MTO_-11-05-2020.PDF","Revision (MTO)",NO,,,,,,,LO,2167,LO-002167,false,,,,,,false,2023-11-14,,,,,,,,,,,,
WO,3168,WO-3168,,,-,,,,SPA-SG,9301,SPA-SG09301,"System Administrator",Cerrado,"2023-11-14 18:59:54","2023-11-15 12:12:14","140955049725_SG9301-CON_DEFECTOS.PDF","140955049725_SG9301-CON_DEFECTOS.PDF","Revision (MTO)",NO,,,,,,,LO,6072,LO-006072,false,,,,,,false,2023-11-14,,,,,,,,,,,,
WO,2431,WO-2431,,,-,,,,SPA-GU,9161,SPA-GU09161,"System Administrator",Cerrado,"2023-11-14 18:43:02","2023-11-15 12:20:00","2112305325236_GU9161-REVISION__MTO_-06-03-2019.PDF","2112305325236_GU9161-REVISION__MTO_-06-03-2019.PDF","Revision (MTO)",NO,,,,,,,LO,2786,LO-002786,false,,,,,,false,2023-11-14,,,,,,,,,,,,
WO,3999,WO-3999,,,-,,,,SPA-CS,217,SPA-CS00217,"System Administrator",Cerrado,"2024-01-18 17:33:48","2024-01-18 18:01:35","2517383815510_CS0217_INFORME_REVISION_SANT_MATEU_2023.PDF","2517383815510_CS0217_INFORME_REVISION_SANT_MATEU_2023.PDF","Revision (MTO)",NO,,,,,,07.03.2024,LO,1918,LO-001918,false,,,,,,false,2024-01-18,,,,,,,,,,,,
WO,3199,WO-3199,,,-,,,,SPA-VI,8712,SPA-VI08712,"System Administrator",Cerrado,"2023-11-14 19:00:39","2023-11-15 12:18:12","0713224523712_PARTE_INCIDENCIA_VI8712.PDF","0713224523712_PARTE_INCIDENCIA_VI8712.PDF","Revision (MTO)",NO,,,,,,,LO,7165,LO-007165,false,,,,,,false,2023-11-14,,,,,,,,,,,,
WO,2385,WO-2385,,,-,,,,SPA-CR,3307,SPA-CR03307,"System Administrator",Cerrado,"2023-11-14 18:41:55","2023-11-15 12:06:41","2112305017022_CR3307-REVISION__MTO_-11-02-2019.PDF","2112305017022_CR3307-REVISION__MTO_-11-02-2019.PDF","Revision (MTO)",NO,,,,,,,LO,1787,LO-001787,false,,,,,,false,2023-11-14,,,,,,,,,,,,
WO,4329,WO-4329,,,-,,,,SPA-SE,128,SPA-SE00128,"System Administrator",Cerrado,"2024-01-18 17:41:32","2024-01-18 18:04:57","221346083708_01370311_ORANGE_ESPAGNE__SAU_SE0128___LAMT_PERIO_FAV.PDF","221346083708_01370311_ORANGE_ESPAGNE__SAU_SE0128___LAMT_PERIO_FAV.PDF","Inspecciones (OCA)",NO,,,,,,,LO,5786,LO-005786,false,,,,,,false,2024-01-18,,,,,,,,,,,,
WO,4619,WO-4619,,,-,,,,,,,"Rafael jose Huesca moruno",Abierto,"2024-01-30 10:00:07","2024-01-30 10:02:07","Acceso-20240130-00038 051929 / B_TARRAGONA_84 144880477","Acceso-20240130-00038 051929 / B_TARRAGONA_84 144880477",Normal,NO,,,,,,,,,-,false,,,,,,false,2024-01-30,,,,,,,,,,,,
WO,2037,WO-2037,,,-,,,,SPA-SE,1330,SPA-SE01330,"System Administrator",Cerrado,"2023-11-14 18:33:37","2023-11-15 12:15:47","2112300311243_SE1330-REVISION__MTO_-10-09-2019.PDF","2112300311243_SE1330-REVISION__MTO_-10-09-2019.PDF","Revision (MTO)",NO,,,,,,,LO,5965,LO-005965,false,,,,,,false,2023-11-14,,,,,,,,,,,,
WO,2377,WO-2377,,,-,,,,SPA-GU,9191,SPA-GU09191,"System Administrator",Cerrado,"2023-11-14 18:41:45","2023-11-15 12:11:45","2112304914398_GU9191-INCIDENCIA-28-04-2020.PDF","2112304914398_GU9191-INCIDENCIA-28-04-2020.PDF","Revision (MTO)",NO,,,,,,,LO,2800,LO-002800,false,,,,,,false,2023-11-14,,,,,,,,,,,,
WO,3882,WO-3882,,,-,,,,SPA-LE,1722,SPA-LE01722,"System Administrator",Cerrado,"2024-01-18 17:30:55","2024-01-18 18:00:22",1910180620953_LE1722.PDF,1910180620953_LE1722.PDF,"Revision (MTO)",NO,,,,,,,LO,3478,LO-003478,false,,,,,,false,2024-01-18,,,,,,,,,,,,
WO,2366,WO-2366,,,-,,,,SPA-TO,59,SPA-TO00059,"System Administrator",Cerrado,"2023-11-14 18:41:29","2023-11-15 12:08:51","2112304811069_TO0059-REVISION__MTO_-04-02-2019.PDF","2112304811069_TO0059-REVISION__MTO_-04-02-2019.PDF","Revision (MTO)",NO,,,,,,,LO,6656,LO-006656,false,,,,,,false,2023-11-14,,,,,,,,,,,,
WO,3126,WO-3126,,,-,,,,,,,"System Administrator",Cerrado,"2023-11-14 18:58:55","2023-11-15 12:09:54",1110445121452_CR3426.PDF,1110445121452_CR3426.PDF,"Inspecciones (OCA)",NO,,,,,,28.07.2024,,,-,false,,,,,,false,2023-11-14,,,,,,,,,,,,
WO,3104,WO-3104,,,-,,,,SPA-CU,8336,SPA-CU08336,"System Administrator",Cerrado,"2023-11-14 18:58:24","2023-11-15 12:21:04",0915331529253_CU8336.PDF,0915331529253_CU8336.PDF,"Inspecciones (OCA)",NO,,,,,,03.08.2024,LO,1989,LO-001989,false,,,,,,false,2023-11-14,,,,,,,,,,,,
WO,3929,WO-3929,,,-,,,,SPA-CU,8319,SPA-CU08319,"System Administrator",Cerrado,"2024-01-18 17:32:04","2024-01-18 18:00:52","0315331218783_CU8319-REV_MTO_23-03-2023.PDF","0315331218783_CU8319-REV_MTO_23-03-2023.PDF","Revision (MTO)",NO,,,,,,,LO,1979,LO-001979,false,,,,,,false,2024-01-18,,,,,,,,,,,,
WO,4048,WO-4048,,,-,,,,SPA-ZX,563,SPA-ZX00563,"System Administrator",Cerrado,"2024-01-18 17:34:58","2024-01-18 18:02:05","3008000922358_ZX0563-REV_MTO_14_07_23.PDF","3008000922358_ZX0563-REV_MTO_14_07_23.PDF","Revision (MTO)",NO,,,,,,14.07.2024,LO,7790,LO-007790,false,,,,,,false,2024-01-18,,,,,,,,,,,,
WO,4382,WO-4382,,,-,,,,SPA-TO,1510,SPA-TO01510,"System Administrator",Cerrado,"2024-01-18 17:42:43","2024-01-18 18:05:28","1908244012151_CERT_AT-TO-021-2_22_TOTEM_TO1510_LAS_HERENCIAS_CT.PDF","1908244012151_CERT_AT-TO-021-2_22_TOTEM_TO1510_LAS_HERENCIAS_CT.PDF","Inspecciones (OCA)",NO,,,,,,,LO,6766,LO-006766,false,,,,,,false,2024-01-18,,,,,,,,,,,,
WO,2516,WO-2516,,,-,,,,SPA-OR,9724,SPA-OR09724,"System Administrator",Cerrado,"2023-11-14 18:45:05","2023-11-15 12:17:10","2112310614676_OR9724-REVISION__MTO_-20-04-2020.PDF","2112310614676_OR9724-REVISION__MTO_-20-04-2020.PDF","Revision (MTO)",NO,,,,,,,LO,5173,LO-005173,false,,,,,,false,2023-11-14,,,,,,,,,,,,
WO,2928,WO-2928,,,-,,,,SPA-LU,7890,SPA-LU07890,"System Administrator",Cerrado,"2023-11-14 18:54:31","2023-11-15 12:16:12","2109302710455_LU7890-DEFECTOS_CORREGIDOS.PDF","2109302710455_LU7890-DEFECTOS_CORREGIDOS.PDF","Revision (MTO)",NO,,,,,,,LO,3622,LO-003622,false,,,,,,false,2023-11-14,,,,,,,,,,,,
WO,2829,WO-2829,,,-,,,,SPA-CU,8322,SPA-CU08322,"System Administrator",Cerrado,"2023-11-14 18:52:14","2023-11-15 12:21:32","211234302317_CU8322-INSPECCION__OCA_-31-03-2018.PDF","211234302317_CU8322-INSPECCION__OCA_-31-03-2018.PDF","Inspecciones (OCA)",NO,,,,,,18.03.2021,LO,1981,LO-001981,false,,,,,,false,2023-11-14,,,,,,,,,,,,
WO,4620,WO-4620,,,-,,,,,,,"Rafael jose Huesca moruno",Abierto,"2024-01-30 10:02:43","2024-01-30 10:34:04","Acceso-20240130-00038 051929 / B_TARRAGONA_84 144880477","Acceso-20240130-00038 051929 / B_TARRAGONA_84 144880477",Normal,NO,,,,,,,,,-,false,,,,,,false,2024-01-30,,,,,,,,,,,,
WO,3578,WO-3578,,,-,,,,SPA-BI,634,SPA-BI00634,"System Administrator",Cerrado,"2023-11-14 19:09:24","2023-11-15 12:16:20","0311214513904_BIO634-REV_MTO_16-08-2022.PDF","0311214513904_BIO634-REV_MTO_16-08-2022.PDF","Revision (MTO)",NO,,,,,,,LO,562,LO-000562,false,,,,,,false,2023-11-14,,,,,,,,,,,,
WO,4080,WO-4080,,,-,,,,SPA-SO,9784,SPA-SO09784,"System Administrator",Cerrado,"2024-01-18 17:35:45","2024-01-18 18:02:25",3008144814836_SO9784.PDF,3008144814836_SO9784.PDF,"Revision (MTO)",NO,,,,,,21.10.2024,LO,6127,LO-006127,false,,,,,,false,2024-01-18,,,,,,,,,,,,
WO,2565,WO-2565,,,-,,,,,,,"System Administrator",Cerrado,"2023-11-14 18:46:11","2023-11-15 12:24:13","211231131401_LE0451-INSPECCION__OCA_-12-08-2020.PDF","211231131401_LE0451-INSPECCION__OCA_-12-08-2020.PDF","Inspecciones (OCA)",NO,,,,,,,,,-,false,,,,,,false,2023-11-14,,,,,,,,,,,,
WO,3018,WO-3018,,,-,,,,SPA-SA,5914,SPA-SA05914,"System Administrator",Cerrado,"2023-11-14 18:56:37","2023-11-15 12:23:35",1810500231303_SA5914.PDF,1810500231303_SA5914.PDF,"Revision (MTO)",NO,,,,,,,LO,5710,LO-005710,false,,,,,,false,2023-11-14,,,,,,,,,,,,
WO,3142,WO-3142,,,-,,,,SPA-SA,5612,SPA-SA05612,"System Administrator",Cerrado,"2023-11-14 18:59:16","2023-11-15 12:19:13",2110155917295_SA5612.PDF,2110155917295_SA5612.PDF,"Revision (MTO)",NO,,,,,,,LO,5693,LO-005693,false,,,,,,false,2023-11-14,,,,,,,,,,,,
WO,3678,WO-3678,,,-,,,,SPA-BU,4250,SPA-BU04250,"System Administrator",Cerrado,"2023-11-14 19:11:45","2023-11-15 12:05:43",1608384021823_BU4250.PDF,1608384021823_BU4250.PDF,"Revision (MTO)",NO,,,,,,,LO,711,LO-000711,false,,,,,,false,2023-11-14,,,,,,,,,,,,
WO,3482,WO-3482,,,-,,,,SPA-TO,122,SPA-TO00122,"System Administrator",Cerrado,"2023-11-14 19:07:10","2023-11-15 12:17:42","1812355715658_CERT_AT-TO-018_22_TOTEM_TO0122_TALAVERA_DE_LA_REINA_CT.PDF","1812355715658_CERT_AT-TO-018_22_TOTEM_TO0122_TALAVERA_DE_LA_REINA_CT.PDF","Inspecciones (OCA)",NO,,,,,,09.06.2025,LO,6685,LO-006685,false,,,,,,false,2023-11-14,,,,,,,,,,,,
WO,4596,WO-4596,SAR,256,SAR-000256,SPA-SA,5722,SPA-SA05722,,,,"Raul Granado escudero",Abierto,"2024-01-29 17:09:50","2024-01-29 17:10:01","Auditoria de autoconsumo","Auditoria de autoconsumo",Auditoría,NO,,,,,,,,,-,false,,,,,,false,2024-01-29,,,,,,,,,,,,
WO,3593,WO-3593,,,-,,,,SPA-JX,8036,SPA-JX08036,"System Administrator",Cerrado,"2023-11-14 19:09:44","2023-11-15 12:16:38","0807190421192_OCA_CT_JX8036.PDF","0807190421192_OCA_CT_JX8036.PDF","Inspecciones (OCA)",NO,,,,,,30.08.2025,LO,3312,LO-003312,false,,,,,,false,2023-11-14,,,,,,,,,,,,
WO,3190,WO-3190,,,-,,,,SPA-HX,9631,SPA-HX09631,"System Administrator",Cerrado,"2023-11-14 19:00:26","2023-11-15 12:05:49","0911241617283_HX9631-INSPECCION__OCA_-19-10-2022_LAT_FAVORABLE.PDF","0911241617283_HX9631-INSPECCION__OCA_-19-10-2022_LAT_FAVORABLE.PDF","Inspecciones (OCA)",NO,,,,,,17.10.2025,LO,2963,LO-002963,false,,,,,,false,2023-11-14,,,,,,,,,,,,
WO,2063,WO-2063,,,-,,,,SPA-ZX,522,SPA-ZX00522,"System Administrator",Cerrado,"2023-11-14 18:34:13","2023-11-15 12:18:19","211230048896_ZX0522-INSPECCION__OCA_-17-06-2019.PDF","211230048896_ZX0522-INSPECCION__OCA_-17-06-2019.PDF","Inspecciones (OCA)",NO,,,,,,17.06.2022,LO,7778,LO-007778,false,,,,,,false,2023-11-14,,,,,,,,,,,,
WO,4239,WO-4239,,,-,,,,SPA-OR,9125,SPA-OR09125,"System Administrator",Cerrado,"2024-01-18 17:39:31","2024-01-18 18:04:04","1910010918646_OCA_OR9125.PDF","1910010918646_OCA_OR9125.PDF","Inspecciones (OCA)",NO,,,,,,,LO,5140,LO-005140,false,,,,,,false,2024-01-18,,,,,,,,,,,,
WO,3158,WO-3158,,,-,,,,SPA-SG,9545,SPA-SG09545,"System Administrator",Cerrado,"2023-11-14 18:59:39","2023-11-15 12:18:07",1410033813992_SG9545.PDF,1410033813992_SG9545.PDF,"Revision (MTO)",NO,,,,,,,LO,6087,LO-006087,false,,,,,,false,2023-11-14,,,,,,,,,,,,
WO,1999,WO-1999,,,-,,,,SPA-TO,532,SPA-TO00532,"System Administrator",Cerrado,"2023-11-14 18:32:43","2023-11-15 12:19:23","2112300120615_TO0532-INSPECCION__OCA_-20-05-2019.PDF","2112300120615_TO0532-INSPECCION__OCA_-20-05-2019.PDF","Inspecciones (OCA)",NO,,,,,,20.05.2022,LO,6737,LO-006737,false,,,,,,false,2023-11-14,,,,,,,,,,,,
WO,2783,WO-2783,,,-,,,,SPA-VA,2225,SPA-VA02225,"System Administrator",Cerrado,"2023-11-14 18:51:08","2023-11-15 12:17:25","2112342722740_VA2225-INSPECCION__OCA_-01-10-2020.PDF","2112342722740_VA2225-INSPECCION__OCA_-01-10-2020.PDF","Inspecciones (OCA)",NO,,,,,,01.10.2023,LO,7065,LO-007065,false,,,,,,false,2023-11-14,,,,,,,,,,,,
WO,2790,WO-2790,,,-,,,,SPA-SG,9220,SPA-SG09220,"System Administrator",Cerrado,"2023-11-14 18:51:17","2023-11-15 12:05:39","2112342716586_SG9220-INSPECCION__OCA_-18-09-2020.PDF","2112342716586_SG9220-INSPECCION__OCA_-18-09-2020.PDF","Inspecciones (OCA)",NO,,,,,,18.09.2023,LO,6070,LO-006070,false,,,,,,false,2023-11-14,,,,,,,,,,,,
WO,3583,WO-3583,,,-,,,,SPA-MA,2905,SPA-MA02905,"System Administrator",Cerrado,"2023-11-14 19:09:30","2023-11-15 12:15:06","3010325615495_MA2905-REVISION__MTO_-22-08-2022.PDF","3010325615495_MA2905-REVISION__MTO_-22-08-2022.PDF","Revision (MTO)",NO,,,,,,,LO,3918,LO-003918,false,,,,,,false,2023-11-14,,,,,,,,,,,,
WO,3695,WO-3695,,,-,,,,SPA-HU,7121,SPA-HU07121,"System Administrator",Cerrado,"2023-11-14 19:12:11","2023-11-15 12:24:53","220909137144_HU7121-REV_MTO_11-07-2022.PDF","220909137144_HU7121-REV_MTO_11-07-2022.PDF","Revision (MTO)",NO,,,,,,,LO,2845,LO-002845,false,,,,,,false,2023-11-14,,,,,,,,,,,,
WO,3000,WO-3000,,,-,,,,SPA-MX,9001,SPA-MX09001,"System Administrator",Cerrado,"2023-11-14 18:56:11","2023-11-15 12:21:05",211030577007_MX9001.PDF,211030577007_MX9001.PDF,"Inspecciones (OCA)",NO,,,,,,21.10.2024,LO,4988,LO-004988,false,,,,,,false,2023-11-14,,,,,,,,,,,,
WO,2125,WO-2125,,,-,,,,SPA-LE,471,SPA-LE00471,"System Administrator",Cerrado,"2023-11-14 18:35:44","2023-11-15 12:09:35","2112302410797_LE0471-INCIDENCIA-05-04-2020.PDF","2112302410797_LE0471-INCIDENCIA-05-04-2020.PDF","Revision (MTO)",NO,,,,,,,LO,3399,LO-003399,false,,,,,,false,2023-11-14,,,,,,,,,,,,
WO,2684,WO-2684,,,-,,,,SPA-MX,588,SPA-MX00588,"System Administrator",Cerrado,"2023-11-14 18:48:51","2023-11-15 12:24:36","2112312318038_MX0588-INSPECCION__OCA_-21-10-2020.PDF","2112312318038_MX0588-INSPECCION__OCA_-21-10-2020.PDF","Inspecciones (OCA)",NO,,,,,,21.10.2023,LO,4446,LO-004446,false,,,,,,false,2023-11-14,,,,,,,,,,,,
WO,2124,WO-2124,,,-,,,,SPA-ZA,6913,SPA-ZA06913,"System Administrator",Cerrado,"2023-11-14 18:35:43","2023-11-15 12:05:02","211230241836_ZA6913-REVISION__MTO_-24-07-2018.PDF","211230241836_ZA6913-REVISION__MTO_-24-07-2018.PDF","Revision (MTO)",NO,,,,,,,LO,7627,LO-007627,false,,,,,,false,2023-11-14,,,,,,,,,,,,
WO,2702,WO-2702,,,-,,,,SPA-LE,1661,SPA-LE01661,"System Administrator",Cerrado,"2023-11-14 18:49:16","2023-11-15 12:18:34","2112312424705_LE1661-REVISION__MTO_-23-06-2020.PDF","2112312424705_LE1661-REVISION__MTO_-23-06-2020.PDF","Revision (MTO)",NO,,,,,,,LO,3458,LO-003458,false,,,,,,false,2023-11-14,,,,,,,,,,,,
WO,4060,WO-4060,,,-,,,,SPA-AV,8929,SPA-AV08929,"System Administrator",Cerrado,"2024-01-18 17:35:15","2024-01-18 18:02:13",3008291126640_AV8929.PDF,3008291126640_AV8929.PDF,"Revision (MTO)",NO,,,,,,18.11.2024,LO,217,LO-000217,false,,,,,,false,2024-01-18,,,,,,,,,,,,
WO,4384,WO-4384,,,-,,,,SPA-TO,112,SPA-TO00112,"System Administrator",Cerrado,"2024-01-18 17:42:46","2024-01-18 18:05:29","1908310132254_CERT_AT-TO-019-2_22_TOTEM_TO0112_TALAVERA_DE_LA_REINA_CT.PDF","1908310132254_CERT_AT-TO-019-2_22_TOTEM_TO0112_TALAVERA_DE_LA_REINA_CT.PDF","Inspecciones (OCA)",NO,,,,,,,LO,6678,LO-006678,false,,,,,,false,2024-01-18,,,,,,,,,,,,
WO,2887,WO-2887,,,-,,,,SPA-AV,8872,SPA-AV08872,"System Administrator",Cerrado,"2023-11-14 18:53:35","2023-11-15 12:14:04",2313210218491_AV8872.PDF,2313210218491_AV8872.PDF,"Revision (MTO)",NO,,,,,,,LO,210,LO-000210,false,,,,,,false,2023-11-14,,,,,,,,,,,,
WO,3013,WO-3013,,,-,,,,SPA-MX,1057,SPA-MX01057,"System Administrator",Cerrado,"2023-11-14 18:56:30","2023-11-15 12:14:10",2110171211088_MX1057.PDF,2110171211088_MX1057.PDF,"Inspecciones (OCA)",NO,,,,,,19.10.2024,LO,4544,LO-004544,false,,,,,,false,2023-11-14,,,,,,,,,,,,
WO,2892,WO-2892,,,-,,,,SPA-BU,4134,SPA-BU04134,"System Administrator",Cerrado,"2023-11-14 18:53:42","2023-11-15 12:20:51","230820598613_BU4134-DEFECTOS_CORREGIDOS.PDF","230820598613_BU4134-DEFECTOS_CORREGIDOS.PDF","Revision (MTO)",NO,,,,,,,LO,648,LO-000648,false,,,,,,false,2023-11-14,,,,,,,,,,,,
WO,3853,WO-3853,,,-,,,,SPA-JX,7952,SPA-JX07952,"System Administrator",Cerrado,"2024-01-18 17:30:11","2024-01-18 18:00:04","171249203757_JX7952-REVISION__MTO_-14-08-2023.PDF","171249203757_JX7952-REVISION__MTO_-14-08-2023.PDF","Revision (MTO)",NO,,,,,,,LO,3304,LO-003304,false,,,,,,false,2024-01-18,,,,,,,,,,,,
WO,4561,WO-4561,,,-,,,,,,,"Antonio francisco Cabello montilla",Abierto,"2024-01-29 12:29:05","2024-01-29 13:54:07","Revision equipos","Revision equipos",Urgente,NO,,,,,2401A75723,,,,-,false,,,,,,false,2024-01-29,,,,,,,,,,,,
WO,2524,WO-2524,,,-,,,,SPA-CO,6821,SPA-CO06821,"System Administrator",Cerrado,"2023-11-14 18:45:15","2023-11-15 12:07:56","2112310724277_CO6821-INCIDENCIA-12-08-2020.PDF","2112310724277_CO6821-INCIDENCIA-12-08-2020.PDF","Revision (MTO)",NO,,,,,,,LO,1606,LO-001606,false,,,,,,false,2023-11-14,,,,,,,,,,,,
WO,2755,WO-2755,,,-,,,,SPA-ZA,6982,SPA-ZA06982,"System Administrator",Cerrado,"2023-11-14 18:50:28","2023-11-15 12:05:37","2112342414179_ZA6982-INSPECCION__OCA_-10-09-2020.PDF","2112342414179_ZA6982-INSPECCION__OCA_-10-09-2020.PDF","Inspecciones (OCA)",NO,,,,,,10.09.2023,LO,7652,LO-007652,false,,,,,,false,2023-11-14,,,,,,,,,,,,
WO,2267,WO-2267,,,-,,,,SPA-VA,2266,SPA-VA02266,"System Administrator",Cerrado,"2023-11-14 18:39:06","2023-11-15 12:16:45","2112303914893_VA2266-REVISION__MTO_-08-10-2019.PDF","2112303914893_VA2266-REVISION__MTO_-08-10-2019.PDF","Revision (MTO)",NO,,,,,,,LO,7087,LO-007087,false,,,,,,false,2023-11-14,,,,,,,,,,,,
WO,3801,WO-3801,,,-,,,,SPA-MX,2055,SPA-MX02055,"System Administrator",Cerrado,"2024-01-18 17:28:53","2024-01-18 17:59:31","1313271419183_MX2055-DEFECTOS_CORREGIDOS.PDF","1313271419183_MX2055-DEFECTOS_CORREGIDOS.PDF","Revision (MTO)",NO,,,,,,,LO,4614,LO-004614,false,,,,,,false,2024-01-18,,,,,,,,,,,,
WO,3952,WO-3952,,,-,,,,SPA-GU,9146,SPA-GU09146,"System Administrator",Cerrado,"2024-01-18 17:32:38","2024-01-18 18:01:06","191013337023_GU9146-REV_MTO_27-03-2023.PDF","191013337023_GU9146-REV_MTO_27-03-2023.PDF","Revision (MTO)",NO,,,,,,,LO,2778,LO-002778,false,,,,,,false,2024-01-18,,,,,,,,,,,,
WO,1902,WO-1902,,,-,,,,SPA-JX,124,SPA-JX00124,"System Administrator",Cerrado,"2023-11-14 18:30:23","2023-11-15 12:14:52","2213044331735_OCA_CT_JX0124_2021.PDF","2213044331735_OCA_CT_JX0124_2021.PDF","Inspecciones (OCA)",NO,,,,,,08.11.2024,LO,3288,LO-003288,false,,,,,,false,2023-11-14,,,,,,,,,,,,
WO,2091,WO-2091,,,-,,,,SPA-TE,4,SPA-TE00004,"System Administrator",Cerrado,"2023-11-14 18:34:53","2023-11-15 12:21:18","2112301018643_TE0004-REVISION__MTO_-27-02-2020.DOC","2112301018643_TE0004-REVISION__MTO_-27-02-2020.DOC","Revision (MTO)",NO,,,,,,,LO,6396,LO-006396,false,,,,,,false,2023-11-14,,,,,,,,,,,,
WO,4016,WO-4016,,,-,,,,SPA-SG,9403,SPA-SG09403,"System Administrator",Cerrado,"2024-01-18 17:34:12","2024-01-18 18:01:45",2712335323330_SG9403.PDF,2712335323330_SG9403.PDF,"Revision (MTO)",NO,,,,,,07.10.2024,LO,6080,LO-006080,false,,,,,,false,2024-01-18,,,,,,,,,,,,
WO,4217,WO-4217,,,-,,,,SPA-TO,541,SPA-TO00541,"System Administrator",Cerrado,"2024-01-18 17:39:01","2024-01-18 18:03:49","04091546729_CERT_AT-TO-017-2_22_TOTEM_TO0541_CARRICHES_CT.PDF","04091546729_CERT_AT-TO-017-2_22_TOTEM_TO0541_CARRICHES_CT.PDF","Inspecciones (OCA)",NO,,,,,,,LO,6744,LO-006744,false,,,,,,false,2024-01-18,,,,,,,,,,,,
WO,3187,WO-3187,,,-,,,,SPA-GU,9201,SPA-GU09201,"System Administrator",Cerrado,"2023-11-14 19:00:22","2023-11-15 12:07:17",2513290313845_GU9201.PDF,2513290313845_GU9201.PDF,"Inspecciones (OCA)",NO,,,,,,16.07.2024,LO,2804,LO-002804,false,,,,,,false,2023-11-14,,,,,,,,,,,,
WO,4381,WO-4381,,,-,,,,SPA-TO,55,SPA-TO00055,"System Administrator",Cerrado,"2024-01-18 17:42:42","2024-01-18 18:05:27","1908230215961_CERT_AT-TO-023-2_22_TOTEM_TO0055_ESCALONA_CT.PDF","1908230215961_CERT_AT-TO-023-2_22_TOTEM_TO0055_ESCALONA_CT.PDF","Inspecciones (OCA)",NO,,,,,,,LO,6654,LO-006654,false,,,,,,false,2024-01-18,,,,,,,,,,,,
WO,4507,WO-4507,SAR,169,SAR-000169,SPA-GR,5940,SPA-GR05940,,,,"DNO acceso OSP",Abierto,"2024-01-26 16:08:56","2024-01-26 16:36:17","442832   GR5940","instalación de Rejiband y cambio de rearmadora","Inspección Preventiva",NO,,,,,,,,,-,false,,,,,,false,2024-01-26,,,,,,,,,,,,
WO,4391,WO-4391,,,-,,,,SPA-TO,546,SPA-TO00546,"System Administrator",Cerrado,"2024-01-18 17:42:55","2024-01-18 18:05:33","190849487927_CERT_AT-TO-011-2_22_TOTEM_TO0546_EL_ROMERAL_CT.PDF","190849487927_CERT_AT-TO-011-2_22_TOTEM_TO0546_EL_ROMERAL_CT.PDF","Inspecciones (OCA)",NO,,,,,,,LO,6746,LO-006746,false,,,,,,false,2024-01-18,,,,,,,,,,,,
WO,3822,WO-3822,,,-,,,,SPA-TO,115,SPA-TO00115,"System Administrator",Cerrado,"2024-01-18 17:29:24","2024-01-18 17:59:44","241524551397_TO0115-REV__MTO_09-06-2022.PDF","241524551397_TO0115-REV__MTO_09-06-2022.PDF","Revision (MTO)",NO,,,,,,,LO,6681,LO-006681,false,,,,,,false,2024-01-18,,,,,,,,,,,,
WO,2230,WO-2230,,,-,,,,SPA-VA,2153,SPA-VA02153,"System Administrator",Cerrado,"2023-11-14 18:38:14","2023-11-15 12:11:51","2112303418610_VA2153-REVISION__MTO_-08-10-2019.PDF","2112303418610_VA2153-REVISION__MTO_-08-10-2019.PDF","Revision (MTO)",NO,,,,,,,LO,7017,LO-007017,false,,,,,,false,2023-11-14,,,,,,,,,,,,
WO,2000,WO-2000,,,-,,,,SPA-TO,19,SPA-TO00019,"System Administrator",Cerrado,"2023-11-14 18:32:44","2023-11-15 12:16:01","2112300110904_TO0019-INSPECCION__OCA_-15-05-2019.PDF","2112300110904_TO0019-INSPECCION__OCA_-15-05-2019.PDF","Inspecciones (OCA)",NO,,,,,,15.05.2022,LO,6638,LO-006638,false,,,,,,false,2023-11-14,,,,,,,,,,,,
WO,3967,WO-3967,,,-,,,,SPA-CR,3222,SPA-CR03222,"System Administrator",Cerrado,"2024-01-18 17:33:00","2024-01-18 18:01:15","2508383010454_CR3222-REV_MTO_15-03-2023.PDF","2508383010454_CR3222-REV_MTO_15-03-2023.PDF","Revision (MTO)",NO,,,,,,,LO,1778,LO-001778,false,,,,,,false,2024-01-18,,,,,,,,,,,,
WO,2509,WO-2509,,,-,,,,SPA-OR,8985,SPA-OR08985,"System Administrator",Cerrado,"2023-11-14 18:44:56","2023-11-15 12:18:21","211231069364_OR8985-INSPECCION__OCA_-06-08-2020.PDF","211231069364_OR8985-INSPECCION__OCA_-06-08-2020.PDF","Inspecciones (OCA)",NO,,,,,,06.08.2023,LO,5130,LO-005130,false,,,,,,false,2023-11-14,,,,,,,,,,,,
WO,4040,WO-4040,,,-,,,,SPA-ZX,540,SPA-ZX00540,"System Administrator",Cerrado,"2024-01-18 17:34:47","2024-01-18 18:02:00","3007535913813_ZX0540-REV_MTO_12_07_23.PDF","3007535913813_ZX0540-REV_MTO_12_07_23.PDF","Revision (MTO)",NO,,,,,,12.07.2024,LO,7783,LO-007783,false,,,,,,false,2024-01-18,,,,,,,,,,,,
WO,3913,WO-3913,,,-,,,,SPA-CR,3096,SPA-CR03096,"System Administrator",Cerrado,"2024-01-18 17:31:40","2024-01-18 18:00:42","0313360414834_CR3096-REV_MTO_15-03-2023.PDF","0313360414834_CR3096-REV_MTO_15-03-2023.PDF","Revision (MTO)",NO,,,,,,,LO,1751,LO-001751,false,,,,,,false,2024-01-18,,,,,,,,,,,,
WO,3179,WO-3179,,,-,,,,SPA-GU,9179,SPA-GU09179,"System Administrator",Cerrado,"2023-11-14 19:00:11","2023-11-15 12:06:26",2513191731530_GU9179.PDF,2513191731530_GU9179.PDF,"Inspecciones (OCA)",NO,,,,,,15.07.2024,LO,2795,LO-002795,false,,,,,,false,2023-11-14,,,,,,,,,,,,
WO,4112,WO-4112,,,-,,,,SPA-BU,4340,SPA-BU04340,"System Administrator",Cerrado,"2024-01-18 17:36:32","2024-01-18 18:02:44",1708110517077_BU4340.PDF,1708110517077_BU4340.PDF,"Revision (MTO)",NO,,,,,,24.10.2024,LO,744,LO-000744,false,,,,,,false,2024-01-18,,,,,,,,,,,,
WO,2072,WO-2072,,,-,,,,SPA-TO,5,SPA-TO00005,"System Administrator",Cerrado,"2023-11-14 18:34:26","2023-11-15 12:18:31","211230056538_TO0005-INSPECCION__OCA_-15-05-2019.PDF","211230056538_TO0005-INSPECCION__OCA_-15-05-2019.PDF","Inspecciones (OCA)",NO,,,,,,15.05.2022,LO,6629,LO-006629,false,,,,,,false,2023-11-14,,,,,,,,,,,,
WO,3777,WO-3777,,,-,,,,SPA-VA,2168,SPA-VA02168,"System Administrator",Cerrado,"2023-11-14 19:14:07","2023-11-15 12:15:35",250843478453_VA2168.PDF,250843478453_VA2168.PDF,"Revision (MTO)",NO,,,,,,,LO,7026,LO-007026,false,,,,,,false,2023-11-14,,,,,,,,,,,,
WO,2967,WO-2967,,,-,,,,SPA-HX,408,SPA-HX00408,"System Administrator",Cerrado,"2023-11-14 18:55:26","2023-11-15 12:17:00","2212580127231_REVISION_ANUAL_CT_HX0408_2021.PDF","2212580127231_REVISION_ANUAL_CT_HX0408_2021.PDF","Revision (MTO)",NO,,,,,,,LO,2906,LO-002906,false,,,,,,false,2023-11-14,,,,,,,,,,,,
WO,3140,WO-3140,,,-,,,,SPA-SA,6891,SPA-SA06891,"System Administrator",Cerrado,"2023-11-14 18:59:14","2023-11-15 12:20:45",2110191812503_SA6891.PDF,2110191812503_SA6891.PDF,"Revision (MTO)",NO,,,,,,,LO,5734,LO-005734,false,,,,,,false,2023-11-14,,,,,,,,,,,,
WO,3102,WO-3102,,,-,,,,SPA-CU,8328,SPA-CU08328,"System Administrator",Cerrado,"2023-11-14 18:58:22","2023-11-15 12:14:22",0914113028837_CU8328.PDF,0914113028837_CU8328.PDF,"Inspecciones (OCA)",NO,,,,,,02.08.2024,LO,1986,LO-001986,false,,,,,,false,2023-11-14,,,,,,,,,,,,
WO,2201,WO-2201,,,-,,,,SPA-ZA,6913,SPA-ZA06913,"System Administrator",Cerrado,"2023-11-14 18:37:34","2023-11-15 12:09:31","2112303127196_ZA6913-REVISION__MTO_-08-07-2019.PDF","2112303127196_ZA6913-REVISION__MTO_-08-07-2019.PDF","Revision (MTO)",NO,,,,,,,LO,7627,LO-007627,false,,,,,,false,2023-11-14,,,,,,,,,,,,
WO,2880,WO-2880,,,-,,,,SPA-AV,8735,SPA-AV08735,"System Administrator",Cerrado,"2023-11-14 18:53:26","2023-11-15 12:05:30",2313261729851_AV8735.PDF,2313261729851_AV8735.PDF,"Revision (MTO)",NO,,,,,,,LO,207,LO-000207,false,,,,,,false,2023-11-14,,,,,,,,,,,,
WO,2344,WO-2344,,,-,,,,SPA-TO,542,SPA-TO00542,"System Administrator",Cerrado,"2023-11-14 18:40:58","2023-11-15 12:17:13","2112304612361_TO0542-REVISION__MTO_-04-02-2019.PDF","2112304612361_TO0542-REVISION__MTO_-04-02-2019.PDF","Revision (MTO)",NO,,,,,,,LO,6745,LO-006745,false,,,,,,false,2023-11-14,,,,,,,,,,,,
WO,4347,WO-4347,,,-,,,,SPA-AV,8433,SPA-AV08433,"System Administrator",Cerrado,"2024-01-18 17:41:56","2024-01-18 18:05:07",300908028616_AV8433.PDF,300908028616_AV8433.PDF,"Inspecciones (OCA)",NO,,,,,,,LO,148,LO-000148,false,,,,,,false,2024-01-18,,,,,,,,,,,,
WO,3299,WO-3299,,,-,,,,SPA-VX,117,SPA-VX00117,"System Administrator",Cerrado,"2023-11-14 19:02:58","2023-11-15 12:22:30","0813125020081_VX0117-INSPECCION___OCA__-05032012.PDF","0813125020081_VX0117-INSPECCION___OCA__-05032012.PDF","Inspecciones (OCA)",NO,,,,,,24.02.2018,LO,7281,LO-007281,false,,,,,,false,2023-11-14,,,,,,,,,,,,
WO,2215,WO-2215,,,-,,,,SPA-SG,9220,SPA-SG09220,"System Administrator",Cerrado,"2023-11-14 18:37:54","2023-11-15 12:24:10","2112303321028_SG9220-REVISION__MTO_-08-08-2019.PDF","2112303321028_SG9220-REVISION__MTO_-08-08-2019.PDF","Revision (MTO)",NO,,,,,,,LO,6070,LO-006070,false,,,,,,false,2023-11-14,,,,,,,,,,,,
WO,2983,WO-2983,,,-,,,,SPA-JX,67,SPA-JX00067,"System Administrator",Cerrado,"2023-11-14 18:55:49","2023-11-15 12:11:09","2211221910301_REVISION_ANUAL_CT_JX0067_2021.PDF","2211221910301_REVISION_ANUAL_CT_JX0067_2021.PDF","Revision (MTO)",NO,,,,,,,LO,3286,LO-003286,false,,,,,,false,2023-11-14,,,,,,,,,,,,
WO,4303,WO-4303,,,-,,,,SPA-LE,1743,SPA-LE01743,"System Administrator",Cerrado,"2024-01-18 17:40:57","2024-01-18 18:04:41",1308475824333_LE1743.PDF,1308475824333_LE1743.PDF,"Inspecciones (OCA)",NO,,,,,,,LO,3489,LO-003489,false,,,,,,false,2024-01-18,,,,,,,,,,,,
WO,4465,WO-4465,,,-,,,,,,,"María Ana Perez Perez",Abierto,"2024-01-25 15:28:14","2024-01-25 15:28:20","PREVENTIVO TF6404",PREVENTIVO,"Inspección Preventiva",NO,"2024-02-01 08:00:00","2024-02-15 16:00:00",,,,,,,-,false,,,,,,false,2024-01-25,,,,,,,,,,,,
WO,2733,WO-2733,,,-,,,,SPA-SE,128,SPA-SE00128,"System Administrator",Cerrado,"2023-11-14 18:49:58","2023-11-15 12:24:35","2112312711385_SE0128-INSPECCION__OCA_-18-12-2020.PDF","2112312711385_SE0128-INSPECCION__OCA_-18-12-2020.PDF","Inspecciones (OCA)",NO,,,,,,18.12.2023,LO,5786,LO-005786,false,,,,,,false,2023-11-14,,,,,,,,,,,,
WO,3591,WO-3591,,,-,,,,SPA-PO,6127,SPA-PO06127,"System Administrator",Cerrado,"2023-11-14 19:09:41","2023-11-15 12:24:25","0710051714153_PO6127-TOTEM.PDF","0710051714153_PO6127-TOTEM.PDF","Revision (MTO)",NO,,,,,,,LO,5529,LO-005529,false,,,,,,false,2023-11-14,,,,,,,,,,,,
WO,3500,WO-3500,,,-,,,,SPA-TO,1037,SPA-TO01037,"System Administrator",Cerrado,"2023-11-14 19:07:36","2023-11-15 12:11:29","1813031715237_CERT_AT-TO-005_22_TOTEM_TO1037__VILLARUBIA_DE_SANTIAGO_CT.PDF","1813031715237_CERT_AT-TO-005_22_TOTEM_TO1037__VILLARUBIA_DE_SANTIAGO_CT.PDF","Inspecciones (OCA)",NO,,,,,,06.06.2025,LO,6760,LO-006760,false,,,,,,false,2023-11-14,,,,,,,,,,,,
WO,3068,WO-3068,,,-,,,,,,,"System Administrator",Cerrado,"2023-11-14 18:57:38","2023-11-15 12:13:02","0412043824464_SA5602-REVISION__MTO_-26092016.PDF","0412043824464_SA5602-REVISION__MTO_-26092016.PDF","Revision (MTO)",NO,,,,,,,,,-,false,,,,,,false,2023-11-14,,,,,,,,,,,,
WO,3450,WO-3450,,,-,,,,SPA-LE,921,SPA-LE00921,"System Administrator",Cerrado,"2023-11-14 19:06:27","2023-11-15 12:17:08","041009184894_PARTE_INCIDENCIA.PDF","041009184894_PARTE_INCIDENCIA.PDF","Revision (MTO)",NO,,,,,,,LO,3423,LO-003423,false,,,,,,false,2023-11-14,,,,,,,,,,,,
WO,3842,WO-3842,,,-,,,,SPA-HX,9470,SPA-HX09470,"System Administrator",Cerrado,"2024-01-18 17:29:55","2024-01-18 17:59:56","1109590011690_HX9470-REVISION__MTO_-02-08-2023.PDF","1109590011690_HX9470-REVISION__MTO_-02-08-2023.PDF","Revision (MTO)",NO,,,,,,,LO,2930,LO-002930,false,,,,,,false,2024-01-18,,,,,,,,,,,,
WO,3696,WO-3696,,,-,,,,SPA-HU,7121,SPA-HU07121,"System Administrator",Cerrado,"2023-11-14 19:12:12","2023-11-15 12:08:04","2209110314511_HU7121_-_AT-HU-17-22_-_CASTIELLO_DE_JACA_-_OCA.PDF","2209110314511_HU7121_-_AT-HU-17-22_-_CASTIELLO_DE_JACA_-_OCA.PDF","Inspecciones (OCA)",NO,,,,,,11.07.2025,LO,2845,LO-002845,false,,,,,,false,2023-11-14,,,,,,,,,,,,
WO,2334,WO-2334,,,-,,,,SPA-MX,1057,SPA-MX01057,"System Administrator",Cerrado,"2023-11-14 18:40:44","2023-11-15 12:14:30","2112304419611_MX1057-REVISION__MTO_-04-02-2019.PDF","2112304419611_MX1057-REVISION__MTO_-04-02-2019.PDF","Revision (MTO)",NO,,,,,,,LO,4544,LO-004544,false,,,,,,false,2023-11-14,,,,,,,,,,,,
WO,4131,WO-4131,,,-,,,,SPA-LU,7590,SPA-LU07590,"System Administrator",Cerrado,"2024-01-18 17:36:59","2024-01-18 18:02:56",2808264432096_LU7590.PDF,2808264432096_LU7590.PDF,"Revision (MTO)",NO,,,,,,25.11.2024,LO,3601,LO-003601,false,,,,,,false,2024-01-18,,,,,,,,,,,,
WO,4516,WO-4516,SAR,178,SAR-000178,SPA-MX,3858,SPA-MX03858,,,,"DNO acceso OSP",Abierto,"2024-01-26 21:56:08","2024-01-26 22:02:40","MX3858     444162","REVISION EQUIPOS ORANGE",Urgente,NO,"2024-01-26 22:30:00","2024-01-27 23:00:00",,,,,,,-,false,,,,,,false,2024-01-26,,,,,,,,,,,,
WO,2393,WO-2393,,,-,,,,SPA-CU,8677,SPA-CU08677,"System Administrator",Cerrado,"2023-11-14 18:42:07","2023-11-15 12:14:25","2112305019178_CU8677-REVISION__MTO_-12-03-2019.PDF","2112305019178_CU8677-REVISION__MTO_-12-03-2019.PDF","Revision (MTO)",NO,,,,,,,LO,2058,LO-002058,false,,,,,,false,2023-11-14,,,,,,,,,,,,
WO,3118,WO-3118,,,-,,,,SPA-CR,3301,SPA-CR03301,"System Administrator",Cerrado,"2023-11-14 18:58:44","2023-11-15 12:15:10",1110234228043_CR3301.PDF,1110234228043_CR3301.PDF,"Inspecciones (OCA)",NO,,,,,,27.07.2024,LO,1783,LO-001783,false,,,,,,false,2023-11-14,,,,,,,,,,,,
WO,3193,WO-3193,,,-,,,,SPA-HX,408,SPA-HX00408,"System Administrator",Cerrado,"2023-11-14 19:00:30","2023-11-15 12:22:05","0911153623018_HX0408-INSPECCION__OCA_-19-10-2022_LAT_FAVORABLE.PDF","0911153623018_HX0408-INSPECCION__OCA_-19-10-2022_LAT_FAVORABLE.PDF","Inspecciones (OCA)",NO,,,,,,17.10.2025,LO,2906,LO-002906,false,,,,,,false,2023-11-14,,,,,,,,,,,,
WO,1987,WO-1987,,,-,,,,SPA-MU,75,SPA-MU00075,"System Administrator",Cerrado,"2023-11-14 18:32:26","2023-11-15 12:05:16","2711003815309_300_AT_0001_21-1__MU0075.PDF","2711003815309_300_AT_0001_21-1__MU0075.PDF","Inspecciones (OCA)",NO,,,,,,15.04.2024,LO,4054,LO-004054,false,,,,,,false,2023-11-14,,,,,,,,,,,,
WO,4165,WO-4165,,,-,,,,SPA-BU,4178,SPA-BU04178,"System Administrator",Cerrado,"2024-01-18 17:37:49","2024-01-18 18:03:17",1708254812697_BU4178.PDF,1708254812697_BU4178.PDF,"Revision (MTO)",NO,,,,,,28.10.2024,LO,677,LO-000677,false,,,,,,false,2024-01-18,,,,,,,,,,,,
WO,2873,WO-2873,,,-,,,,SPA-AV,8921,SPA-AV08921,"System Administrator",Cerrado,"2023-11-14 18:53:16","2023-11-15 12:08:44",231332463981_AV8921.PDF,231332463981_AV8921.PDF,"Revision (MTO)",NO,,,,,,,LO,215,LO-000215,false,,,,,,false,2023-11-14,,,,,,,,,,,,
WO,2494,WO-2494,,,-,,,,SPA-SG,9130,SPA-SG09130,"System Administrator",Cerrado,"2023-11-14 18:44:35","2023-11-15 12:10:59","2112310428223_SG9130-INCIDENCIA-26-06-2020.PDF","2112310428223_SG9130-INCIDENCIA-26-06-2020.PDF","Revision (MTO)",NO,,,,,,,LO,6046,LO-006046,false,,,,,,false,2023-11-14,,,,,,,,,,,,
WO,3206,WO-3206,,,-,,,,SPA-HX,9801,SPA-HX09801,"System Administrator",Cerrado,"2023-11-14 19:00:49","2023-11-15 12:20:03","0313541316067_HX9801-INSPECCION__OCA_-18-10-2022.PDF","0313541316067_HX9801-INSPECCION__OCA_-18-10-2022.PDF","Inspecciones (OCA)",NO,,,,,,18.10.2025,LO,2993,LO-002993,false,,,,,,false,2023-11-14,,,,,,,,,,,,
WO,4508,WO-4508,SAR,170,SAR-000170,SPA-MX,412,SPA-MX00412,,,,"DNO acceso OSP",Abierto,"2024-01-26 16:36:02","2024-01-26 16:47:39","MX0412    444152","REVISION EQUIPOS ORANGE",Urgente,NO,"2024-01-26 17:00:00","2024-01-27 23:00:00",,,,,,,-,false,,,,,,false,2024-01-26,,,,,,,,,,,,
WO,2772,WO-2772,,,-,,,,SPA-VA,2196,SPA-VA02196,"System Administrator",Cerrado,"2023-11-14 18:50:52","2023-11-15 12:11:07","2112342631245_VA2196-INSPECCION__OCA_-05-10-2020.PDF","2112342631245_VA2196-INSPECCION__OCA_-05-10-2020.PDF","Inspecciones (OCA)",NO,,,,,,05.10.2023,LO,7045,LO-007045,false,,,,,,false,2023-11-14,,,,,,,,,,,,
WO,2270,WO-2270,,,-,,,,SPA-MA,2905,SPA-MA02905,"System Administrator",Cerrado,"2023-11-14 18:39:11","2023-11-15 12:21:23","2112304013998_MA2905-REVISION__MTO_-14-04-2020.PDF","2112304013998_MA2905-REVISION__MTO_-14-04-2020.PDF","Revision (MTO)",NO,,,,,,,LO,3918,LO-003918,false,,,,,,false,2023-11-14,,,,,,,,,,,,
WO,2039,WO-2039,,,-,,,,SPA-SE,128,SPA-SE00128,"System Administrator",Cerrado,"2023-11-14 18:33:40","2023-11-15 12:07:03","2112300310168_SE0128-REVISION__MTO_-27-08-2019.PDF","2112300310168_SE0128-REVISION__MTO_-27-08-2019.PDF","Revision (MTO)",NO,,,,,,,LO,5786,LO-005786,false,,,,,,false,2023-11-14,,,,,,,,,,,,
WO,3884,WO-3884,,,-,,,,SPA-LE,9743,SPA-LE09743,"System Administrator",Cerrado,"2024-01-18 17:30:58","2024-01-18 18:00:24",1910200311364_LE9743.PDF,1910200311364_LE9743.PDF,"Revision (MTO)",NO,,,,,,,LO,3511,LO-003511,false,,,,,,false,2024-01-18,,,,,,,,,,,,
WO,4617,WO-4617,SAR,286,SAR-000286,SPA-GR,5985,SPA-GR05985,,,,"DNO acceso OSP",Abierto,"2024-01-30 09:05:50","2024-01-30 09:17:36","GR5985     442917","MODERNIZACION DE EQUIPOS ORANGE",Auditoría,NO,,,,,,,,,-,false,,,,,,false,2024-01-30,,,,,,,,,,,,
WO,2170,WO-2170,,,-,,,,SPA-BU,4202,SPA-BU04202,"System Administrator",Cerrado,"2023-11-14 18:36:49","2023-11-15 12:18:46","2112302721979_BU4202-REVISION__MTO_-08-08-2019.PDF","2112302721979_BU4202-REVISION__MTO_-08-08-2019.PDF","Revision (MTO)",NO,,,,,,,LO,685,LO-000685,false,,,,,,false,2023-11-14,,,,,,,,,,,,
WO,3028,WO-3028,,,-,,,,SPA-SO,9844,SPA-SO09844,"System Administrator",Cerrado,"2023-11-14 18:56:50","2023-11-15 12:12:48",1808535912370_SO9844.PDF,1808535912370_SO9844.PDF,"Revision (MTO)",NO,,,,,,,LO,6151,LO-006151,false,,,,,,false,2023-11-14,,,,,,,,,,,,
WO,3128,WO-3128,,,-,,,,SPA-CR,3104,SPA-CR03104,"System Administrator",Cerrado,"2023-11-14 18:58:57","2023-11-15 12:14:48",1110475413600_CR3104.PDF,1110475413600_CR3104.PDF,"Inspecciones (OCA)",NO,,,,,,26.07.2024,LO,1755,LO-001755,false,,,,,,false,2023-11-14,,,,,,,,,,,,
WO,1942,WO-1942,,,-,,,,SPA-AB,6033,SPA-AB06033,"System Administrator",Cerrado,"2023-11-14 18:31:18","2023-11-15 12:08:25","26101023532_AB6033_ALCALA_DEL_JUCAR_CERTIFICADO_FAVORABLE_2021.PDF","26101023532_AB6033_ALCALA_DEL_JUCAR_CERTIFICADO_FAVORABLE_2021.PDF","Inspecciones (OCA)",NO,,,,,,09.03.2024,LO,54,LO-000054,false,,,,,,false,2023-11-14,,,,,,,,,,,,
WO,2439,WO-2439,,,-,,,,SPA-GU,9120,SPA-GU09120,"System Administrator",Cerrado,"2023-11-14 18:43:14","2023-11-15 12:07:37","2112305312993_GU9120-REVISION__MTO_-06-03-2019.PDF","2112305312993_GU9120-REVISION__MTO_-06-03-2019.PDF","Revision (MTO)",NO,,,,,,,LO,2764,LO-002764,false,,,,,,false,2023-11-14,,,,,,,,,,,,
WO,2867,WO-2867,,,-,,,,SPA-VI,8730,SPA-VI08730,"System Administrator",Cerrado,"2023-11-14 18:53:08","2023-11-15 12:08:39",0410055712633_VI8730.PDF,0410055712633_VI8730.PDF,"Revision (MTO)",NO,,,,,,,LO,7174,LO-007174,false,,,,,,false,2023-11-14,,,,,,,,,,,,
WO,2745,WO-2745,,,-,,,,SPA-HX,9481,SPA-HX09481,"System Administrator",Cerrado,"2023-11-14 18:50:14","2023-11-15 12:21:35","211231295123_HX9481-INSPECCION__OCA_-21-12-2020.PDF","211231295123_HX9481-INSPECCION__OCA_-21-12-2020.PDF","Inspecciones (OCA)",NO,,,,,,21.12.2023,LO,2934,LO-002934,false,,,,,,false,2023-11-14,,,,,,,,,,,,
WO,2407,WO-2407,,,-,,,,SPA-CU,8400,SPA-CU08400,"System Administrator",Cerrado,"2023-11-14 18:42:27","2023-11-15 12:04:58","211230529273_CU8400-REVISION__MTO_-12-03-2019.PDF","211230529273_CU8400-REVISION__MTO_-12-03-2019.PDF","Revision (MTO)",NO,,,,,,,LO,1990,LO-001990,false,,,,,,false,2023-11-14,,,,,,,,,,,,
WO,4110,WO-4110,,,-,,,,SPA-VI,8730,SPA-VI08730,"System Administrator",Cerrado,"2024-01-18 17:36:29","2024-01-18 18:02:43","101444448352_VI8730-REV__MTO_24-08-23.PDF","101444448352_VI8730-REV__MTO_24-08-23.PDF","Revision (MTO)",NO,,,,,,24.08.2024,LO,7174,LO-007174,false,,,,,,false,2024-01-18,,,,,,,,,,,,
WO,4301,WO-4301,,,-,,,,SPA-LE,1691,SPA-LE01691,"System Administrator",Cerrado,"2024-01-18 17:40:55","2024-01-18 18:04:40",1308203527130_LE1691.PDF,1308203527130_LE1691.PDF,"Inspecciones (OCA)",NO,,,,,,,LO,3464,LO-003464,false,,,,,,false,2024-01-18,,,,,,,,,,,,
WO,3253,WO-3253,,,-,,,,SPA-LE,651,SPA-LE00651,"System Administrator",Cerrado,"2023-11-14 19:01:54","2023-11-15 12:22:21",140913118902_LE0651.PDF,140913118902_LE0651.PDF,"Revision (MTO)",NO,,,,,,,LO,3412,LO-003412,false,,,,,,false,2023-11-14,,,,,,,,,,,,
WO,3112,WO-3112,,,-,,,,SPA-CU,8510,SPA-CU08510,"System Administrator",Cerrado,"2023-11-14 18:58:36","2023-11-15 12:21:50",091542034184_CU8516.PDF,091542034184_CU8516.PDF,"Inspecciones (OCA)",NO,,,,,,30.07.2024,LO,2027,LO-002027,false,,,,,,false,2023-11-14,,,,,,,,,,,,
WO,4084,WO-4084,,,-,,,,SPA-SO,9890,SPA-SO09890,"System Administrator",Cerrado,"2024-01-18 17:35:51","2024-01-18 18:02:27",3008265720574_SO9890.PDF,3008265720574_SO9890.PDF,"Revision (MTO)",NO,,,,,,21.10.2024,LO,6164,LO-006164,false,,,,,,false,2024-01-18,,,,,,,,,,,,
WO,2151,WO-2151,,,-,,,,SPA-BU,4340,SPA-BU04340,"System Administrator",Cerrado,"2023-11-14 18:36:23","2023-11-15 12:16:45","2112302611455_BU4340-REVISION__MTO_-08-08-2019.PDF","2112302611455_BU4340-REVISION__MTO_-08-08-2019.PDF","Revision (MTO)",NO,,,,,,,LO,744,LO-000744,false,,,,,,false,2023-11-14,,,,,,,,,,,,
WO,3623,WO-3623,,,-,,,,SPA-ZX,586,SPA-ZX00586,"System Administrator",Cerrado,"2023-11-14 19:10:25","2023-11-15 12:21:08","1211314518449_ZX0586_-_REV_MTO_04-07-2022.PDF","1211314518449_ZX0586_-_REV_MTO_04-07-2022.PDF","Revision (MTO)",NO,,,,,,,LO,7795,LO-007795,false,,,,,,false,2023-11-14,,,,,,,,,,,,
WO,4475,WO-4475,SAR,128,SAR-000128,SPA-TF,6204,SPA-TF06204,,,,"María Ana Perez Perez",Abierto,"2024-01-26 10:10:56","2024-01-26 11:38:59","PREVENTIVO TF6204",PREVENTIVO,"Inspección Preventiva",NO,"2024-02-01 08:00:00","2024-02-15 16:00:00",,,,,,,-,false,,,,,,false,2024-01-26,,,,,,,,,,,,
WO,4248,WO-4248,,,-,,,,SPA-LE,1543,SPA-LE01543,"System Administrator",Cerrado,"2024-01-18 17:39:44","2024-01-18 18:04:09",040816403137_LE1543.PDF,040816403137_LE1543.PDF,"Inspecciones (OCA)",NO,,,,,,,LO,3446,LO-003446,false,,,,,,false,2024-01-18,,,,,,,,,,,,
WO,2458,WO-2458,,,-,,,,SPA-PO,6328,SPA-PO06328,"System Administrator",Cerrado,"2023-11-14 18:43:43","2023-11-15 12:25:18","2112305712504_PO6328-REVISION__MTO_-04-06-2019.PDF","2112305712504_PO6328-REVISION__MTO_-04-06-2019.PDF","Revision (MTO)",NO,,,,,,,LO,5555,LO-005555,false,,,,,,false,2023-11-14,,,,,,,,,,,,
WO,3059,WO-3059,,,-,,,,,,,"System Administrator",Cerrado,"2023-11-14 18:57:28","2023-11-15 12:19:25","041204395436_LE1742-INSPECCION___OCA__-25062014.PDF","041204395436_LE1742-INSPECCION___OCA__-25062014.PDF","Inspecciones (OCA)",NO,,,,,,25.06.2017,,,-,false,,,,,,false,2023-11-14,,,,,,,,,,,,
WO,2284,WO-2284,,,-,,,,SPA-LE,1718,SPA-LE01718,"System Administrator",Cerrado,"2023-11-14 18:39:30","2023-11-15 12:05:15","211230418935_LE1718-REVISION__MTO_-10-06-2019.PDF","211230418935_LE1718-REVISION__MTO_-10-06-2019.PDF","Revision (MTO)",NO,,,,,,,LO,3474,LO-003474,false,,,,,,false,2023-11-14,,,,,,,,,,,,
WO,3925,WO-3925,,,-,,,,SPA-CR,3424,SPA-CR03424,"System Administrator",Cerrado,"2024-01-18 17:31:58","2024-01-18 18:00:49","03134519290_CR3424-REV_MTO_15-03-2023.PDF","03134519290_CR3424-REV_MTO_15-03-2023.PDF","Revision (MTO)",NO,,,,,,,LO,1801,LO-001801,false,,,,,,false,2024-01-18,,,,,,,,,,,,
WO,4095,WO-4095,,,-,,,,SPA-TO,72,SPA-TO00072,"System Administrator",Cerrado,"2024-01-18 17:36:07","2024-01-18 18:02:34","3112120728170_TO0072-REV_MAT_23_06_23.PDF","3112120728170_TO0072-REV_MAT_23_06_23.PDF","Revision (MTO)",NO,,,,,,23.06.2023,LO,6660,LO-006660,false,,,,,,false,2024-01-18,,,,,,,,,,,,
WO,2220,WO-2220,,,-,,,,SPA-SG,9154,SPA-SG09154,"System Administrator",Cerrado,"2023-11-14 18:38:00","2023-11-15 12:08:17","211230337604_SG9154-REVISION__MTO_-08-08-2019.PDF","211230337604_SG9154-REVISION__MTO_-08-08-2019.PDF","Revision (MTO)",NO,,,,,,,LO,6053,LO-006053,false,,,,,,false,2023-11-14,,,,,,,,,,,,
WO,2603,WO-2603,,,-,,,,SPA-AV,8433,SPA-AV08433,"System Administrator",Cerrado,"2023-11-14 18:47:02","2023-11-15 12:09:30","2112311724254_AV8433-INSPECCION__OCA_-09-10-2020.PDF","2112311724254_AV8433-INSPECCION__OCA_-09-10-2020.PDF","Inspecciones (OCA)",NO,,,,,,09.10.2023,LO,148,LO-000148,false,,,,,,false,2023-11-14,,,,,,,,,,,,
WO,4334,WO-4334,,,-,,,,SPA-SE,1330,SPA-SE01330,"System Administrator",Cerrado,"2024-01-18 17:41:38","2024-01-18 18:05:00","2214030316878_01370313_ORANGE_ESPAGNE__SAU_SE1330_LAMT_PERIO_FAV.PDF","2214030316878_01370313_ORANGE_ESPAGNE__SAU_SE1330_LAMT_PERIO_FAV.PDF","Inspecciones (OCA)",NO,,,,,,,LO,5965,LO-005965,false,,,,,,false,2024-01-18,,,,,,,,,,,,
WO,3368,WO-3368,,,-,,,,SPA-TO,59,SPA-TO00059,"System Administrator",Cerrado,"2023-11-14 19:04:33","2023-11-15 12:13:04","1913482120806_TO0059-TOTEM.PDF","1913482120806_TO0059-TOTEM.PDF","Revision (MTO)",NO,,,,,,,LO,6656,LO-006656,false,,,,,,false,2023-11-14,,,,,,,,,,,,
WO,4587,WO-4587,SAR,248,SAR-000248,SPA-VX,5325,SPA-VX05325,,,,"DNO acceso OSP",Abierto,"2024-01-29 14:33:05","2024-01-29 14:39:23","VX5325     443251","MEDIDAS DE INTERFERENCIAS",Auditoría,NO,,,,,,,,,-,false,,,,,,false,2024-01-29,,,,,,,,,,,,
WO,2324,WO-2324,,,-,,,,SPA-MX,3304,SPA-MX03304,"System Administrator",Cerrado,"2023-11-14 18:40:29","2023-11-15 12:06:54","211230443585_MX3304-REVISION__MTO_-04-02-2019.PDF","211230443585_MX3304-REVISION__MTO_-04-02-2019.PDF","Revision (MTO)",NO,,,,,,,LO,4698,LO-004698,false,,,,,,false,2023-11-14,,,,,,,,,,,,
WO,3538,WO-3538,,,-,,,,SPA-PO,6127,SPA-PO06127,"System Administrator",Cerrado,"2023-11-14 19:08:28","2023-11-15 12:07:05",0813250819510_PO6127.PDF,0813250819510_PO6127.PDF,"Revision (MTO)",NO,,,,,,,LO,5529,LO-005529,false,,,,,,false,2023-11-14,,,,,,,,,,,,
WO,2273,WO-2273,,,-,,,,SPA-MA,2633,SPA-MA02633,"System Administrator",Cerrado,"2023-11-14 18:39:15","2023-11-15 12:18:47","2112304015722_MA2633-REVISION__MTO_-17-04-2020.PDF","2112304015722_MA2633-REVISION__MTO_-17-04-2020.PDF","Revision (MTO)",NO,,,,,,,LO,3863,LO-003863,false,,,,,,false,2023-11-14,,,,,,,,,,,,
WO,1903,WO-1903,,,-,,,,SPA-GR,7606,SPA-GR07606,"System Administrator",Cerrado,"2023-11-14 18:30:25","2023-11-15 12:19:09","2213040112232_OCA_LAT_GR7606_2021.PDF","2213040112232_OCA_LAT_GR7606_2021.PDF","Inspecciones (OCA)",NO,,,,,,09.11.2024,LO,2727,LO-002727,false,,,,,,false,2023-11-14,,,,,,,,,,,,
WO,4003,WO-4003,,,-,,,,SPA-LE,1725,SPA-LE01725,"System Administrator",Cerrado,"2024-01-18 17:33:54","2024-01-18 18:01:37",1613453032659_LE1725.PDF,1613453032659_LE1725.PDF,"Revision (MTO)",NO,,,,,,07.10.2024,LO,3480,LO-003480,false,,,,,,false,2024-01-18,,,,,,,,,,,,
WO,1947,WO-1947,,,-,,,,SPA-AB,6003,SPA-AB06003,"System Administrator",Cerrado,"2023-11-14 18:31:25","2023-11-15 12:12:11","2610022426200_AB6003_LA_RODA_CERTIFICADO_FAVORABLE_2021.PDF","2610022426200_AB6003_LA_RODA_CERTIFICADO_FAVORABLE_2021.PDF","Inspecciones (OCA)",NO,,,,,,09.03.2024,LO,41,LO-000041,false,,,,,,false,2023-11-14,,,,,,,,,,,,
WO,4371,WO-4371,,,-,,,,SPA-VI,8747,SPA-VI08747,"System Administrator",Cerrado,"2024-01-18 17:42:28","2024-01-18 18:05:21","2016415722005_AT_PVA_23-00003110-CERT_-ACTA_DE_OCA.PDF","2016415722005_AT_PVA_23-00003110-CERT_-ACTA_DE_OCA.PDF","Inspecciones (OCA)",NO,,,,,,,LO,7182,LO-007182,false,,,,,,false,2024-01-18,,,,,,,,,,,,
WO,3863,WO-3863,,,-,,,,SPA-SE,83,SPA-SE00083,"System Administrator",Cerrado,"2024-01-18 17:30:26","2024-01-18 18:00:10","0714272928588_REVISION_MTO_09-10-23.PDF","0714272928588_REVISION_MTO_09-10-23.PDF","Revision (MTO)",NO,,,,,,,LO,5775,LO-005775,false,,,,,,false,2024-01-18,,,,,,,,,,,,
WO,2404,WO-2404,,,-,,,,SPA-CU,8455,SPA-CU08455,"System Administrator",Cerrado,"2023-11-14 18:42:22","2023-11-15 12:19:01","2112305119420_CU8455-REVISION__MTO_-12-03-2019.PDF","2112305119420_CU8455-REVISION__MTO_-12-03-2019.PDF","Revision (MTO)",NO,,,,,,,LO,2002,LO-002002,false,,,,,,false,2023-11-14,,,,,,,,,,,,
WO,3383,WO-3383,,,-,,,,SPA-TO,1037,SPA-TO01037,"System Administrator",Cerrado,"2023-11-14 19:04:54","2023-11-15 12:20:27","191404482785_TO1037-TOTEM.PDF","191404482785_TO1037-TOTEM.PDF","Revision (MTO)",NO,,,,,,,LO,6760,LO-006760,false,,,,,,false,2023-11-14,,,,,,,,,,,,
WO,2954,WO-2954,,,-,,,,SPA-HX,9654,SPA-HX09654,"System Administrator",Cerrado,"2023-11-14 18:55:08","2023-11-15 12:14:22","2214004221750_REVISION_ANUAL_CT_HX9654_2021.PDF","2214004221750_REVISION_ANUAL_CT_HX9654_2021.PDF","Revision (MTO)",NO,,,,,,,LO,2969,LO-002969,false,,,,,,false,2023-11-14,,,,,,,,,,,,
WO,2747,WO-2747,,,-,,,,SPA-ZA,6963,SPA-ZA06963,"System Administrator",Cerrado,"2023-11-14 18:50:17","2023-11-15 12:17:22","2112342326611_ZA6963-INSPECCION__OCA_-14-09-2020.PDF","2112342326611_ZA6963-INSPECCION__OCA_-14-09-2020.PDF","Inspecciones (OCA)",NO,,,,,,14.09.2023,LO,7646,LO-007646,false,,,,,,false,2023-11-14,,,,,,,,,,,,
WO,4138,WO-4138,,,-,,,,SPA-AB,5901,SPA-AB05901,"System Administrator",Cerrado,"2024-01-18 17:37:09","2024-01-18 18:03:00","0409474522340_AB5901-REV_MTO-26-09-2023.PDF","0409474522340_AB5901-REV_MTO-26-09-2023.PDF","Revision (MTO)",NO,,,,,,26.09.2024,LO,27,LO-000027,false,,,,,,false,2024-01-18,,,,,,,,,,,,
WO,4146,WO-4146,,,-,,,,SPA-AB,6420,SPA-AB06420,"System Administrator",Cerrado,"2024-01-18 17:37:21","2024-01-18 18:03:06","051109107065_AB6420-REV_MTO_27-09-2023.PDF","051109107065_AB6420-REV_MTO_27-09-2023.PDF","Revision (MTO)",NO,,,,,,27.09.2024,LO,86,LO-000086,false,,,,,,false,2024-01-18,,,,,,,,,,,,
WO,2070,WO-2070,,,-,,,,SPA-ZX,562,SPA-ZX00562,"System Administrator",Cerrado,"2023-11-14 18:34:23","2023-11-15 12:22:44","211230056705_ZX0562-INSPECCION__OCA_-18-06-2019.PDF","211230056705_ZX0562-INSPECCION__OCA_-18-06-2019.PDF","Inspecciones (OCA)",NO,,,,,,18.06.2022,LO,7789,LO-007789,false,,,,,,false,2023-11-14,,,,,,,,,,,,
WO,4194,WO-4194,,,-,,,,SPA-SA,5806,SPA-SA05806,"System Administrator",Cerrado,"2024-01-18 17:38:30","2024-01-18 18:03:35","0413172321430_SA5806-FAVORABLE.PDF","0413172321430_SA5806-FAVORABLE.PDF","Inspecciones (OCA)",NO,,,,,,,LO,5707,LO-005707,false,,,,,,false,2024-01-18,,,,,,,,,,,,
WO,2166,WO-2166,,,-,,,,SPA-BU,4229,SPA-BU04229,"System Administrator",Cerrado,"2023-11-14 18:36:44","2023-11-15 12:10:43","211230263169_BU4229-REVISION__MTO_-08-08-2019.PDF","211230263169_BU4229-REVISION__MTO_-08-08-2019.PDF","Revision (MTO)",NO,,,,,,,LO,699,LO-000699,false,,,,,,false,2023-11-14,,,,,,,,,,,,
WO,4176,WO-4176,,,-,,,,SPA-HU,7121,SPA-HU07121,"System Administrator",Cerrado,"2024-01-18 17:38:05","2024-01-18 18:03:24","1411155810606_HU7121-REV_MTO_30_08_23.PDF","1411155810606_HU7121-REV_MTO_30_08_23.PDF","Revision (MTO)",NO,,,,,,30.08.2024,LO,2845,LO-002845,false,,,,,,false,2024-01-18,,,,,,,,,,,,
WO,4336,WO-4336,,,-,,,,SPA-BU,4154,SPA-BU04154,"System Administrator",Cerrado,"2024-01-18 17:41:41","2024-01-18 18:05:01",2214170613551_BU4154.PDF,2214170613551_BU4154.PDF,"Inspecciones (OCA)",NO,,,,,,,LO,663,LO-000663,false,,,,,,false,2024-01-18,,,,,,,,,,,,
WO,3288,WO-3288,,,-,,,,SPA-BU,4229,SPA-BU04229,"System Administrator",Cerrado,"2023-11-14 19:02:42","2023-11-15 12:06:07","0214280428398_PARTE_INCIDENCIA.PDF","0214280428398_PARTE_INCIDENCIA.PDF","Revision (MTO)",NO,,,,,,,LO,699,LO-000699,false,,,,,,false,2023-11-14,,,,,,,,,,,,
WO,3600,WO-3600,,,-,,,,SPA-JX,7933,SPA-JX07933,"System Administrator",Cerrado,"2023-11-14 19:09:53","2023-11-15 12:11:59","091247516414_JX7933-REVISION__MTO_-30-08-2022.PDF","091247516414_JX7933-REVISION__MTO_-30-08-2022.PDF","Revision (MTO)",NO,,,,,,,LO,3299,LO-003299,false,,,,,,false,2023-11-14,,,,,,,,,,,,
WO,2591,WO-2591,,,-,,,,SPA-CX,460,SPA-CX00460,"System Administrator",Cerrado,"2023-11-14 18:46:46","2023-11-15 12:18:53","21123117621_CX0460-REVISION__MTO_-11-05-2020.PDF","21123117621_CX0460-REVISION__MTO_-11-05-2020.PDF","Revision (MTO)",NO,,,,,,,LO,2155,LO-002155,false,,,,,,false,2023-11-14,,,,,,,,,,,,
WO,4576,WO-4576,,,-,,,,,,,"ROBERTO  MUÑOZ SÁNCHEZ",Abierto,"2024-01-29 13:31:36","2024-01-29 13:31:36",preventivo,preventivo,"Inspección Preventiva",NO,,,,,,,,,-,false,,,,,,false,2024-01-29,,,,,,,,,,,,
WO,1996,WO-1996,,,-,,,,SPA-SA,6891,SPA-SA06891,"System Administrator",Cerrado,"2023-11-14 18:32:39","2023-11-15 12:22:07","2112300113716_SA6891-INSPECCION__OCA_-18-11-2019.PDF","2112300113716_SA6891-INSPECCION__OCA_-18-11-2019.PDF","Inspecciones (OCA)",NO,,,,,,18.11.2022,LO,5734,LO-005734,false,,,,,,false,2023-11-14,,,,,,,,,,,,
WO,3161,WO-3161,,,-,,,,SPA-SG,9403,SPA-SG09403,"System Administrator",Cerrado,"2023-11-14 18:59:43","2023-11-15 12:23:54",14100106154_SG9403.PDF,14100106154_SG9403.PDF,"Revision (MTO)",NO,,,,,,,LO,6080,LO-006080,false,,,,,,false,2023-11-14,,,,,,,,,,,,
WO,2406,WO-2406,,,-,,,,SPA-CU,8401,SPA-CU08401,"System Administrator",Cerrado,"2023-11-14 18:42:25","2023-11-15 12:12:37","2112305119022_CU8401-REVISION__MTO_-12-03-2019.PDF","2112305119022_CU8401-REVISION__MTO_-12-03-2019.PDF","Revision (MTO)",NO,,,,,,,LO,1991,LO-001991,false,,,,,,false,2023-11-14,,,,,,,,,,,,
WO,4581,WO-4581,SAR,238,SAR-000238,SPA-MX,187,SPA-MX00187,,,,"DNO acceso OSP",Abierto,"2024-01-29 13:52:06","2024-01-29 14:00:50","442991   MX0187","LEAV 13/11: Descripción del trabajo: Se realizaran reparos sobre la instalación reciente, además de etiquetado y un reporte fotográfico. Trabajaremos en la caseta de ORANGE","Inspección Preventiva",NO,,,,,,,,,-,false,,,,,,false,2024-01-29,,,,,,,,,,,,
WO,3520,WO-3520,,,-,,,,SPA-CX,1775,SPA-CX01775,"System Administrator",Cerrado,"2023-11-14 19:08:03","2023-11-15 12:08:13",0411200224915_CX1775.PDF,0411200224915_CX1775.PDF,"Revision (MTO)",NO,,,,,,,LO,2231,LO-002231,false,,,,,,false,2023-11-14,,,,,,,,,,,,
WO,1971,WO-1971,,,-,,,,SPA-CS,96,SPA-CS00096,"System Administrator",Cerrado,"2023-11-14 18:31:59","2023-11-15 12:19:30","2711480510710_460_AT_0054_21-1__CS0096.PDF","2711480510710_460_AT_0054_21-1__CS0096.PDF","Inspecciones (OCA)",NO,,,,,,22.04.2024,LO,1888,LO-001888,false,,,,,,false,2023-11-14,,,,,,,,,,,,
WO,3934,WO-3934,,,-,,,,SPA-CU,8336,SPA-CU08336,"System Administrator",Cerrado,"2024-01-18 17:32:11","2024-01-18 18:00:55","0315420318422_CU8336-REV_MTO_23-03-2023.PDF","0315420318422_CU8336-REV_MTO_23-03-2023.PDF","Revision (MTO)",NO,,,,,,,LO,1989,LO-001989,false,,,,,,false,2024-01-18,,,,,,,,,,,,
WO,3945,WO-3945,,,-,,,,SPA-CU,8562,SPA-CU08562,"System Administrator",Cerrado,"2024-01-18 17:32:27","2024-01-18 18:01:01","0315505028044_CU8562-REV_MTO_21-03-2023.PDF","0315505028044_CU8562-REV_MTO_21-03-2023.PDF","Revision (MTO)",NO,,,,,,,LO,2044,LO-002044,false,,,,,,false,2024-01-18,,,,,,,,,,,,
WO,3514,WO-3514,,,-,,,,SPA-LU,7720,SPA-LU07720,"System Administrator",Cerrado,"2023-11-14 19:07:55","2023-11-15 12:10:28",041025422067_LU7720.PDF,041025422067_LU7720.PDF,"Revision (MTO)",NO,,,,,,,LO,3608,LO-003608,false,,,,,,false,2023-11-14,,,,,,,,,,,,
WO,3258,WO-3258,,,-,,,,SPA-LE,1951,SPA-LE01951,"System Administrator",Cerrado,"2023-11-14 19:02:01","2023-11-15 12:05:48",1410085925543_LE1951.PDF,1410085925543_LE1951.PDF,"Revision (MTO)",NO,,,,,,,LO,3502,LO-003502,false,,,,,,false,2023-11-14,,,,,,,,,,,,
WO,4571,WO-4571,SAR,230,SAR-000230,SPA-BX,597,SPA-BX00597,,,,"DNO acceso OSP",Abierto,"2024-01-29 13:20:12","2024-01-29 13:31:49","442988   BX0597","Swap de SSRR + RRUs DIA  MARTES 30/01/2024 HORA DE 08:00 A 20:00",Auditoría,NO,,,,,,,,,-,false,,,,,,false,2024-01-29,,,,,,,,,,,,
WO,3527,WO-3527,,,-,,,,SPA-CX,460,SPA-CX00460,"System Administrator",Cerrado,"2023-11-14 19:08:13","2023-11-15 12:13:58",041125006120_CX0460.PDF,041125006120_CX0460.PDF,"Revision (MTO)",NO,,,,,,,LO,2155,LO-002155,false,,,,,,false,2023-11-14,,,,,,,,,,,,
WO,4277,WO-4277,,,-,,,,SPA-JX,8020,SPA-JX08020,"System Administrator",Cerrado,"2024-01-18 17:40:23","2024-01-18 18:04:26","231324396278_JX8020-INSPECCION__OCA_LAT-9-10-2023.PDF","231324396278_JX8020-INSPECCION__OCA_LAT-9-10-2023.PDF","Inspecciones (OCA)",NO,,,,,,,LO,3311,LO-003311,false,,,,,,false,2024-01-18,,,,,,,,,,,,
WO,3131,WO-3131,,,-,,,,SPA-CR,3311,SPA-CR03311,"System Administrator",Cerrado,"2023-11-14 18:59:01","2023-11-15 12:12:23",111050374615_CR3311.PDF,111050374615_CR3311.PDF,"Inspecciones (OCA)",NO,,,,,,28.07.2024,LO,1790,LO-001790,false,,,,,,false,2023-11-14,,,,,,,,,,,,
WO,3043,WO-3043,,,-,,,,,,,"System Administrator",Cerrado,"2023-11-14 18:57:10","2023-11-15 12:22:49","0412044017035_PX7860-INSPECCION__OCA_-27-10-2017.PDF","0412044017035_PX7860-INSPECCION__OCA_-27-10-2017.PDF","Inspecciones (OCA)",NO,,,,,,27.10.2020,,,-,false,,,,,,false,2023-11-14,,,,,,,,,,,,
WO,1908,WO-1908,,,-,,,,SPA-CO,6710,SPA-CO06710,"System Administrator",Cerrado,"2023-11-14 18:30:32","2023-11-15 12:10:45","2212582225623_OCA_CT_CO6710_2021.PDF","2212582225623_OCA_CT_CO6710_2021.PDF","Inspecciones (OCA)",NO,,,,,,09.11.2024,LO,1597,LO-001597,false,,,,,,false,2023-11-14,,,,,,,,,,,,
WO,2668,WO-2668,,,-,,,,SPA-BU,4220,SPA-BU04220,"System Administrator",Cerrado,"2023-11-14 18:48:30","2023-11-15 12:14:43","2112312232503_BU4220-REVISION__MTO_-20-07-2020.PDF","2112312232503_BU4220-REVISION__MTO_-20-07-2020.PDF","Revision (MTO)",NO,,,,,,,LO,692,LO-000692,false,,,,,,false,2023-11-14,,,,,,,,,,,,
WO,2245,WO-2245,,,-,,,,SPA-SA,6891,SPA-SA06891,"System Administrator",Cerrado,"2023-11-14 18:38:35","2023-11-15 12:24:55","2112303628135_SA6891-REVISION__MTO_-20-09-2018.PDF","2112303628135_SA6891-REVISION__MTO_-20-09-2018.PDF","Revision (MTO)",NO,,,,,,,LO,5734,LO-005734,false,,,,,,false,2023-11-14,,,,,,,,,,,,
WO,3907,WO-3907,,,-,,,,SPA-VI,8748,SPA-VI08748,"System Administrator",Cerrado,"2024-01-18 17:31:31","2024-01-18 18:00:38","2016465710529_VI8748-REV__MTO_16-01-2023.PDF","2016465710529_VI8748-REV__MTO_16-01-2023.PDF","Revision (MTO)",NO,,,,,,,LO,7183,LO-007183,false,,,,,,false,2024-01-18,,,,,,,,,,,,
WO,3545,WO-3545,,,-,,,,SPA-PO,6328,SPA-PO06328,"System Administrator",Cerrado,"2023-11-14 19:08:38","2023-11-15 12:20:00",081332038174_PO6328.PDF,081332038174_PO6328.PDF,"Revision (MTO)",NO,,,,,,,LO,5555,LO-005555,false,,,,,,false,2023-11-14,,,,,,,,,,,,
WO,4050,WO-4050,,,-,,,,SPA-ZX,621,SPA-ZX00621,"System Administrator",Cerrado,"2024-01-18 17:35:01","2024-01-18 18:02:07","300802001999_ZX0621-REV_MTO_14_07_23.PDF","300802001999_ZX0621-REV_MTO_14_07_23.PDF","Revision (MTO)",NO,,,,,,14.07.2024,LO,7800,LO-007800,false,,,,,,false,2024-01-18,,,,,,,,,,,,
WO,3636,WO-3636,,,-,,,,SPA-SE,128,SPA-SE00128,"System Administrator",Cerrado,"2023-11-14 19:10:43","2023-11-15 12:11:24","1313013131672_SE0128-REVISION__MTO_-01-09-2022.PDF","1313013131672_SE0128-REVISION__MTO_-01-09-2022.PDF","Revision (MTO)",NO,,,,,,,LO,5786,LO-005786,false,,,,,,false,2023-11-14,,,,,,,,,,,,
WO,3546,WO-3546,,,-,,,,SPA-PO,6637,SPA-PO06637,"System Administrator",Cerrado,"2023-11-14 19:08:39","2023-11-15 12:12:07",0813332410875_PO6637.PDF,0813332410875_PO6637.PDF,"Revision (MTO)",NO,,,,,,,LO,5604,LO-005604,false,,,,,,false,2023-11-14,,,,,,,,,,,,
WO,3453,WO-3453,,,-,,,,SPA-TO,5,SPA-TO00005,"System Administrator",Cerrado,"2023-11-14 19:06:31","2023-12-21 15:13:22","151419281750_CERT_AT-TO-029_22_TOTEM_TO005_CABAÑAS_DE_LA_SAGRA_CT.PDF","151419281750_CERT_AT-TO-029_22_TOTEM_TO005_CABAÑAS_DE_LA_SAGRA_CT.PDF","Inspecciones (OCA)",NO,,,,,,21.06.2025,LO,6629,LO-006629,false,,,,,,false,2023-11-14,,,,,,,,,,,,
WO,2589,WO-2589,,,-,,,,SPA-CX,410,SPA-CX00410,"System Administrator",Cerrado,"2023-11-14 18:46:43","2023-11-15 12:11:53","2112311714790_CX0410-REVISION__MTO_-11-05-2020.PDF","2112311714790_CX0410-REVISION__MTO_-11-05-2020.PDF","Revision (MTO)",NO,,,,,,,LO,2128,LO-002128,false,,,,,,false,2023-11-14,,,,,,,,,,,,
WO,4223,WO-4223,,,-,,,,SPA-JX,8149,SPA-JX08149,"System Administrator",Cerrado,"2024-01-18 17:39:09","2024-01-18 18:03:53","230718481668_JX8149_01290415_TOTEM_TOWERCO_SILES_CT_PERIO_FAV.PDF","230718481668_JX8149_01290415_TOTEM_TOWERCO_SILES_CT_PERIO_FAV.PDF","Inspecciones (OCA)",NO,,,,,,,LO,3321,LO-003321,false,,,,,,false,2024-01-18,,,,,,,,,,,,
WO,4246,WO-4246,,,-,,,,SPA-LE,152,SPA-LE00152,"System Administrator",Cerrado,"2024-01-18 17:39:41","2024-01-18 18:04:08",0408151731821_LE0152.PDF,0408151731821_LE0152.PDF,"Inspecciones (OCA)",NO,,,,,,,LO,3377,LO-003377,false,,,,,,false,2024-01-18,,,,,,,,,,,,
WO,4445,WO-4445,SAR,80,SAR-000080,SPA-BX,1126,SPA-BX01126,,,,"Neus Crespo barbera",Abierto,"2024-01-24 14:17:40","2024-01-24 14:44:14","REvisión equipos","REvisión equipos",Urgente,NO,,,,,,,,,-,false,,,,,,false,2024-01-24,,,,,,,,,,,,
WO,3192,WO-3192,,,-,,,,SPA-HX,9404,SPA-HX09404,"System Administrator",Cerrado,"2023-11-14 19:00:29","2023-11-15 12:15:14","091118158198_HX9404-INSPECCION__OCA_-19-10-2022_LAT_FAVORABLE.PDF","091118158198_HX9404-INSPECCION__OCA_-19-10-2022_LAT_FAVORABLE.PDF","Inspecciones (OCA)",NO,,,,,,17.10.2025,LO,2915,LO-002915,false,,,,,,false,2023-11-14,,,,,,,,,,,,
WO,3414,WO-3414,,,-,,,,SPA-GU,9188,SPA-GU09188,"System Administrator",Cerrado,"2023-11-14 19:05:37","2023-11-15 12:21:36","2708552911895_GU9188-TOTEM.PDF","2708552911895_GU9188-TOTEM.PDF","Revision (MTO)",NO,,,,,,,LO,2798,LO-002798,false,,,,,,false,2023-11-14,,,,,,,,,,,,
WO,2007,WO-2007,,,-,,,,SPA-TO,1037,SPA-TO01037,"System Administrator",Cerrado,"2023-11-14 18:32:54","2023-11-15 12:07:06","2112300132584_TO1037-INSPECCION__OCA_-21-05-2019.PDF","2112300132584_TO1037-INSPECCION__OCA_-21-05-2019.PDF","Inspecciones (OCA)",NO,,,,,,21.05.2022,LO,6760,LO-006760,false,,,,,,false,2023-11-14,,,,,,,,,,,,
WO,3152,WO-3152,,,-,,,,SPA-AB,6351,SPA-AB06351,"System Administrator",Cerrado,"2023-11-14 18:59:31","2023-11-15 12:12:17","1613150818782_AB6351_ALMANSA_INFORME_TERMINADO.PDF","1613150818782_AB6351_ALMANSA_INFORME_TERMINADO.PDF","Revision (MTO)",NO,,,,,,,LO,75,LO-000075,false,,,,,,false,2023-11-14,,,,,,,,,,,,
WO,2728,WO-2728,,,-,,,,SPA-AL,9901,SPA-AL09901,"System Administrator",Cerrado,"2023-11-14 18:49:52","2023-11-15 12:10:01","2112312619154_AL9901-REVISION__MTO_-17-06-2020.PDF","2112312619154_AL9901-REVISION__MTO_-17-06-2020.PDF","Revision (MTO)",NO,,,,,,,LO,134,LO-000134,false,,,,,,false,2023-11-14,,,,,,,,,,,,
WO,3468,WO-3468,,,-,,,,SPA-TO,46,SPA-TO00046,"System Administrator",Cerrado,"2023-11-14 19:06:52","2023-11-15 12:10:49","1811240227314_TO00046-REV__MTO_08-06-2022.PDF","1811240227314_TO00046-REV__MTO_08-06-2022.PDF","Revision (MTO)",NO,,,,,,,LO,6648,LO-006648,false,,,,,,false,2023-11-14,,,,,,,,,,,,
WO,4185,WO-4185,,,-,,,,SPA-ZA,6995,SPA-ZA06995,"System Administrator",Cerrado,"2024-01-18 17:38:17","2024-01-18 18:03:29",0609030916733_ZA6995.PDF,0609030916733_ZA6995.PDF,"Revision (MTO)",NO,,,,,,30.09.2024,LO,7658,LO-007658,false,,,,,,false,2024-01-18,,,,,,,,,,,,
WO,3370,WO-3370,,,-,,,,SPA-TO,111,SPA-TO00111,"System Administrator",Cerrado,"2023-11-14 19:04:36","2023-11-15 12:22:33","1913510019300_TO0111-TOTEM.PDF","1913510019300_TO0111-TOTEM.PDF","Revision (MTO)",NO,,,,,,,LO,6677,LO-006677,false,,,,,,false,2023-11-14,,,,,,,,,,,,
WO,2451,WO-2451,,,-,,,,SPA-OR,8985,SPA-OR08985,"System Administrator",Cerrado,"2023-11-14 18:43:32","2023-11-15 12:13:03","211230568421_OR8985-REVISION__MTO_-04-06-2019.PDF","211230568421_OR8985-REVISION__MTO_-04-06-2019.PDF","Revision (MTO)",NO,,,,,,,LO,5130,LO-005130,false,,,,,,false,2023-11-14,,,,,,,,,,,,
WO,3317,WO-3317,,,-,,,,SPA-MA,2633,SPA-MA02633,"System Administrator",Cerrado,"2023-11-14 19:03:24","2023-11-15 12:22:35","08134434793_OCA_CT_MA2633_2022.PDF","08134434793_OCA_CT_MA2633_2022.PDF","Inspecciones (OCA)",NO,,,,,,09.03.2025,LO,3863,LO-003863,false,,,,,,false,2023-11-14,,,,,,,,,,,,
WO,3562,WO-3562,,,-,,,,SPA-SO,9730,SPA-SO09730,"System Administrator",Cerrado,"2023-11-14 19:09:01","2023-11-15 12:22:20",2413480117720_SO9730.PDF,2413480117720_SO9730.PDF,"Revision (MTO)",NO,,,,,,,LO,6114,LO-006114,false,,,,,,false,2023-11-14,,,,,,,,,,,,
WO,3824,WO-3824,,,-,,,,SPA-HU,7207,SPA-HU07207,"System Administrator",Cerrado,"2024-01-18 17:29:27","2024-01-18 17:59:45","2417490618855_HU7207_-_REV_MTO_07-07-2022.PDF","2417490618855_HU7207_-_REV_MTO_07-07-2022.PDF","Revision (MTO)",NO,,,,,,,LO,2885,LO-002885,false,,,,,,false,2024-01-18,,,,,,,,,,,,
WO,3858,WO-3858,,,-,,,,SPA-MA,2854,SPA-MA02854,"System Administrator",Cerrado,"2024-01-18 17:30:19","2024-01-18 18:00:07","1812093030974_MA2854-REVISION__MTO_-16-08-2023.PDF","1812093030974_MA2854-REVISION__MTO_-16-08-2023.PDF","Revision (MTO)",NO,,,,,,,LO,3910,LO-003910,false,,,,,,false,2024-01-18,,,,,,,,,,,,
WO,2457,WO-2457,,,-,,,,SPA-PO,6380,SPA-PO06380,"System Administrator",Cerrado,"2023-11-14 18:43:41","2023-11-15 12:16:51","2112305727999_PO6380-REVISION__MTO_-04-06-2019.PDF","2112305727999_PO6380-REVISION__MTO_-04-06-2019.PDF","Revision (MTO)",NO,,,,,,,LO,5569,LO-005569,false,,,,,,false,2023-11-14,,,,,,,,,,,,
WO,2979,WO-2979,,,-,,,,SPA-JX,8036,SPA-JX08036,"System Administrator",Cerrado,"2023-11-14 18:55:43","2023-11-15 12:15:05","2212050324897_REVISION_ANUAL_CT_JX8036_2021.PDF","2212050324897_REVISION_ANUAL_CT_JX8036_2021.PDF","Revision (MTO)",NO,,,,,,,LO,3312,LO-003312,false,,,,,,false,2023-11-14,,,,,,,,,,,,
WO,3933,WO-3933,,,-,,,,SPA-CU,8335,SPA-CU08335,"System Administrator",Cerrado,"2024-01-18 17:32:09","2024-01-18 18:00:54","0315410830340_CU8335-REV_MTO_23-03-2023.PDF","0315410830340_CU8335-REV_MTO_23-03-2023.PDF","Revision (MTO)",NO,,,,,,,LO,1988,LO-001988,false,,,,,,false,2024-01-18,,,,,,,,,,,,
WO,4440,WO-4440,,,-,,,,,,,"Raul Granado escudero",Abierto,"2024-01-24 10:31:25","2024-01-24 10:38:47","Instalación de PCR LITE en caseta/recinto TOTEM","Instalación de PCR LITE en caseta/recinto TOTEM",Normal,NO,,,,,,,,,-,false,,,,,,false,2024-01-24,,,,,,,,,,,,
WO,3205,WO-3205,,,-,,,,SPA-SE,1325,SPA-SE01325,"System Administrator",Cerrado,"2023-11-14 19:00:48","2023-11-15 12:19:27","0313565227815_SE1325-INSPECCION__OCA_-17-10-2022.PDF","0313565227815_SE1325-INSPECCION__OCA_-17-10-2022.PDF","Inspecciones (OCA)",NO,,,,,,17.10.2025,LO,5963,LO-005963,false,,,,,,false,2023-11-14,,,,,,,,,,,,
WO,3162,WO-3162,,,-,,,,SPA-SG,9402,SPA-SG09402,"System Administrator",Cerrado,"2023-11-14 18:59:44","2023-11-15 12:07:35","1410002625057_SG9402-LA_ESTAN_DESMONTANDO.PDF","1410002625057_SG9402-LA_ESTAN_DESMONTANDO.PDF","Revision (MTO)",NO,,,,,,,LO,6079,LO-006079,false,,,,,,false,2023-11-14,,,,,,,,,,,,
WO,4515,WO-4515,SAR,177,SAR-000177,SPA-MX,6343,SPA-MX06343,,,,"DNO acceso OSP",Abierto,"2024-01-26 21:32:59","2024-01-26 21:39:07","MX6343      444161","RECOGER LLAVES EN ULISES ESTACION CAIDA. NECESITAMOS SOLO LLAVE NO TRAMITAR ACCESO.",Urgente,NO,"2024-01-26 22:00:00","2024-01-27 23:00:00",,,,,,,-,false,,,,,,false,2024-01-26,,,,,,,,,,,,
WO,4466,WO-4466,SAR,240,SAR-000240,SPA-MX,3941,SPA-MX03941,,,,"Jose antonio Ruiz leon",Abierto,"2024-01-25 16:55:24","2024-01-29 13:59:01",MX3941,"Adecuacion del SITE MX3941",Urgente,SI,"2024-02-05 08:00:00","2024-02-06 18:00:00","2024-02-05 00:00:00",Favorable,,,,,-,false,,,,,,false,2024-01-25,,,,,,,,,,,,
WO,2620,WO-2620,,,-,,,,SPA-BU,4147,SPA-BU04147,"System Administrator",Cerrado,"2023-11-14 18:47:26","2023-11-15 12:07:20","2112311926385_BU4147-REVISION__MTO_-20-07-2020.PDF","2112311926385_BU4147-REVISION__MTO_-20-07-2020.PDF","Revision (MTO)",NO,,,,,,,LO,660,LO-000660,false,,,,,,false,2023-11-14,,,,,,,,,,,,
WO,2919,WO-2919,,,-,,,,SPA-LU,8042,SPA-LU08042,"System Administrator",Cerrado,"2023-11-14 18:54:19","2023-11-15 12:19:47","2112583725915_LU8042-DEFECTOS_CORREGIDOS.PDF","2112583725915_LU8042-DEFECTOS_CORREGIDOS.PDF","Revision (MTO)",NO,,,,,,,LO,3634,LO-003634,false,,,,,,false,2023-11-14,,,,,,,,,,,,
WO,4109,WO-4109,,,-,,,,SPA-VI,8715,SPA-VI08715,"System Administrator",Cerrado,"2024-01-18 17:36:28","2024-01-18 18:02:43","1014352730821_VI8715-REV__MTO_25-08-23.PDF","1014352730821_VI8715-REV__MTO_25-08-23.PDF","Revision (MTO)",NO,,,,,,24.08.2024,LO,7167,LO-007167,false,,,,,,false,2024-01-18,,,,,,,,,,,,
WO,4019,WO-4019,,,-,,,,SPA-SG,9157,SPA-SG09157,"System Administrator",Cerrado,"2024-01-18 17:34:16","2024-01-18 18:01:47",271242276151_SG9157.PDF,271242276151_SG9157.PDF,"Revision (MTO)",NO,,,,,,07.10.2024,LO,6054,LO-006054,false,,,,,,false,2024-01-18,,,,,,,,,,,,
WO,2356,WO-2356,,,-,,,,SPA-TO,6,SPA-TO00006,"System Administrator",Cerrado,"2023-11-14 18:41:15","2023-11-15 12:05:28","211230474380_TO0006-REVISION__MTO_-04-02-2019.PDF","211230474380_TO0006-REVISION__MTO_-04-02-2019.PDF","Revision (MTO)",NO,,,,,,,LO,6630,LO-006630,false,,,,,,false,2023-11-14,,,,,,,,,,,,
WO,2595,WO-2595,,,-,,,,SPA-CX,1761,SPA-CX01761,"System Administrator",Cerrado,"2023-11-14 18:46:51","2023-11-15 12:18:24","2112311720542_CX1761-REVISION__MTO_-11-05-2020.PDF","2112311720542_CX1761-REVISION__MTO_-11-05-2020.PDF","Revision (MTO)",NO,,,,,,,LO,2223,LO-002223,false,,,,,,false,2023-11-14,,,,,,,,,,,,
WO,2584,WO-2584,,,-,,,,SPA-PO,6610,SPA-PO06610,"System Administrator",Cerrado,"2023-11-14 18:46:37","2023-11-15 12:18:41","2112311425095_PO6610-INSPECCION__OCA_-27-08-2020.PDF","2112311425095_PO6610-INSPECCION__OCA_-27-08-2020.PDF","Inspecciones (OCA)",NO,,,,,,27.08.2023,LO,5596,LO-005596,false,,,,,,false,2023-11-14,,,,,,,,,,,,
WO,2576,WO-2576,,,-,,,,SPA-LE,1676,SPA-LE01676,"System Administrator",Cerrado,"2023-11-14 18:46:26","2023-11-15 12:10:18","211231141677_LE1676-INSPECCION__OCA_-10-08-2020.PDF","211231141677_LE1676-INSPECCION__OCA_-10-08-2020.PDF","Inspecciones (OCA)",NO,,,,,,10.08.2023,LO,3463,LO-003463,false,,,,,,false,2023-11-14,,,,,,,,,,,,
WO,2849,WO-2849,,,-,,,,SPA-VX,29,SPA-VX00029,"System Administrator",Cerrado,"2023-11-14 18:52:42","2023-11-15 12:15:40","1319435430989_VX0029_INFORME_REVISION_RIBA_ROJA_2021.PDF","1319435430989_VX0029_INFORME_REVISION_RIBA_ROJA_2021.PDF","Revision (MTO)",NO,,,,,,,LO,7221,LO-007221,false,,,,,,false,2023-11-14,,,,,,,,,,,,
WO,4415,WO-4415,,,-,,,,,,,"Raul Rueda hernandez",Abierto,"2024-01-22 14:41:28","2024-01-22 14:48:58","PRESTAMO DE LLAVES MX0612","PRESTAMO DE LLAVES MX0612",Normal,NO,,,"2024-01-23 09:00:00",,,,,,-,false,,,,,,false,2024-01-22,,,,,,,,,,,,
WO,2192,WO-2192,,,-,,,,SPA-SO,9730,SPA-SO09730,"System Administrator",Cerrado,"2023-11-14 18:37:21","2023-11-15 12:16:50","2112302924326_SO9730-REVISION__MTO_-10-07-2019.PDF","2112302924326_SO9730-REVISION__MTO_-10-07-2019.PDF","Revision (MTO)",NO,,,,,,,LO,6114,LO-006114,false,,,,,,false,2023-11-14,,,,,,,,,,,,
WO,2061,WO-2061,,,-,,,,SPA-ZX,540,SPA-ZX00540,"System Administrator",Cerrado,"2023-11-14 18:34:11","2023-11-15 12:09:56","2112300427007_ZX0540-INSPECCION__OCA_-17-06-2019.PDF","2112300427007_ZX0540-INSPECCION__OCA_-17-06-2019.PDF","Inspecciones (OCA)",NO,,,,,,17.06.2022,LO,7783,LO-007783,false,,,,,,false,2023-11-14,,,,,,,,,,,,
WO,4009,WO-4009,,,-,,,,SPA-LE,1541,SPA-LE01541,"System Administrator",Cerrado,"2024-01-18 17:34:02","2024-01-18 18:01:41",191519295259_LE1541.PDF,191519295259_LE1541.PDF,"Revision (MTO)",NO,,,,,,07.10.2024,LO,3445,LO-003445,false,,,,,,false,2024-01-18,,,,,,,,,,,,
WO,4543,WO-4543,SAR,204,SAR-000204,SPA-MX,3763,SPA-MX03763,,,,"DNO acceso OSP",Abierto,"2024-01-29 10:48:02","2024-01-29 11:16:58","442874    MX3763","Instalación bandejas más ATN",Auditoría,NO,,,,,,,,,-,false,,,,,,false,2024-01-29,,,,,,,,,,,,
WO,3008,WO-3008,,,-,,,,SPA-MX,3041,SPA-MX03041,"System Administrator",Cerrado,"2023-11-14 18:56:22","2023-11-15 12:08:41",2110230924942_MX3041.PDF,2110230924942_MX3041.PDF,"Inspecciones (OCA)",NO,,,,,,20.10.2024,LO,4683,LO-004683,false,,,,,,false,2023-11-14,,,,,,,,,,,,
WO,2690,WO-2690,,,-,,,,SPA-BU,4134,SPA-BU04134,"System Administrator",Cerrado,"2023-11-14 18:48:59","2023-11-15 12:12:44","21123124489_BU4134-INSPECCION__OCA_-14-10-2020.PDF","21123124489_BU4134-INSPECCION__OCA_-14-10-2020.PDF","Inspecciones (OCA)",NO,,,,,,14.10.2023,LO,648,LO-000648,false,,,,,,false,2023-11-14,,,,,,,,,,,,
WO,3871,WO-3871,,,-,,,,SPA-CU,8401,SPA-CU08401,"System Administrator",Cerrado,"2024-01-18 17:30:38","2024-01-18 18:00:15","101107306930_CU8401-REV__MTO_21-08-2023_--_ANTENA_DESMANTELADA.PDF","101107306930_CU8401-REV__MTO_21-08-2023_--_ANTENA_DESMANTELADA.PDF","Revision (MTO)",NO,,,,,,,LO,1991,LO-001991,false,,,,,,false,2024-01-18,,,,,,,,,,,,
WO,2272,WO-2272,,,-,,,,SPA-MA,2638,SPA-MA02638,"System Administrator",Cerrado,"2023-11-14 18:39:13","2023-11-15 12:16:22","2112304029993_MA2638-REVISION__MTO_-17-04-2020.PDF","2112304029993_MA2638-REVISION__MTO_-17-04-2020.PDF","Revision (MTO)",NO,,,,,,,LO,3866,LO-003866,false,,,,,,false,2023-11-14,,,,,,,,,,,,
WO,4103,WO-4103,,,-,,,,SPA-LU,7740,SPA-LU07740,"System Administrator",Cerrado,"2024-01-18 17:36:19","2024-01-18 18:02:39",0108282431344_LU7740.PDF,0108282431344_LU7740.PDF,"Revision (MTO)",NO,,,,,,23.12.2024,LO,3609,LO-003609,false,,,,,,false,2024-01-18,,,,,,,,,,,,
WO,3410,WO-3410,,,-,,,,SPA-CU,8532,SPA-CU08532,"System Administrator",Cerrado,"2023-11-14 19:05:31","2023-11-15 12:15:44","2510332016175_CU8532-TOTEM.PDF","2510332016175_CU8532-TOTEM.PDF","Revision (MTO)",NO,,,,,,,LO,2038,LO-002038,false,,,,,,false,2023-11-14,,,,,,,,,,,,
WO,3509,WO-3509,,,-,,,,SPA-SG,9154,SPA-SG09154,"System Administrator",Cerrado,"2023-11-14 19:07:47","2023-11-15 12:17:07","0310050929297_PARTE_INCIDENCIA.PDF","0310050929297_PARTE_INCIDENCIA.PDF","Revision (MTO)",NO,,,,,,,LO,6053,LO-006053,false,,,,,,false,2023-11-14,,,,,,,,,,,,
WO,4367,WO-4367,,,-,,,,SPA-SE,375,SPA-SE00375,"System Administrator",Cerrado,"2024-01-18 17:42:23","2024-01-18 18:05:19","301509485761_SE0375-INSPECCION__OCA_-17-10-2022_CT.PDF","301509485761_SE0375-INSPECCION__OCA_-17-10-2022_CT.PDF","Inspecciones (OCA)",NO,,,,,,,LO,5866,LO-005866,false,,,,,,false,2024-01-18,,,,,,,,,,,,
WO,3903,WO-3903,,,-,,,,SPA-LE,1718,SPA-LE01718,"System Administrator",Cerrado,"2024-01-18 17:31:25","2024-01-18 18:00:36","2309523716864_LE1718-_CON_DEFECTOS.PDF","2309523716864_LE1718-_CON_DEFECTOS.PDF","Revision (MTO)",NO,,,,,,,LO,3474,LO-003474,false,,,,,,false,2024-01-18,,,,,,,,,,,,
WO,1988,WO-1988,,,-,,,,SPA-IB,417,SPA-IB00417,"System Administrator",Cerrado,"2023-11-14 18:32:27","2023-11-15 12:08:03","2908165110538_IB0417_-_BALX0385.ZIP","2908165110538_IB0417_-_BALX0385.ZIP","Revision (MTO)",NO,,,,,,,LO,3215,LO-003215,false,,,,,,false,2023-11-14,,,,,,,,,,,,
WO,3746,WO-3746,,,-,,,,SPA-CS,40,SPA-CS00040,"System Administrator",Cerrado,"2023-11-14 19:13:23","2023-11-15 12:24:20","0317015114621_CS0040_INFORME_REVISION_TORREBLANCA_2022.PDF","0317015114621_CS0040_INFORME_REVISION_TORREBLANCA_2022.PDF","Revision (MTO)",NO,,,,,,,LO,1850,LO-001850,false,,,,,,false,2023-11-14,,,,,,,,,,,,
WO,1991,WO-1991,,,-,,,,SPA-SS,5622,SPA-SS05622,"System Administrator",Cerrado,"2023-11-14 18:32:31","2023-11-15 12:18:16",0915194822123_SS5622.PDF,0915194822123_SS5622.PDF,"Revision (MTO)",NO,,,,,,,LO,6231,LO-006231,false,,,,,,false,2023-11-14,,,,,,,,,,,,
WO,2138,WO-2138,,,-,,,,SPA-AV,8485,SPA-AV08485,"System Administrator",Cerrado,"2023-11-14 18:36:04","2023-11-15 12:16:17","2112302523335_AV8485-REVISION__MTO_-08-08-2019.PDF","2112302523335_AV8485-REVISION__MTO_-08-08-2019.PDF","Revision (MTO)",NO,,,,,,,LO,166,LO-000166,false,,,,,,false,2023-11-14,,,,,,,,,,,,
WO,2485,WO-2485,,,-,,,,SPA-AX,6398,SPA-AX06398,"System Administrator",Cerrado,"2023-11-14 18:44:22","2023-11-15 12:10:10","2112310325436_AX6398-REVISION__MTO_-19-05-2020.DOC","2112310325436_AX6398-REVISION__MTO_-19-05-2020.DOC","Revision (MTO)",NO,,,,,,,LO,358,LO-000358,false,,,,,,false,2023-11-14,,,,,,,,,,,,
WO,3053,WO-3053,,,-,,,,SPA-LE,1743,SPA-LE01743,"System Administrator",Cerrado,"2023-11-14 18:57:22","2023-11-15 12:11:53","0412043917421_LE1743-REVISION__MTO__-26062014.PDF","0412043917421_LE1743-REVISION__MTO__-26062014.PDF","Revision (MTO)",NO,,,,,,,LO,3489,LO-003489,false,,,,,,false,2023-11-14,,,,,,,,,,,,
WO,1881,WO-1881,,,-,,,,SPA-SG,9159,SPA-SG09159,"System Administrator",Cerrado,"2023-11-14 18:29:52","2023-11-15 12:10:15",2310504513740_SG9159.PDF,2310504513740_SG9159.PDF,"Revision (MTO)",NO,,,,,,,LO,6056,LO-006056,false,,,,,,false,2023-11-14,,,,,,,,,,,,
WO,4416,WO-4416,SAR,31,SAR-000031,SPA-MX,612,SPA-MX00612,,,,"Rebeca Romón sánchez",Abierto,"2024-01-22 14:47:24","2024-01-23 13:25:40","PRESTAMO DE LLAVES","PRESTAMO DE LLAVES",Normal,NO,,,,,,,,,-,false,,,,,,false,2024-01-22,,,,,,,,,,,,
WO,2567,WO-2567,,,-,,,,SPA-LE,1712,SPA-LE01712,"System Administrator",Cerrado,"2023-11-14 18:46:13","2023-11-15 12:14:58","2112311318382_LE1712-INSPECCION__OCA_-11-08-2020.PDF","2112311318382_LE1712-INSPECCION__OCA_-11-08-2020.PDF","Inspecciones (OCA)",NO,,,,,,11.08.2023,LO,3469,LO-003469,false,,,,,,false,2023-11-14,,,,,,,,,,,,
WO,3942,WO-3942,,,-,,,,SPA-CU,8541,SPA-CU08541,"System Administrator",Cerrado,"2024-01-18 17:32:23","2024-01-18 18:01:00","031548271785_CU8541-REV_MTO_23-03-2023.PDF","031548271785_CU8541-REV_MTO_23-03-2023.PDF","Revision (MTO)",NO,,,,,,,LO,2041,LO-002041,false,,,,,,false,2024-01-18,,,,,,,,,,,,
WO,2579,WO-2579,,,-,,,,SPA-PO,6328,SPA-PO06328,"System Administrator",Cerrado,"2023-11-14 18:46:30","2023-11-15 12:12:26","2112311427700_PO6328-INSPECCION__OCA_-28-08-2020.PDF","2112311427700_PO6328-INSPECCION__OCA_-28-08-2020.PDF","Inspecciones (OCA)",NO,,,,,,28.08.2023,LO,5555,LO-005555,false,,,,,,false,2023-11-14,,,,,,,,,,,,
WO,2782,WO-2782,,,-,,,,SPA-VA,2171,SPA-VA02171,"System Administrator",Cerrado,"2023-11-14 18:51:06","2023-11-15 12:13:50","2112342620580_VA2171-INSPECCION__OCA_-01-10-2020.PDF","2112342620580_VA2171-INSPECCION__OCA_-01-10-2020.PDF","Inspecciones (OCA)",NO,,,,,,01.10.2023,LO,7028,LO-007028,false,,,,,,false,2023-11-14,,,,,,,,,,,,
WO,4148,WO-4148,,,-,,,,SPA-CX,1775,SPA-CX01775,"System Administrator",Cerrado,"2024-01-18 17:37:24","2024-01-18 18:03:07",0411153221437_CX1775.PDF,0411153221437_CX1775.PDF,"Revision (MTO)",NO,,,,,,28.02.2024,LO,2231,LO-002231,false,,,,,,false,2024-01-18,,,,,,,,,,,,
WO,2479,WO-2479,,,-,,,,SPA-AB,5901,SPA-AB05901,"System Administrator",Cerrado,"2023-11-14 18:44:14","2023-11-15 12:06:59","2112310217103_AB5901-REVISION__MTO_-27-04-2020.DOC","2112310217103_AB5901-REVISION__MTO_-27-04-2020.DOC","Revision (MTO)",NO,,,,,,,LO,27,LO-000027,false,,,,,,false,2023-11-14,,,,,,,,,,,,
WO,3134,WO-3134,,,-,,,,SPA-CR,3094,SPA-CR03094,"System Administrator",Cerrado,"2023-11-14 18:59:05","2023-11-15 12:11:20",1110535232297_CR3094.PDF,1110535232297_CR3094.PDF,"Inspecciones (OCA)",NO,,,,,,26.07.2024,LO,1749,LO-001749,false,,,,,,false,2023-11-14,,,,,,,,,,,,
WO,3273,WO-3273,,,-,,,,SPA-LE,1806,SPA-LE01806,"System Administrator",Cerrado,"2023-11-14 19:02:22","2023-11-15 12:23:32",14103700639_LE1806.PDF,14103700639_LE1806.PDF,"Revision (MTO)",NO,,,,,,,LO,3492,LO-003492,false,,,,,,false,2023-11-14,,,,,,,,,,,,
WO,2605,WO-2605,,,-,,,,SPA-AV,8461,SPA-AV08461,"System Administrator",Cerrado,"2023-11-14 18:47:05","2023-11-15 12:16:43","2112311718108_AV8461-INSPECCION__OCA_-09-10-2020.PDF","2112311718108_AV8461-INSPECCION__OCA_-09-10-2020.PDF","Inspecciones (OCA)",NO,,,,,,09.10.2023,LO,153,LO-000153,false,,,,,,false,2023-11-14,,,,,,,,,,,,
WO,3622,WO-3622,,,-,,,,SPA-ZX,574,SPA-ZX00574,"System Administrator",Cerrado,"2023-11-14 19:10:23","2023-11-15 12:05:23","1211303332523_ZX0574_-_AT-Z-12-22_-_EJEA_DE_LOS_CABALLEROS_-_OCA.PDF","1211303332523_ZX0574_-_AT-Z-12-22_-_EJEA_DE_LOS_CABALLEROS_-_OCA.PDF","Inspecciones (OCA)",NO,,,,,,05.07.2025,LO,7793,LO-007793,false,,,,,,false,2023-11-14,,,,,,,,,,,,
WO,2528,WO-2528,,,-,,,,SPA-LE,651,SPA-LE00651,"System Administrator",Cerrado,"2023-11-14 18:45:21","2023-11-15 12:06:22","2112310930885_LE0651-INSPECCION__OCA_-10-08-2020.PDF","2112310930885_LE0651-INSPECCION__OCA_-10-08-2020.PDF","Inspecciones (OCA)",NO,,,,,,10.08.2023,LO,3412,LO-003412,false,,,,,,false,2023-11-14,,,,,,,,,,,,
WO,2495,WO-2495,,,-,,,,SPA-VX,1435,SPA-VX01435,"System Administrator",Cerrado,"2023-11-14 18:44:36","2023-11-15 12:12:57","2112310418684_VX1435-REVISION__MTO_-16-06-2020.DOC","2112310418684_VX1435-REVISION__MTO_-16-06-2020.DOC","Revision (MTO)",NO,,,,,,,LO,7525,LO-007525,false,,,,,,false,2023-11-14,,,,,,,,,,,,
WO,3183,WO-3183,,,-,,,,SPA-GU,9159,SPA-GU09159,"System Administrator",Cerrado,"2023-11-14 19:00:16","2023-11-15 12:19:09",2513244323942_GU9159.PDF,2513244323942_GU9159.PDF,"Inspecciones (OCA)",NO,,,,,,15.07.2024,LO,2785,LO-002785,false,,,,,,false,2023-11-14,,,,,,,,,,,,
WO,3701,WO-3701,,,-,,,,SPA-HU,7133,SPA-HU07133,"System Administrator",Cerrado,"2023-11-14 19:12:19","2023-11-15 12:23:52","2210171410650_HU7133_-_AT-HU-18-22_-_JACA_-_OCA.PDF","2210171410650_HU7133_-_AT-HU-18-22_-_JACA_-_OCA.PDF","Revision (MTO)",NO,,,,,,,LO,2850,LO-002850,false,,,,,,false,2023-11-14,,,,,,,,,,,,
WO,3990,WO-3990,,,-,,,,SPA-VX,29,SPA-VX00029,"System Administrator",Cerrado,"2024-01-18 17:33:35","2024-01-18 18:01:29","2517451112562_VX0029_INFORME_REVISION_RIBA_ROJA_2023.PDF","2517451112562_VX0029_INFORME_REVISION_RIBA_ROJA_2023.PDF","Revision (MTO)",NO,,,,,,04.05.2024,LO,7221,LO-007221,false,,,,,,false,2024-01-18,,,,,,,,,,,,
WO,2681,WO-2681,,,-,,,,SPA-BU,4300,SPA-BU04300,"System Administrator",Cerrado,"2023-11-14 18:48:47","2023-11-15 12:05:47","2112312314262_BU4300-INSPECCION__OCA_-09-10-2020.PDF","2112312314262_BU4300-INSPECCION__OCA_-09-10-2020.PDF","Inspecciones (OCA)",NO,,,,,,09.10.2023,LO,730,LO-000730,false,,,,,,false,2023-11-14,,,,,,,,,,,,
WO,4449,WO-4449,SAR,85,SAR-000085,SPA-CA,4235,SPA-CA04235,,,,"Santiago Gonzalez simarro",Abierto,"2024-01-24 14:55:41","2024-01-24 15:06:06",CA4235,"INSTALACION AA",Obsolescencia,NO,"2024-01-24 00:01:52",,,,,,,,-,false,,,,,,false,2024-01-24,,,,,,,,,,,,
WO,2374,WO-2374,,,-,,,,SPA-CR,3041,SPA-CR03041,"System Administrator",Cerrado,"2023-11-14 18:41:40","2023-11-15 12:21:31","2112304819552_CR3041-REVISION__MTO_-11-02-2019.PDF","2112304819552_CR3041-REVISION__MTO_-11-02-2019.PDF","Revision (MTO)",NO,,,,,,,LO,1714,LO-001714,false,,,,,,false,2023-11-14,,,,,,,,,,,,
WO,3254,WO-3254,,,-,,,,SPA-LE,471,SPA-LE00471,"System Administrator",Cerrado,"2023-11-14 19:01:55","2023-11-15 12:10:02",1409140928958_LE0471.PDF,1409140928958_LE0471.PDF,"Revision (MTO)",NO,,,,,,,LO,3399,LO-003399,false,,,,,,false,2023-11-14,,,,,,,,,,,,
WO,3260,WO-3260,,,-,,,,SPA-LE,1661,SPA-LE01661,"System Administrator",Cerrado,"2023-11-14 19:02:04","2023-11-15 12:07:42",141010372914_LE1661.PDF,141010372914_LE1661.PDF,"Revision (MTO)",NO,,,,,,,LO,3458,LO-003458,false,,,,,,false,2023-11-14,,,,,,,,,,,,
WO,2329,WO-2329,,,-,,,,SPA-MX,3029,SPA-MX03029,"System Administrator",Cerrado,"2023-11-14 18:40:36","2023-11-15 12:10:27","2112304410103_MX3029-REVISION__MTO_-04-02-2019.PDF","2112304410103_MX3029-REVISION__MTO_-04-02-2019.PDF","Revision (MTO)",NO,,,,,,,LO,4677,LO-004677,false,,,,,,false,2023-11-14,,,,,,,,,,,,
WO,3040,WO-3040,,,-,,,,SPA-VX,1408,SPA-VX01408,"System Administrator",Cerrado,"2023-11-14 18:57:07","2023-12-21 15:12:15","071229468418_VX1408_BUÑOL_INFORME_DE_REVISION_2021.PDF","071229468418_VX1408_BUÑOL_INFORME_DE_REVISION_2021.PDF","Revision (MTO)",NO,,,,,,,LO,7521,LO-007521,false,,,,,,false,2023-11-14,,,,,,,,,,,,
WO,4142,WO-4142,,,-,,,,SPA-AB,6003,SPA-AB06003,"System Administrator",Cerrado,"2024-01-18 17:37:15","2024-01-18 18:03:03","041136285364_AB6003_-_REV_MTO_27-09-2023.PDF","041136285364_AB6003_-_REV_MTO_27-09-2023.PDF","Revision (MTO)",NO,,,,,,27.09.2024,LO,41,LO-000041,false,,,,,,false,2024-01-18,,,,,,,,,,,,
WO,2588,WO-2588,,,-,,,,SPA-CX,410,SPA-CX00410,"System Administrator",Cerrado,"2023-11-14 18:46:42","2023-11-15 12:08:47","21123117704_CX0410-INSPECCION__OCA_-14-09-2020.PDF","21123117704_CX0410-INSPECCION__OCA_-14-09-2020.PDF","Inspecciones (OCA)",NO,,,,,,14.09.2023,LO,2128,LO-002128,false,,,,,,false,2023-11-14,,,,,,,,,,,,
WO,2440,WO-2440,,,-,,,,SPA-GU,9116,SPA-GU09116,"System Administrator",Cerrado,"2023-11-14 18:43:15","2023-11-15 12:11:39","2112305328782_GU9116-REVISION__MTO_-06-03-2019.PDF","2112305328782_GU9116-REVISION__MTO_-06-03-2019.PDF","Revision (MTO)",NO,,,,,,,LO,2762,LO-002762,false,,,,,,false,2023-11-14,,,,,,,,,,,,
WO,3489,WO-3489,,,-,,,,SPA-TO,415,SPA-TO00415,"System Administrator",Cerrado,"2023-11-14 19:07:20","2023-11-15 12:19:05","181246128147_TO0415-REV__MTO_07-06-2022.PDF","181246128147_TO0415-REV__MTO_07-06-2022.PDF","Revision (MTO)",NO,,,,,,,LO,6718,LO-006718,false,,,,,,false,2023-11-14,,,,,,,,,,,,
WO,3941,WO-3941,,,-,,,,SPA-CU,8540,SPA-CU08540,"System Administrator",Cerrado,"2024-01-18 17:32:21","2024-01-18 18:00:59","031547515365_CU8540-REV_MTO_23-03-2023.PDF","031547515365_CU8540-REV_MTO_23-03-2023.PDF","Revision (MTO)",NO,,,,,,,LO,2040,LO-002040,false,,,,,,false,2024-01-18,,,,,,,,,,,,
WO,2740,WO-2740,,,-,,,,SPA-HX,9809,SPA-HX09809,"System Administrator",Cerrado,"2023-11-14 18:50:08","2023-11-15 12:09:10","2112312712946_HX9809-INSPECCION__OCA_-21-12-2020.PDF","2112312712946_HX9809-INSPECCION__OCA_-21-12-2020.PDF","Inspecciones (OCA)",NO,,,,,,21.12.2023,LO,2995,LO-002995,false,,,,,,false,2023-11-14,,,,,,,,,,,,
WO,2753,WO-2753,,,-,,,,SPA-ZA,6993,SPA-ZA06993,"System Administrator",Cerrado,"2023-11-14 18:50:26","2023-11-15 12:14:38","2112342428498_ZA6993-INSPECCION__OCA_-10-09-2020.PDF","2112342428498_ZA6993-INSPECCION__OCA_-10-09-2020.PDF","Inspecciones (OCA)",NO,,,,,,10.09.2023,LO,7657,LO-007657,false,,,,,,false,2023-11-14,,,,,,,,,,,,
WO,4351,WO-4351,,,-,,,,SPA-CX,1775,SPA-CX01775,"System Administrator",Cerrado,"2024-01-18 17:42:01","2024-01-18 18:05:10",041116158538_CX1775.PDF,041116158538_CX1775.PDF,"Inspecciones (OCA)",NO,,,,,,,LO,2231,LO-002231,false,,,,,,false,2024-01-18,,,,,,,,,,,,
WO,3457,WO-3457,,,-,,,,SPA-TO,14,SPA-TO00014,"System Administrator",Cerrado,"2023-11-14 19:06:37","2023-11-15 12:12:42","151423469270_CERT_AT-TO-028_22_TOTEM_TO0014_BURGUILLOS_CT.PDF","151423469270_CERT_AT-TO-028_22_TOTEM_TO0014_BURGUILLOS_CT.PDF","Inspecciones (OCA)",NO,,,,,,20.06.2025,LO,6635,LO-006635,false,,,,,,false,2023-11-14,,,,,,,,,,,,
WO,3308,WO-3308,,,-,,,,SPA-LE,1501,SPA-LE01501,"System Administrator",Cerrado,"2023-11-14 19:03:11","2023-11-15 12:13:33","0811035811713_PARTE_INCIDENCIA.PDF","0811035811713_PARTE_INCIDENCIA.PDF","Revision (MTO)",NO,,,,,,,LO,3437,LO-003437,false,,,,,,false,2023-11-14,,,,,,,,,,,,
WO,3490,WO-3490,,,-,,,,SPA-TO,503,SPA-TO00503,"System Administrator",Cerrado,"2023-11-14 19:07:21","2023-11-15 12:05:34","181247193374_CERT_AT-TO-026_22_TOTEM_TO0503_ALAMEDA_DE_LA_SAGRA_CT.PDF","181247193374_CERT_AT-TO-026_22_TOTEM_TO0503_ALAMEDA_DE_LA_SAGRA_CT.PDF","Inspecciones (OCA)",NO,,,,,,20.06.2025,LO,6719,LO-006719,false,,,,,,false,2023-11-14,,,,,,,,,,,,
WO,4114,WO-4114,,,-,,,,SPA-BU,4333,SPA-BU04333,"System Administrator",Cerrado,"2024-01-18 17:36:35","2024-01-18 18:02:46",1708172421610_BU4333.PDF,1708172421610_BU4333.PDF,"Revision (MTO)",NO,,,,,,24.10.2024,LO,740,LO-000740,false,,,,,,false,2024-01-18,,,,,,,,,,,,
WO,1932,WO-1932,,,-,,,,SPA-AB,26,SPA-AB00026,"System Administrator",Cerrado,"2023-11-14 18:31:05","2023-11-15 12:06:44","0709062914051_AB0026_INFORME_REVISION_TINAJEROS_2021.DOC","0709062914051_AB0026_INFORME_REVISION_TINAJEROS_2021.DOC","Revision (MTO)",NO,,,,,,,LO,5,LO-000005,false,,,,,,false,2023-11-14,,,,,,,,,,,,
WO,2075,WO-2075,,,-,,,,SPA-BA,321,SPA-BA00321,"System Administrator",Cerrado,"2023-11-14 18:34:30","2023-11-15 12:21:28","211230088153_BA0321-REVISION__MTO_-16-01-2020.PDF","211230088153_BA0321-REVISION__MTO_-16-01-2020.PDF","Revision (MTO)",NO,,,,,,,LO,410,LO-000410,false,,,,,,false,2023-11-14,,,,,,,,,,,,
WO,2466,WO-2466,,,-,,,,SPA-AB,6390,SPA-AB06390,"System Administrator",Cerrado,"2023-11-14 18:43:55","2023-11-15 12:19:19","211230585752_AB6390-REVISION__MTO_-27-04-2020.DOC","211230585752_AB6390-REVISION__MTO_-27-04-2020.DOC","Revision (MTO)",NO,,,,,,,LO,81,LO-000081,false,,,,,,false,2023-11-14,,,,,,,,,,,,
WO,2996,WO-2996,,,-,,,,,,,"System Administrator",Cerrado,"2023-11-14 18:56:06","2023-11-15 12:13:26","2209430821019_REVISION_VISUAL_CT_CC6332_2021.PDF","2209430821019_REVISION_VISUAL_CT_CC6332_2021.PDF","Revision (MTO)",NO,,,,,,,,,-,false,,,,,,false,2023-11-14,,,,,,,,,,,,
WO,4534,WO-4534,,,-,,,,,,,"VANESSA PEDRO SANCHEZ",Abierto,"2024-01-29 09:35:31","2024-01-29 09:35:31",ADECUACION,"SUMINISTRO HAC SIN TUBOS",Infraestructura,NO,,,,,,,,,-,false,,,,,,false,2024-01-29,,,,,,,,,,,,
WO,3786,WO-3786,,,-,,,,SPA-JX,8036,SPA-JX08036,"System Administrator",Cerrado,"2023-11-14 19:14:19","2023-11-15 12:11:33","270722071882_JX8036_OCA_FAVORABLE_30-08-2022.PDF","270722071882_JX8036_OCA_FAVORABLE_30-08-2022.PDF","Inspecciones (OCA)",NO,,,,,,30.08.2025,LO,3312,LO-003312,false,,,,,,false,2023-11-14,,,,,,,,,,,,
WO,3702,WO-3702,,,-,,,,SPA-HU,7133,SPA-HU07133,"System Administrator",Cerrado,"2023-11-14 19:12:21","2023-11-15 12:10:07","2210181126991_HU7133_-_AT-HU-18-22_-_JACA_-_OCA.PDF","2210181126991_HU7133_-_AT-HU-18-22_-_JACA_-_OCA.PDF","Inspecciones (OCA)",NO,,,,,,07.07.2025,LO,2850,LO-002850,false,,,,,,false,2023-11-14,,,,,,,,,,,,
WO,3334,WO-3334,,,-,,,,SPA-CO,7122,SPA-CO07122,"System Administrator",Cerrado,"2023-11-14 19:03:47","2023-11-15 12:05:33","1110063918689_OCA_LAT_CO7122_2022.PDF","1110063918689_OCA_LAT_CO7122_2022.PDF","Inspecciones (OCA)",NO,,,,,,11.03.2025,LO,1636,LO-001636,false,,,,,,false,2023-11-14,,,,,,,,,,,,
WO,3782,WO-3782,,,-,,,,SPA-VA,2153,SPA-VA02153,"System Administrator",Cerrado,"2023-11-14 19:14:14","2023-11-15 12:09:04",2508471521601_VA2153.PDF,2508471521601_VA2153.PDF,"Revision (MTO)",NO,,,,,,,LO,7017,LO-007017,false,,,,,,false,2023-11-14,,,,,,,,,,,,
WO,2635,WO-2635,,,-,,,,SPA-BU,4313,SPA-BU04313,"System Administrator",Cerrado,"2023-11-14 18:47:46","2023-11-15 12:10:16","2112312025012_BU4313-INSPECCION__OCA_-08-10-2020.PDF","2112312025012_BU4313-INSPECCION__OCA_-08-10-2020.PDF","Inspecciones (OCA)",NO,,,,,,08.10.2023,LO,737,LO-000737,false,,,,,,false,2023-11-14,,,,,,,,,,,,
WO,3406,WO-3406,,,-,,,,SPA-CU,15,SPA-CU00015,"System Administrator",Cerrado,"2023-11-14 19:05:26","2023-11-15 12:10:17","2510252121591_CU0015-TOTEM.PDF","2510252121591_CU0015-TOTEM.PDF","Revision (MTO)",NO,,,,,,,LO,1960,LO-001960,false,,,,,,false,2023-11-14,,,,,,,,,,,,
WO,2133,WO-2133,,,-,,,,SPA-AV,8706,SPA-AV08706,"System Administrator",Cerrado,"2023-11-14 18:35:56","2023-11-15 12:12:49","211230258546_AV8706-REVISION__MTO_-08-08-2019.PDF","211230258546_AV8706-REVISION__MTO_-08-08-2019.PDF","Revision (MTO)",NO,,,,,,,LO,193,LO-000193,false,,,,,,false,2023-11-14,,,,,,,,,,,,
WO,3558,WO-3558,,,-,,,,SPA-SO,9832,SPA-SO09832,"System Administrator",Cerrado,"2023-11-14 19:08:56","2023-11-15 12:20:55",2413451216363_SO9832.PDF,2413451216363_SO9832.PDF,"Revision (MTO)",NO,,,,,,,LO,6146,LO-006146,false,,,,,,false,2023-11-14,,,,,,,,,,,,
WO,2213,WO-2213,,,-,,,,SPA-SG,9304,SPA-SG09304,"System Administrator",Cerrado,"2023-11-14 18:37:51","2023-11-15 12:11:18","211230337372_SG9304-REVISION__MTO_-08-08-2019.PDF","211230337372_SG9304-REVISION__MTO_-08-08-2019.PDF","Revision (MTO)",NO,,,,,,,LO,6075,LO-006075,false,,,,,,false,2023-11-14,,,,,,,,,,,,
WO,1997,WO-1997,,,-,,,,SPA-SA,5914,SPA-SA05914,"System Administrator",Cerrado,"2023-11-14 18:32:40","2023-11-15 12:22:54","2112300119932_SA5914-INSPECCION__OCA_-18-11-2019.PDF","2112300119932_SA5914-INSPECCION__OCA_-18-11-2019.PDF","Inspecciones (OCA)",NO,,,,,,18.11.2022,LO,5710,LO-005710,false,,,,,,false,2023-11-14,,,,,,,,,,,,
WO,2644,WO-2644,,,-,,,,SPA-BU,4250,SPA-BU04250,"System Administrator",Cerrado,"2023-11-14 18:47:57","2023-11-15 12:09:53","2112312017584_BU4250-INSPECCION__OCA_-14-10-2020.PDF","2112312017584_BU4250-INSPECCION__OCA_-14-10-2020.PDF","Inspecciones (OCA)",NO,,,,,,14.10.2023,LO,711,LO-000711,false,,,,,,false,2023-11-14,,,,,,,,,,,,
WO,3136,WO-3136,,,-,,,,SPA-SA,5806,SPA-SA05806,"System Administrator",Cerrado,"2023-11-14 18:59:08","2023-11-15 12:21:44",2110244626650_SA5806.PDF,2110244626650_SA5806.PDF,"Revision (MTO)",NO,,,,,,,LO,5707,LO-005707,false,,,,,,false,2023-11-14,,,,,,,,,,,,
WO,3571,WO-3571,,,-,,,,SPA-GU,9159,SPA-GU09159,"System Administrator",Cerrado,"2023-11-14 19:09:14","2023-11-15 12:13:47","0311563614111_GU9159-REV__MTO_09-09-2022.PDF","0311563614111_GU9159-REV__MTO_09-09-2022.PDF","Revision (MTO)",NO,,,,,,,LO,2785,LO-002785,false,,,,,,false,2023-11-14,,,,,,,,,,,,
WO,4184,WO-4184,,,-,,,,SPA-ZA,6946,SPA-ZA06946,"System Administrator",Cerrado,"2024-01-18 17:38:16","2024-01-18 18:03:29",0609013524978_ZA6946.PDF,0609013524978_ZA6946.PDF,"Revision (MTO)",NO,,,,,,30.09.2024,LO,7638,LO-007638,false,,,,,,false,2024-01-18,,,,,,,,,,,,
WO,4441,WO-4441,SAR,74,SAR-000074,SPA-TF,6027,SPA-TF06027,,,,"Raul Granado escudero",Abierto,"2024-01-24 10:36:35","2024-01-24 10:50:07","Instalación de PCR LITE en caseta/recinto TOTEM","Instalación de PCR LITE en caseta/recinto TOTEM",Normal,NO,,,,,,,,,-,false,,,,,,false,2024-01-24,,,,,,,,,,,,
WO,4498,WO-4498,SAR,159,SAR-000159,SPA-IB,203,SPA-IB00203,,,,"Patricia  Valero palacios",Abierto,"2024-01-26 14:28:00","2024-01-26 14:28:00","CAMBIAR UN AA","CAMBIAR UN AA",Obsolescencia,NO,,,,,,,,,-,false,,,,,,false,2024-01-26,,,,,,,,,,,,
WO,3721,WO-3721,,,-,,,,SPA-AB,6005,SPA-AB06005,"System Administrator",Cerrado,"2023-11-14 19:12:47","2023-11-15 12:17:46","2709400418473_AB6005_-_REV_MTO_07-09-2022.PDF","2709400418473_AB6005_-_REV_MTO_07-09-2022.PDF","Revision (MTO)",NO,,,,,,,LO,42,LO-000042,false,,,,,,false,2023-11-14,,,,,,,,,,,,
WO,3235,WO-3235,,,-,,,,SPA-VA,2196,SPA-VA02196,"System Administrator",Cerrado,"2023-11-14 19:01:29","2023-11-15 12:13:54",0215351613769_VA2196.PDF,0215351613769_VA2196.PDF,"Revision (MTO)",NO,,,,,,,LO,7045,LO-007045,false,,,,,,false,2023-11-14,,,,,,,,,,,,
WO,3897,WO-3897,,,-,,,,SPA-LE,1541,SPA-LE01541,"System Administrator",Cerrado,"2024-01-18 17:31:17","2024-01-18 18:00:32","191351518895_LE1541-_CON_DEFECTOS.PDF","191351518895_LE1541-_CON_DEFECTOS.PDF","Revision (MTO)",NO,,,,,,,LO,3445,LO-003445,false,,,,,,false,2024-01-18,,,,,,,,,,,,
WO,2545,WO-2545,,,-,,,,SPA-LU,7590,SPA-LU07590,"System Administrator",Cerrado,"2023-11-14 18:45:43","2023-11-15 12:21:43","2112311213037_LU7590-REVISION__MTO_-22-04-2020.PDF","2112311213037_LU7590-REVISION__MTO_-22-04-2020.PDF","Revision (MTO)",NO,,,,,,,LO,3601,LO-003601,false,,,,,,false,2023-11-14,,,,,,,,,,,,
WO,3977,WO-3977,,,-,,,,SPA-CS,41,SPA-CS00041,"System Administrator",Cerrado,"2024-01-18 17:33:15","2024-01-18 18:01:21","2517302114736_CS0041_INFORME_REVISION_ALMAZORA_2023.PDF","2517302114736_CS0041_INFORME_REVISION_ALMAZORA_2023.PDF","Revision (MTO)",NO,,,,,,02.05.2024,LO,1851,LO-001851,false,,,,,,false,2024-01-18,,,,,,,,,,,,
WO,2856,WO-2856,,,-,,,,SPA-CS,40,SPA-CS00040,"System Administrator",Cerrado,"2023-11-14 18:52:52","2023-11-15 12:23:42","131935375298_CS0040_INFORME_REVISION_TORREBLANCA_2021.PDF","131935375298_CS0040_INFORME_REVISION_TORREBLANCA_2021.PDF","Revision (MTO)",NO,,,,,,,LO,1850,LO-001850,false,,,,,,false,2023-11-14,,,,,,,,,,,,
WO,2789,WO-2789,,,-,,,,SPA-SG,9202,SPA-SG09202,"System Administrator",Cerrado,"2023-11-14 18:51:16","2023-11-15 12:05:31","2112342710998_SG9202-INSPECCION__OCA_-18-09-2020.PDF","2112342710998_SG9202-INSPECCION__OCA_-18-09-2020.PDF","Inspecciones (OCA)",NO,,,,,,18.09.2023,LO,6068,LO-006068,false,,,,,,false,2023-11-14,,,,,,,,,,,,
WO,3426,WO-3426,,,-,,,,SPA-GU,9162,SPA-GU09162,"System Administrator",Cerrado,"2023-11-14 19:05:53","2023-11-15 12:09:50","271103407450_GU9162-TOTEM.PDF","271103407450_GU9162-TOTEM.PDF","Revision (MTO)",NO,,,,,,,LO,2787,LO-002787,false,,,,,,false,2023-11-14,,,,,,,,,,,,
WO,3688,WO-3688,,,-,,,,SPA-ZX,1024,SPA-ZX01024,"System Administrator",Cerrado,"2023-11-14 19:12:00","2023-11-15 12:15:15","2208363023925_ZX0913_-_AT-Z-018-22_-_ZARAGOZA_-_OCA.PDF","2208363023925_ZX0913_-_AT-Z-018-22_-_ZARAGOZA_-_OCA.PDF","Revision (MTO)",NO,,,,,,,LO,7816,LO-007816,false,,,,,,false,2023-11-14,,,,,,,,,,,,
WO,4525,WO-4525,SAR,185,SAR-000185,SPA-IB,9114,SPA-IB09114,,,,"DNO acceso OSP",Abierto,"2024-01-29 07:17:26","2024-01-29 07:56:05","443176  //  IB9114","PTN // CSG_IB9114RT1_SWAP_DWO // ACCEDER A SALA UNICA // REPLANTEO",Auditoría,NO,,,,,,,,,-,false,,,,,,false,2024-01-29,,,,,,,,,,,,
WO,2175,WO-2175,,,-,,,,SPA-BU,4154,SPA-BU04154,"System Administrator",Cerrado,"2023-11-14 18:36:56","2023-11-15 12:14:26","211230278681_BU4154-REVISION__MTO_-08-08-2019.PDF","211230278681_BU4154-REVISION__MTO_-08-08-2019.PDF","Revision (MTO)",NO,,,,,,,LO,663,LO-000663,false,,,,,,false,2023-11-14,,,,,,,,,,,,
WO,3609,WO-3609,,,-,,,,SPA-JX,8020,SPA-JX08020,"System Administrator",Cerrado,"2023-11-14 19:10:06","2023-11-15 12:06:29","1211004422063_JX8005-REVISION__MTO_-30-08-2022.PDF","1211004422063_JX8005-REVISION__MTO_-30-08-2022.PDF","Revision (MTO)",NO,,,,,,,LO,3311,LO-003311,false,,,,,,false,2023-11-14,,,,,,,,,,,,
WO,2547,WO-2547,,,-,,,,SPA-LU,7890,SPA-LU07890,"System Administrator",Cerrado,"2023-11-14 18:45:46","2023-11-15 12:21:49","211231129905_LU7890-REVISION__MTO_-22-04-2020.PDF","211231129905_LU7890-REVISION__MTO_-22-04-2020.PDF","Revision (MTO)",NO,,,,,,,LO,3622,LO-003622,false,,,,,,false,2023-11-14,,,,,,,,,,,,
WO,2127,WO-2127,,,-,,,,SPA-AV,8929,SPA-AV08929,"System Administrator",Cerrado,"2023-11-14 18:35:47","2023-11-15 12:17:04","2112302410508_AV8929-REVISION__MTO_-08-08-2019.PDF","2112302410508_AV8929-REVISION__MTO_-08-08-2019.PDF","Revision (MTO)",NO,,,,,,,LO,217,LO-000217,false,,,,,,false,2023-11-14,,,,,,,,,,,,
WO,2409,WO-2409,,,-,,,,SPA-CU,8335,SPA-CU08335,"System Administrator",Cerrado,"2023-11-14 18:42:30","2023-11-15 12:10:47","2112305212686_CU8335-REVISION__MTO_-12-03-2019.PDF","2112305212686_CU8335-REVISION__MTO_-12-03-2019.PDF","Revision (MTO)",NO,,,,,,,LO,1988,LO-001988,false,,,,,,false,2023-11-14,,,,,,,,,,,,
WO,1980,WO-1980,,,-,,,,SPA-VX,305,SPA-VX00305,"System Administrator",Cerrado,"2023-11-14 18:32:13","2023-11-15 12:08:36","2711145629634_460_AT_0045_21-1__VX0305.PDF","2711145629634_460_AT_0045_21-1__VX0305.PDF","Inspecciones (OCA)",NO,,,,,,20.04.2024,LO,7329,LO-007329,false,,,,,,false,2023-11-14,,,,,,,,,,,,
WO,4533,WO-4533,SAR,192,SAR-000192,SPA-MX,389,SPA-MX00389,,,,"DNO acceso OSP",Abierto,"2024-01-29 09:22:35","2024-01-29 09:26:19","443253   MX0389","MEDIDAS REFLECTOMETRICAS DE LA 2ª RUTA FO PARA EL MAD3970","Revision (MTO)",NO,,,,,,,,,-,false,,,,,,false,2024-01-29,,,,,,,,,,,,
WO,2836,WO-2836,,,-,,,,SPA-CU,8510,SPA-CU08510,"System Administrator",Cerrado,"2023-11-14 18:52:23","2023-11-15 12:15:53","2112343221693_CU8510-INSPECCION__OCA_-21-03-2018.PDF","2112343221693_CU8510-INSPECCION__OCA_-21-03-2018.PDF","Inspecciones (OCA)",NO,,,,,,21.03.2021,LO,2027,LO-002027,false,,,,,,false,2023-11-14,,,,,,,,,,,,
WO,3830,WO-3830,,,-,,,,SPA-CO,6821,SPA-CO06821,"System Administrator",Cerrado,"2024-01-18 17:29:37","2024-01-18 17:59:49","1009233216429_CO6821-REVISION__MTO_-07-08-2023.PDF","1009233216429_CO6821-REVISION__MTO_-07-08-2023.PDF","Revision (MTO)",NO,,,,,,,LO,1606,LO-001606,false,,,,,,false,2024-01-18,,,,,,,,,,,,
WO,4149,WO-4149,,,-,,,,SPA-VI,8812,SPA-VI08812,"System Administrator",Cerrado,"2024-01-18 17:37:26","2024-01-18 18:03:08","111014554360_VI8812-REV_MTO_24_08_23.PDF","111014554360_VI8812-REV_MTO_24_08_23.PDF","Revision (MTO)",NO,,,,,,28.04.2024,LO,7189,LO-007189,false,,,,,,false,2024-01-18,,,,,,,,,,,,
WO,2788,WO-2788,,,-,,,,SPA-SG,9154,SPA-SG09154,"System Administrator",Cerrado,"2023-11-14 18:51:15","2023-11-15 12:06:42","2112342713377_SG9154-INSPECCION__OCA_-18-09-2020.PDF","2112342713377_SG9154-INSPECCION__OCA_-18-09-2020.PDF","Inspecciones (OCA)",NO,,,,,,18.09.2023,LO,6053,LO-006053,false,,,,,,false,2023-11-14,,,,,,,,,,,,
WO,3057,WO-3057,,,-,,,,,,,"System Administrator",Cerrado,"2023-11-14 18:57:26","2023-11-15 12:16:39","041204393902_LE1742-REVISION__MTO_-24062015.PDF","041204393902_LE1742-REVISION__MTO_-24062015.PDF","Revision (MTO)",NO,,,,,,,,,-,false,,,,,,false,2023-11-14,,,,,,,,,,,,
WO,4566,WO-4566,SAR,224,SAR-000224,SPA-VX,68,SPA-VX00068,,,,"DNO acceso OSP",Abierto,"2024-01-29 12:53:41","2024-01-29 13:20:04","443255  //  VX0068","MEDIDAS DE INTERFERENCIAS EN INSTALACIONES ORANGE. NO SE ACCEDERA A NINGUNA SALA ESPECIFICA, SOLAMENTE A ANTENAS Y EQUIPOS DE TELECOMUNICACIONES",Auditoría,NO,,,,,,,,,-,false,,,,,,false,2024-01-29,,,,,,,,,,,,
WO,3411,WO-3411,,,-,,,,SPA-CU,8541,SPA-CU08541,"System Administrator",Cerrado,"2023-11-14 19:05:32","2023-11-15 12:08:08","2610415526245_CU8541-TOTEM.PDF","2610415526245_CU8541-TOTEM.PDF","Revision (MTO)",NO,,,,,,,LO,2041,LO-002041,false,,,,,,false,2023-11-14,,,,,,,,,,,,
WO,1992,WO-1992,,,-,,,,SPA-SA,5736,SPA-SA05736,"System Administrator",Cerrado,"2023-11-14 18:32:33","2023-11-15 12:16:07","2112300127008_SA5736-INSPECCION__OCA_-11-11-2019.PDF","2112300127008_SA5736-INSPECCION__OCA_-11-11-2019.PDF","Inspecciones (OCA)",NO,,,,,,12.11.2022,LO,5705,LO-005705,false,,,,,,false,2023-11-14,,,,,,,,,,,,
WO,2387,WO-2387,,,-,,,,SPA-CR,3300,SPA-CR03300,"System Administrator",Cerrado,"2023-11-14 18:41:58","2023-11-15 12:20:42","2112305021911_CR3300-REVISION__MTO_-11-02-2019.PDF","2112305021911_CR3300-REVISION__MTO_-11-02-2019.PDF","Revision (MTO)",NO,,,,,,,LO,1782,LO-001782,false,,,,,,false,2023-11-14,,,,,,,,,,,,
WO,3849,WO-3849,,,-,,,,SPA-HX,9654,SPA-HX09654,"System Administrator",Cerrado,"2024-01-18 17:30:05","2024-01-18 18:00:01","1710034114889_HX9654-REVISION__MTO_-03-08-2023.PDF","1710034114889_HX9654-REVISION__MTO_-03-08-2023.PDF","Revision (MTO)",NO,,,,,,,LO,2969,LO-002969,false,,,,,,false,2024-01-18,,,,,,,,,,,,
WO,3512,WO-3512,,,-,,,,SPA-LU,7590,SPA-LU07590,"System Administrator",Cerrado,"2023-11-14 19:07:52","2023-11-15 12:11:46",0410233224684_LU7590.PDF,0410233224684_LU7590.PDF,"Revision (MTO)",NO,,,,,,,LO,3601,LO-003601,false,,,,,,false,2023-11-14,,,,,,,,,,,,
WO,3243,WO-3243,,,-,,,,SPA-IB,417,SPA-IB00417,"System Administrator",Cerrado,"2023-11-14 19:01:40","2023-11-15 12:16:32","1311122032290_ACTAINSPECCION_07-07-F28-2-078796_AT-07-S000362.PDF","1311122032290_ACTAINSPECCION_07-07-F28-2-078796_AT-07-S000362.PDF","Inspecciones (OCA)",NO,,,,,,17.03.2024,LO,3215,LO-003215,false,,,,,,false,2023-11-14,,,,,,,,,,,,
WO,3113,WO-3113,,,-,,,,SPA-CU,8532,SPA-CU08532,"System Administrator",Cerrado,"2023-11-14 18:58:37","2023-11-15 12:07:37",091544265212_CU8532.PDF,091544265212_CU8532.PDF,"Inspecciones (OCA)",NO,,,,,,29.07.2024,LO,2038,LO-002038,false,,,,,,false,2023-11-14,,,,,,,,,,,,
WO,4517,WO-4517,,,-,,,,,,,"Begoña Pardo Ruiz",Abierto,"2024-01-27 13:38:47","2024-01-27 13:38:47",SUPERVISION,"Necesitarán supervisión del NOC todos los trabajos en sistemas de climatización y en energía AC o DC que supongan corte de suministro o riesgo de corte a clientes",Urgente,SI,"2024-01-26 00:00:00","2024-02-09 00:00:00",,,,,,,-,false,,,,,,false,2024-01-27,,,,,,,,,,,,
WO,3175,WO-3175,,,-,,,,SPA-GU,9146,SPA-GU09146,"System Administrator",Cerrado,"2023-11-14 19:00:04","2023-11-15 12:22:19",251313581963_GU9146.PDF,251313581963_GU9146.PDF,"Inspecciones (OCA)",NO,,,,,,15.07.2024,LO,2778,LO-002778,false,,,,,,false,2023-11-14,,,,,,,,,,,,
WO,2316,WO-2316,,,-,,,,SPA-HX,9470,SPA-HX09470,"System Administrator",Cerrado,"2023-11-14 18:40:18","2023-11-15 12:21:11","2112304430591_HX9470-REVISION__MTO_-04-03-2020.PDF","2112304430591_HX9470-REVISION__MTO_-04-03-2020.PDF","Revision (MTO)",NO,,,,,,,LO,2930,LO-002930,false,,,,,,false,2023-11-14,,,,,,,,,,,,
WO,3079,WO-3079,,,-,,,,SPA-SA,5750,SPA-SA05750,"System Administrator",Cerrado,"2023-11-14 18:57:51","2023-11-15 12:09:15","281258027450_SA5750-CON_DEFECTOS.PDF","281258027450_SA5750-CON_DEFECTOS.PDF","Revision (MTO)",NO,,,,,,,LO,5706,LO-005706,false,,,,,,false,2023-11-14,,,,,,,,,,,,
WO,2636,WO-2636,,,-,,,,SPA-BU,4178,SPA-BU04178,"System Administrator",Cerrado,"2023-11-14 18:47:47","2023-11-15 12:15:26","2112312028411_BU4178-INSPECCION__OCA_-07-10-2020.PDF","2112312028411_BU4178-INSPECCION__OCA_-07-10-2020.PDF","Inspecciones (OCA)",NO,,,,,,07.10.2023,LO,677,LO-000677,false,,,,,,false,2023-11-14,,,,,,,,,,,,
WO,4013,WO-4013,,,-,,,,SPA-SG,9541,SPA-SG09541,"System Administrator",Cerrado,"2024-01-18 17:34:07","2024-01-18 18:01:43",2712142311667_SG9541.PDF,2712142311667_SG9541.PDF,"Revision (MTO)",NO,,,,,,07.10.2024,LO,6083,LO-006083,false,,,,,,false,2024-01-18,,,,,,,,,,,,
WO,2739,WO-2739,,,-,,,,SPA-HX,9474,SPA-HX09474,"System Administrator",Cerrado,"2023-11-14 18:50:06","2023-11-15 12:18:40","2112312714504_HX9474-INSPECCION__OCA_-17-12-2020.PDF","2112312714504_HX9474-INSPECCION__OCA_-17-12-2020.PDF","Inspecciones (OCA)",NO,,,,,,17.12.2023,LO,2931,LO-002931,false,,,,,,false,2023-11-14,,,,,,,,,,,,
WO,4076,WO-4076,,,-,,,,SPA-TO,411,SPA-TO00411,"System Administrator",Cerrado,"2024-01-18 17:35:39","2024-01-18 18:02:22","010713564972_TO0411-REV_MAT_21_06_23.PDF","010713564972_TO0411-REV_MAT_21_06_23.PDF","Revision (MTO)",NO,,,,,,21.06.2024,LO,6717,LO-006717,false,,,,,,false,2024-01-18,,,,,,,,,,,,
WO,2860,WO-2860,,,-,,,,SPA-AX,6398,SPA-AX06398,"System Administrator",Cerrado,"2023-11-14 18:52:57","2023-11-15 12:13:03","1319273622825_AX6398_INFORME_MANTENIMIENTO_VILLAJOYOSA_A_7__2021.PDF","1319273622825_AX6398_INFORME_MANTENIMIENTO_VILLAJOYOSA_A_7__2021.PDF","Revision (MTO)",NO,,,,,,,LO,358,LO-000358,false,,,,,,false,2023-11-14,,,,,,,,,,,,
WO,4070,WO-4070,,,-,,,,SPA-TO,111,SPA-TO00111,"System Administrator",Cerrado,"2024-01-18 17:35:31","2024-01-18 18:02:19","3112324225901_TO0111-REV_MAT__20_06_23.PDF","3112324225901_TO0111-REV_MAT__20_06_23.PDF","Revision (MTO)",NO,,,,,,20.06.2024,LO,6677,LO-006677,false,,,,,,false,2024-01-18,,,,,,,,,,,,
WO,3295,WO-3295,,,-,,,,SPA-AV,8501,SPA-AV08501,"System Administrator",Cerrado,"2023-11-14 19:02:52","2023-11-15 12:10:07","0813071824891_AV8501-INSPECCION___OCA__-25082014.PDF","0813071824891_AV8501-INSPECCION___OCA__-25082014.PDF","Inspecciones (OCA)",NO,,,,,,25.08.2017,LO,169,LO-000169,false,,,,,,false,2023-11-14,,,,,,,,,,,,
WO,2295,WO-2295,,,-,,,,SPA-LE,1621,SPA-LE01621,"System Administrator",Cerrado,"2023-11-14 18:39:47","2023-11-15 12:23:19","2112304318588_LE1621-REVISION__MTO_-10-06-2019.PDF","2112304318588_LE1621-REVISION__MTO_-10-06-2019.PDF","Revision (MTO)",NO,,,,,,,LO,3454,LO-003454,false,,,,,,false,2023-11-14,,,,,,,,,,,,
WO,1952,WO-1952,,,-,,,,SPA-CS,36,SPA-CS00036,"System Administrator",Cerrado,"2023-11-14 18:31:31","2023-11-15 12:20:05","151200158088_CS0036_LA_LLOSA__2_OCA_2021.PDF","151200158088_CS0036_LA_LLOSA__2_OCA_2021.PDF","Inspecciones (OCA)",NO,,,,,,23.04.2024,LO,1847,LO-001847,false,,,,,,false,2023-11-14,,,,,,,,,,,,
WO,2975,WO-2975,,,-,,,,SPA-VI,8710,SPA-VI08710,"System Administrator",Cerrado,"2023-11-14 18:55:37","2023-11-15 12:16:25",0810543015251_VI8710.PDF,0810543015251_VI8710.PDF,"Inspecciones (OCA)",NO,,,,,,14.06.2024,LO,7164,LO-007164,false,,,,,,false,2023-11-14,,,,,,,,,,,,
WO,2964,WO-2964,,,-,,,,SPA-HX,9470,SPA-HX09470,"System Administrator",Cerrado,"2023-11-14 18:55:22","2023-11-15 12:24:45","2213034829213_REVISION_ANUAL_CT_HX9470_2021.PDF","2213034829213_REVISION_ANUAL_CT_HX9470_2021.PDF","Revision (MTO)",NO,,,,,,,LO,2930,LO-002930,false,,,,,,false,2023-11-14,,,,,,,,,,,,
WO,4279,WO-4279,,,-,,,,SPA-SG,9220,SPA-SG09220,"System Administrator",Cerrado,"2024-01-18 17:40:25","2024-01-18 18:04:27",2712120722445_SG9220.PDF,2712120722445_SG9220.PDF,"Inspecciones (OCA)",NO,,,,,,,LO,6070,LO-006070,false,,,,,,false,2024-01-18,,,,,,,,,,,,
WO,2104,WO-2104,,,-,,,,SPA-CX,3053,SPA-CX03053,"System Administrator",Cerrado,"2023-11-14 18:35:12","2023-11-15 12:22:55","2112302013713_CX3053-REVISION__MTO_-13-05-2019.PDF","2112302013713_CX3053-REVISION__MTO_-13-05-2019.PDF","Revision (MTO)",NO,,,,,,,LO,2276,LO-002276,false,,,,,,false,2023-11-14,,,,,,,,,,,,
WO,2207,WO-2207,,,-,,,,SPA-SG,9541,SPA-SG09541,"System Administrator",Cerrado,"2023-11-14 18:37:43","2023-11-15 12:05:13","2112303312998_SG9541-REVISION__MTO_-08-08-2019.PDF","2112303312998_SG9541-REVISION__MTO_-08-08-2019.PDF","Revision (MTO)",NO,,,,,,,LO,6083,LO-006083,false,,,,,,false,2023-11-14,,,,,,,,,,,,
WO,3819,WO-3819,,,-,,,,SPA-ZX,621,SPA-ZX00621,"System Administrator",Cerrado,"2024-01-18 17:29:20","2024-01-18 17:59:42","241249404771_ZX0621_-_REV_MTO_05-07-2022.PDF","241249404771_ZX0621_-_REV_MTO_05-07-2022.PDF","Revision (MTO)",NO,,,,,,,LO,7800,LO-007800,false,,,,,,false,2024-01-18,,,,,,,,,,,,
WO,3988,WO-3988,,,-,,,,SPA-VX,858,SPA-VX00858,"System Administrator",Cerrado,"2024-01-18 17:33:32","2024-01-18 18:01:28","2518123610241_VX0858_PICASSENT_INFORME_REVISION_2023.PDF","2518123610241_VX0858_PICASSENT_INFORME_REVISION_2023.PDF","Revision (MTO)",NO,,,,,,03.05.2024,LO,7382,LO-007382,false,,,,,,false,2024-01-18,,,,,,,,,,,,
WO,3624,WO-3624,,,-,,,,SPA-ZX,586,SPA-ZX00586,"System Administrator",Cerrado,"2023-11-14 19:10:26","2023-11-15 12:21:38","1211330015596_ZX0586_-_AT-Z-05-22_NUEVALOS_-_OCA.PDF","1211330015596_ZX0586_-_AT-Z-05-22_NUEVALOS_-_OCA.PDF","Inspecciones (OCA)",NO,,,,,,04.07.2025,LO,7795,LO-007795,false,,,,,,false,2023-11-14,,,,,,,,,,,,
WO,3153,WO-3153,,,-,,,,SPA-AB,6028,SPA-AB06028,"System Administrator",Cerrado,"2023-11-14 18:59:32","2023-11-15 12:14:44","1613140315436_AB6028_TARAZONA__PODA_LINEA_MT.PDF","1613140315436_AB6028_TARAZONA__PODA_LINEA_MT.PDF","Revision (MTO)",NO,,,,,,,LO,51,LO-000051,false,,,,,,false,2023-11-14,,,,,,,,,,,,
WO,2606,WO-2606,,,-,,,,SPA-AV,8872,SPA-AV08872,"System Administrator",Cerrado,"2023-11-14 18:47:06","2023-11-15 12:18:23","2112311712927_AV8872-INSPECCION__OCA_-08-10-2020.PDF","2112311712927_AV8872-INSPECCION__OCA_-08-10-2020.PDF","Inspecciones (OCA)",NO,,,,,,08.10.2023,LO,210,LO-000210,false,,,,,,false,2023-11-14,,,,,,,,,,,,
WO,2505,WO-2505,,,-,,,,SPA-VX,29,SPA-VX00029,"System Administrator",Cerrado,"2023-11-14 18:44:50","2023-11-15 12:09:05","2112310523743_VX0029-REVISION__MTO_-16-06-2020.DOC","2112310523743_VX0029-REVISION__MTO_-16-06-2020.DOC","Revision (MTO)",NO,,,,,,,LO,7221,LO-007221,false,,,,,,false,2023-11-14,,,,,,,,,,,,
WO,2988,WO-2988,,,-,,,,SPA-CO,7122,SPA-CO07122,"System Administrator",Cerrado,"2023-11-14 18:55:56","2023-11-15 12:15:30","2211062225833_REVISION_VISUAL_CT_CO7122_2021.PDF","2211062225833_REVISION_VISUAL_CT_CO7122_2021.PDF","Revision (MTO)",NO,,,,,,,LO,1636,LO-001636,false,,,,,,false,2023-11-14,,,,,,,,,,,,
WO,4379,WO-4379,,,-,,,,SPA-TO,503,SPA-TO00503,"System Administrator",Cerrado,"2024-01-18 17:42:39","2024-01-18 18:05:26","1908193823716_CERT_AT-TO-026-2_22_TOTEM_TO0503_ALAMEDA_DE_LA_SAGRA_CT.PDF","1908193823716_CERT_AT-TO-026-2_22_TOTEM_TO0503_ALAMEDA_DE_LA_SAGRA_CT.PDF","Inspecciones (OCA)",NO,,,,,,,LO,6719,LO-006719,false,,,,,,false,2024-01-18,,,,,,,,,,,,
WO,4469,WO-4469,SAR,119,SAR-000119,SPA-BX,102,SPA-BX00102,,,,"Ramon  Lopez fernandez",Abierto,"2024-01-26 09:00:24","2024-01-26 09:00:24","AVERIA RECUPERAR SERVICIO TELCO","AVERIA RECUPERAR SERVICIO TELCO",Urgente,SI,"2024-01-26 09:30:00","2024-01-26 18:00:56",,,,,,,-,false,,,,,,false,2024-01-26,,,,,,,,,,,,
WO,1900,WO-1900,,,-,,,,SPA-JX,7952,SPA-JX07952,"System Administrator",Cerrado,"2023-11-14 18:30:20","2023-11-15 12:12:53","2213130824158_OCA_CT_JX7952_2021.PDF","2213130824158_OCA_CT_JX7952_2021.PDF","Inspecciones (OCA)",NO,,,,,,11.11.2024,LO,3304,LO-003304,false,,,,,,false,2023-11-14,,,,,,,,,,,,
WO,4535,WO-4535,SAR,200,SAR-000200,SPA-GC,126,SPA-GC00126,,,,"Monica Del amo nolasco",Abierto,"2024-01-29 09:49:18","2024-01-30 10:50:11",Preventivo,"Realización Preventivo Anual PRESIN2024","Inspección Preventiva",NO,,,,,,,,,-,false,,,,,,false,2024-01-29,,,,,,,,,,,,
WO,2654,WO-2654,,,-,,,,SPA-BU,4156,SPA-BU04156,"System Administrator",Cerrado,"2023-11-14 18:48:11","2023-11-15 12:09:42","2112312121060_BU4156-REVISION__MTO_-20-07-2020.PDF","2112312121060_BU4156-REVISION__MTO_-20-07-2020.PDF","Revision (MTO)",NO,,,,,,,LO,665,LO-000665,false,,,,,,false,2023-11-14,,,,,,,,,,,,
WO,4123,WO-4123,,,-,,,,SPA-LE,1806,SPA-LE01806,"System Administrator",Cerrado,"2024-01-18 17:36:48","2024-01-18 18:02:51",0408493215125_LE1806.PDF,0408493215125_LE1806.PDF,"Revision (MTO)",NO,,,,,,25.09.2024,LO,3492,LO-003492,false,,,,,,false,2024-01-18,,,,,,,,,,,,
WO,4315,WO-4315,,,-,,,,SPA-BU,4333,SPA-BU04333,"System Administrator",Cerrado,"2024-01-18 17:41:13","2024-01-18 18:04:48",1708180322573_BU4333.PDF,1708180322573_BU4333.PDF,"Inspecciones (OCA)",NO,,,,,,,LO,740,LO-000740,false,,,,,,false,2024-01-18,,,,,,,,,,,,
WO,3870,WO-3870,,,-,,,,SPA-CR,3221,SPA-CR03221,"System Administrator",Cerrado,"2024-01-18 17:30:37","2024-01-18 18:00:15","1010400416480_CR3221-REV__MTO_19-10-2023_--_ANTENA_DESMANTELADA.PDF","1010400416480_CR3221-REV__MTO_19-10-2023_--_ANTENA_DESMANTELADA.PDF","Revision (MTO)",NO,,,,,,,LO,1777,LO-001777,false,,,,,,false,2024-01-18,,,,,,,,,,,,
WO,3427,WO-3427,,,-,,,,SPA-GU,9161,SPA-GU09161,"System Administrator",Cerrado,"2023-11-14 19:05:55","2023-11-15 12:15:37","2711050024350_GU9162-TOTEM.PDF","2711050024350_GU9162-TOTEM.PDF","Revision (MTO)",NO,,,,,,,LO,2786,LO-002786,false,,,,,,false,2023-11-14,,,,,,,,,,,,
WO,2629,WO-2629,,,-,,,,SPA-BU,4272,SPA-BU04272,"System Administrator",Cerrado,"2023-11-14 18:47:38","2023-11-15 12:15:13","21123119113_BU4272-REVISION__MTO_-20-07-2020.PDF","21123119113_BU4272-REVISION__MTO_-20-07-2020.PDF","Revision (MTO)",NO,,,,,,,LO,720,LO-000720,false,,,,,,false,2023-11-14,,,,,,,,,,,,
WO,3294,WO-3294,,,-,,,,SPA-CS,217,SPA-CS00217,"System Administrator",Cerrado,"2023-11-14 19:02:51","2023-11-15 12:23:55","0811094625764_CS0217-REVISION__MTO_-17-05-2019.DOC","0811094625764_CS0217-REVISION__MTO_-17-05-2019.DOC","Revision (MTO)",NO,,,,,,,LO,1918,LO-001918,false,,,,,,false,2023-11-14,,,,,,,,,,,,
WO,4203,WO-4203,,,-,,,,SPA-TO,1510,SPA-TO01510,"System Administrator",Cerrado,"2024-01-18 17:38:42","2024-01-18 18:03:40","0913314426140_TO1510_INSPECCION_2__VISITA_OCA-FAVORABLE.PDF","0913314426140_TO1510_INSPECCION_2__VISITA_OCA-FAVORABLE.PDF","Inspecciones (OCA)",NO,,,,,,,LO,6766,LO-006766,false,,,,,,false,2024-01-18,,,,,,,,,,,,
WO,2432,WO-2432,,,-,,,,SPA-GU,9159,SPA-GU09159,"System Administrator",Cerrado,"2023-11-14 18:43:04","2023-11-15 12:23:36","211230536459_GU9159-REVISION__MTO_-06-03-2019.PDF","211230536459_GU9159-REVISION__MTO_-06-03-2019.PDF","Revision (MTO)",NO,,,,,,,LO,2785,LO-002785,false,,,,,,false,2023-11-14,,,,,,,,,,,,
WO,4528,WO-4528,SAR,188,SAR-000188,SPA-BX,449,SPA-BX00449,,,,"DNO acceso OSP",Abierto,"2024-01-29 08:46:55","2024-01-29 09:03:09","443206  // BX0449","CPEREZ_NOKIA/SERVITEL _ TOMA DE DATOS PARA VANO ORANGE (LINEA DE VISTA). SE PIDEN LLAVE/S DE LA PROPIEDAD QUE HAY EN CUSTODIA ORANGE BARCELONA-GARCILASO.",Auditoría,NO,,,,,,,,,-,false,,,,,,false,2024-01-29,,,,,,,,,,,,
WO,3305,WO-3305,,,-,,,,SPA-ZA,6944,SPA-ZA06944,"System Administrator",Cerrado,"2023-11-14 19:03:07","2023-11-15 12:17:19","2108242915535_PARTE_INCIDENCIA.PDF","2108242915535_PARTE_INCIDENCIA.PDF","Revision (MTO)",NO,,,,,,,LO,7636,LO-007636,false,,,,,,false,2023-11-14,,,,,,,,,,,,
WO,4283,WO-4283,,,-,,,,SPA-SG,9403,SPA-SG09403,"System Administrator",Cerrado,"2024-01-18 17:40:31","2024-01-18 18:04:30",2712342323461_SG9403.PDF,2712342323461_SG9403.PDF,"Inspecciones (OCA)",NO,,,,,,,LO,6080,LO-006080,false,,,,,,false,2024-01-18,,,,,,,,,,,,
WO,2965,WO-2965,,,-,,,,SPA-HX,9432,SPA-HX09432,"System Administrator",Cerrado,"2023-11-14 18:55:23","2023-11-15 12:19:52","2213013712298_REVISION_ANUAL_CT_HX9432_2021.PDF","2213013712298_REVISION_ANUAL_CT_HX9432_2021.PDF","Revision (MTO)",NO,,,,,,,LO,2924,LO-002924,false,,,,,,false,2023-11-14,,,,,,,,,,,,
WO,3139,WO-3139,,,-,,,,SPA-SA,5914,SPA-SA05914,"System Administrator",Cerrado,"2023-11-14 18:59:12","2023-11-15 12:05:09","2110221014058_SA5914-CON_DEFECTOS.PDF","2110221014058_SA5914-CON_DEFECTOS.PDF","Revision (MTO)",NO,,,,,,,LO,5710,LO-005710,false,,,,,,false,2023-11-14,,,,,,,,,,,,
WO,2826,WO-2826,,,-,,,,SPA-VI,8747,SPA-VI08747,"System Administrator",Cerrado,"2023-11-14 18:52:09","2023-11-15 12:09:37","2112343022860_VI8747-REVISION__MTO_-19-01-2021.PDF","2112343022860_VI8747-REVISION__MTO_-19-01-2021.PDF","Revision (MTO)",NO,,,,,,,LO,7182,LO-007182,false,,,,,,false,2023-11-14,,,,,,,,,,,,
WO,2293,WO-2293,,,-,,,,SPA-JX,7952,SPA-JX07952,"System Administrator",Cerrado,"2023-11-14 18:39:44","2023-11-15 12:14:15","2112304216360_JX7952-INCIDENCIA-16-04-2020.PDF","2112304216360_JX7952-INCIDENCIA-16-04-2020.PDF","Revision (MTO)",NO,,,,,,,LO,3304,LO-003304,false,,,,,,false,2023-11-14,,,,,,,,,,,,
WO,3703,WO-3703,,,-,,,,SPA-AB,5901,SPA-AB05901,"System Administrator",Cerrado,"2023-11-14 19:12:22","2023-11-15 12:17:18","2709335223476_AB0027-REV_MTO_25-08-2022.PDF","2709335223476_AB0027-REV_MTO_25-08-2022.PDF","Revision (MTO)",NO,,,,,,,LO,27,LO-000027,false,,,,,,false,2023-11-14,,,,,,,,,,,,
WO,2403,WO-2403,,,-,,,,SPA-CU,8457,SPA-CU08457,"System Administrator",Cerrado,"2023-11-14 18:42:21","2023-11-15 12:23:01","2112305128262_CU8457-REVISION__MTO_-12-03-2019.PDF","2112305128262_CU8457-REVISION__MTO_-12-03-2019.PDF","Revision (MTO)",NO,,,,,,,LO,2003,LO-002003,false,,,,,,false,2023-11-14,,,,,,,,,,,,
WO,3959,WO-3959,,,-,,,,SPA-GU,9179,SPA-GU09179,"System Administrator",Cerrado,"2024-01-18 17:32:49","2024-01-18 18:01:10","1911133925161_GU9179-REV_MTO_27-03-2023.PDF","1911133925161_GU9179-REV_MTO_27-03-2023.PDF","Revision (MTO)",NO,,,,,,,LO,2795,LO-002795,false,,,,,,false,2024-01-18,,,,,,,,,,,,
WO,4523,WO-4523,SAR,183,SAR-000183,SPA-BX,2552,SPA-BX02552,,,,"DNO acceso OSP",Abierto,"2024-01-28 21:04:25","2024-01-28 21:17:12","443393  - BX2552","Certificación Radioeléctrica de antenas de telefonía. No se realizan trabajos de altura, tensión, obra, ni que conlleve riesgo a terceros.","Revision (MTO)",NO,,,,,,,,,-,false,,,,,,false,2024-01-28,,,,,,,,,,,,
WO,4289,WO-4289,,,-,,,,SPA-SO,9824,SPA-SO09824,"System Administrator",Cerrado,"2024-01-18 17:40:39","2024-01-18 18:04:33",300822092548_SO9824.PDF,300822092548_SO9824.PDF,"Inspecciones (OCA)",NO,,,,,,,LO,6142,LO-006142,false,,,,,,false,2024-01-18,,,,,,,,,,,,
WO,2456,WO-2456,,,-,,,,SPA-PO,6610,SPA-PO06610,"System Administrator",Cerrado,"2023-11-14 18:43:40","2023-11-15 12:06:40","211230564287_PO6610-REVISION__MTO_-04-06-2019.PDF","211230564287_PO6610-REVISION__MTO_-04-06-2019.PDF","Revision (MTO)",NO,,,,,,,LO,5596,LO-005596,false,,,,,,false,2023-11-14,,,,,,,,,,,,
WO,4043,WO-4043,,,-,,,,SPA-ZX,372,SPA-ZX00372,"System Administrator",Cerrado,"2024-01-18 17:34:51","2024-01-18 18:02:02","011131239622_ZX0372-REV_MTO_13_07_23.PDF","011131239622_ZX0372-REV_MTO_13_07_23.PDF","Revision (MTO)",NO,,,,,,13.07.2024,LO,7757,LO-007757,false,,,,,,false,2024-01-18,,,,,,,,,,,,
WO,2700,WO-2700,,,-,,,,SPA-PX,8032,SPA-PX08032,"System Administrator",Cerrado,"2023-11-14 18:49:13","2023-11-15 12:17:28","211231248160_PX8032-INSPECCION__OCA_-11-11-2020.PDF","211231248160_PX8032-INSPECCION__OCA_-11-11-2020.PDF","Inspecciones (OCA)",NO,,,,,,11.11.2023,LO,5648,LO-005648,false,,,,,,false,2023-11-14,,,,,,,,,,,,
WO,2611,WO-2611,,,-,,,,SPA-AV,8476,SPA-AV08476,"System Administrator",Cerrado,"2023-11-14 18:47:13","2023-11-15 12:14:23","211231172438_AV8476-INSPECCION__OCA_-08-10-2020.PDF","211231172438_AV8476-INSPECCION__OCA_-08-10-2020.PDF","Inspecciones (OCA)",NO,,,,,,08.10.2023,LO,159,LO-000159,false,,,,,,false,2023-11-14,,,,,,,,,,,,
WO,3321,WO-3321,,,-,,,,SPA-CO,7122,SPA-CO07122,"System Administrator",Cerrado,"2023-11-14 19:03:29","2023-11-15 12:24:50","081346572691_OCA_CT_CO7122_2022.PDF","081346572691_OCA_CT_CO7122_2022.PDF","Inspecciones (OCA)",NO,,,,,,11.03.2025,LO,1636,LO-001636,false,,,,,,false,2023-11-14,,,,,,,,,,,,
WO,2105,WO-2105,,,-,,,,SPA-BU,4361,SPA-BU04361,"System Administrator",Cerrado,"2023-11-14 18:35:14","2023-11-15 12:21:02","2112302020968_BU4361-REVISION__MTO_-11-08-2018.PDF","2112302020968_BU4361-REVISION__MTO_-11-08-2018.PDF","Revision (MTO)",NO,,,,,,,LO,748,LO-000748,false,,,,,,false,2023-11-14,,,,,,,,,,,,
WO,2152,WO-2152,,,-,,,,SPA-BU,4333,SPA-BU04333,"System Administrator",Cerrado,"2023-11-14 18:36:24","2023-11-15 12:22:22","2112302618762_BU4333-REVISION__MTO_-08-08-2019.PDF","2112302618762_BU4333-REVISION__MTO_-08-08-2019.PDF","Revision (MTO)",NO,,,,,,,LO,740,LO-000740,false,,,,,,false,2023-11-14,,,,,,,,,,,,
WO,4572,WO-4572,SAR,229,SAR-000229,SPA-BX,588,SPA-BX00588,,,,"Neus Crespo barbera",Abierto,"2024-01-29 13:21:00","2024-01-29 13:21:06","Revisión equipos","Revisión equipos por avería",Urgente,NO,,,,,2401A75723,,,,-,false,,,,,,false,2024-01-29,,,,,,,,,,,,
WO,3227,WO-3227,,,-,,,,SPA-VA,2249,SPA-VA02249,"System Administrator",Cerrado,"2023-11-14 19:01:18","2023-11-15 12:11:17",021304312217_VA2249.PDF,021304312217_VA2249.PDF,"Revision (MTO)",NO,,,,,,,LO,7077,LO-007077,false,,,,,,false,2023-11-14,,,,,,,,,,,,
WO,4210,WO-4210,,,-,,,,SPA-TO,55,SPA-TO00055,"System Administrator",Cerrado,"2024-01-18 17:38:51","2024-01-18 18:03:45","0408465615196_CERT_AT-TO-023-2_22_TOTEM_TO0055_ESCALONA_CT.PDF","0408465615196_CERT_AT-TO-023-2_22_TOTEM_TO0055_ESCALONA_CT.PDF","Inspecciones (OCA)",NO,,,,,,,LO,6654,LO-006654,false,,,,,,false,2024-01-18,,,,,,,,,,,,
WO,2661,WO-2661,,,-,,,,SPA-BU,4138,SPA-BU04138,"System Administrator",Cerrado,"2023-11-14 18:48:20","2023-11-15 12:22:10","211231216266_BU4138-INSPECCION__OCA_-14-10-2020.PDF","211231216266_BU4138-INSPECCION__OCA_-14-10-2020.PDF","Inspecciones (OCA)",NO,,,,,,14.10.2023,LO,651,LO-000651,false,,,,,,false,2023-11-14,,,,,,,,,,,,
WO,2106,WO-2106,,,-,,,,SPA-BU,4313,SPA-BU04313,"System Administrator",Cerrado,"2023-11-14 18:35:15","2023-11-15 12:09:06","211230203251_BU4313-REVISION__MTO_-11-08-2018.PDF","211230203251_BU4313-REVISION__MTO_-11-08-2018.PDF","Revision (MTO)",NO,,,,,,,LO,737,LO-000737,false,,,,,,false,2023-11-14,,,,,,,,,,,,
WO,3120,WO-3120,,,-,,,,SPA-CR,3025,SPA-CR03025,"System Administrator",Cerrado,"2023-11-14 18:58:46","2023-11-15 12:11:02",1109125127309_CR3025.PDF,1109125127309_CR3025.PDF,"Inspecciones (OCA)",NO,,,,,,26.07.2024,LO,1708,LO-001708,false,,,,,,false,2023-11-14,,,,,,,,,,,,
WO,2473,WO-2473,,,-,,,,SPA-AB,6028,SPA-AB06028,"System Administrator",Cerrado,"2023-11-14 18:44:05","2023-11-15 12:15:56","2112310010393_AB6028-REVISION__MTO_-23-04-2020.DOC","2112310010393_AB6028-REVISION__MTO_-23-04-2020.DOC","Revision (MTO)",NO,,,,,,,LO,51,LO-000051,false,,,,,,false,2023-11-14,,,,,,,,,,,,
WO,3195,WO-3195,,,-,,,,SPA-HX,9654,SPA-HX09654,"System Administrator",Cerrado,"2023-11-14 19:00:33","2023-11-15 12:23:17","0715133220608_HX9654-INSPECCION__OCA_-20-10-2022_LAT_FAVORABLE.PDF","0715133220608_HX9654-INSPECCION__OCA_-20-10-2022_LAT_FAVORABLE.PDF","Inspecciones (OCA)",NO,,,,,,17.10.2025,LO,2969,LO-002969,false,,,,,,false,2023-11-14,,,,,,,,,,,,
WO,3078,WO-3078,,,-,,,,SPA-SA,5750,SPA-SA05750,"System Administrator",Cerrado,"2023-11-14 18:57:49","2023-11-15 12:09:39","2812590123840_SA5750-DESFAVORABLE.PDF","2812590123840_SA5750-DESFAVORABLE.PDF","Inspecciones (OCA)",NO,,,,,,09.11.2025,LO,5706,LO-005706,false,,,,,,false,2023-11-14,,,,,,,,,,,,
WO,3731,WO-3731,,,-,,,,SPA-AB,6420,SPA-AB06420,"System Administrator",Cerrado,"2023-11-14 19:13:01","2023-11-15 12:08:07","271006373054_AB6420-REV_MTO_26-08-2022.PDF","271006373054_AB6420-REV_MTO_26-08-2022.PDF","Revision (MTO)",NO,,,,,,,LO,86,LO-000086,false,,,,,,false,2023-11-14,,,,,,,,,,,,
WO,2491,WO-2491,,,-,,,,SPA-CS,41,SPA-CS00041,"System Administrator",Cerrado,"2023-11-14 18:44:30","2023-11-15 12:13:53","2112310416704_CS0041-REVISION__MTO_-02-06-2020.DOC","2112310416704_CS0041-REVISION__MTO_-02-06-2020.DOC","Revision (MTO)",NO,,,,,,,LO,1851,LO-001851,false,,,,,,false,2023-11-14,,,,,,,,,,,,
WO,4218,WO-4218,,,-,,,,SPA-TO,546,SPA-TO00546,"System Administrator",Cerrado,"2024-01-18 17:39:02","2024-01-18 18:03:50","0409173712135_CERT_AT-TO-011-2_22_TOTEM_TO0546_EL_ROMERAL_CT.PDF","0409173712135_CERT_AT-TO-011-2_22_TOTEM_TO0546_EL_ROMERAL_CT.PDF","Inspecciones (OCA)",NO,,,,,,,LO,6746,LO-006746,false,,,,,,false,2024-01-18,,,,,,,,,,,,
WO,3377,WO-3377,,,-,,,,SPA-TO,19,SPA-TO00019,"System Administrator",Cerrado,"2023-11-14 19:04:45","2023-11-15 12:10:17","191400253053_TO0019-TOTEM.PDF","191400253053_TO0019-TOTEM.PDF","Revision (MTO)",NO,,,,,,,LO,6638,LO-006638,false,,,,,,false,2023-11-14,,,,,,,,,,,,
WO,4520,WO-4520,,,-,,,,,,,"Begoña Pardo Ruiz",Abierto,"2024-01-28 08:50:43","2024-01-28 08:50:43",SUPERVISION,"Necesitarán supervisión del NOC todos los trabajos en sistemas de climatización y en energía AC o DC que supongan corte de suministro o riesgo de corte a clientes",Urgente,SI,,,,,,,,,-,false,,,,,,false,2024-01-28,,,,,,,,,,,,
WO,2847,WO-2847,,,-,,,,SPA-VX,74,SPA-VX00074,"System Administrator",Cerrado,"2023-11-14 18:52:39","2023-11-15 12:19:17","1319454427706_VX0074_INFORME_REVISION_CASTELLO_DE_RUGAT_2021.PDF","1319454427706_VX0074_INFORME_REVISION_CASTELLO_DE_RUGAT_2021.PDF","Revision (MTO)",NO,,,,,,,LO,7254,LO-007254,false,,,,,,false,2023-11-14,,,,,,,,,,,,
WO,3510,WO-3510,,,-,,,,SPA-LU,7890,SPA-LU07890,"System Administrator",Cerrado,"2023-11-14 19:07:49","2023-11-15 12:10:45",0410212921958_LU7890.PDF,0410212921958_LU7890.PDF,"Revision (MTO)",NO,,,,,,,LO,3622,LO-003622,false,,,,,,false,2023-11-14,,,,,,,,,,,,
WO,3641,WO-3641,,,-,,,,SPA-HX,9421,SPA-HX09421,"System Administrator",Cerrado,"2023-11-14 19:10:49","2023-11-15 12:18:14","150909508310_HX9421-REVISION__MTO_-02-09-2022.PDF","150909508310_HX9421-REVISION__MTO_-02-09-2022.PDF","Revision (MTO)",NO,,,,,,,LO,2920,LO-002920,false,,,,,,false,2023-11-14,,,,,,,,,,,,
WO,2878,WO-2878,,,-,,,,SPA-AV,8504,SPA-AV08504,"System Administrator",Cerrado,"2023-11-14 18:53:23","2023-11-15 12:24:50",231327379215_AV8504.PDF,231327379215_AV8504.PDF,"Revision (MTO)",NO,,,,,,,LO,172,LO-000172,false,,,,,,false,2023-11-14,,,,,,,,,,,,
WO,2459,WO-2459,,,-,,,,SPA-PO,6127,SPA-PO06127,"System Administrator",Cerrado,"2023-11-14 18:43:44","2023-11-15 12:09:51","2112305724979_PO6127-REVISION__MTO_-04-06-2019.PDF","2112305724979_PO6127-REVISION__MTO_-04-06-2019.PDF","Revision (MTO)",NO,,,,,,,LO,5529,LO-005529,false,,,,,,false,2023-11-14,,,,,,,,,,,,
WO,4537,WO-4537,SAR,198,SAR-000198,SPA-VX,36,SPA-VX00036,,,,"DNO acceso OSP",Abierto,"2024-01-29 10:06:26","2024-01-29 10:10:35","444227  VX0036","Revisión equipos Orange conpérdida de servicio.",Urgente,NO,,,,,,,,,-,false,,,,,,false,2024-01-29,,,,,,,,,,,,
WO,2607,WO-2607,,,-,,,,SPA-AV,8434,SPA-AV08434,"System Administrator",Cerrado,"2023-11-14 18:47:08","2023-11-15 12:19:03","2112311712493_AV8434-INSPECCION__OCA_-07-10-2020.PDF","2112311712493_AV8434-INSPECCION__OCA_-07-10-2020.PDF","Inspecciones (OCA)",NO,,,,,,07.10.2023,LO,149,LO-000149,false,,,,,,false,2023-11-14,,,,,,,,,,,,
WO,3682,WO-3682,,,-,,,,SPA-BU,4245,SPA-BU04245,"System Administrator",Cerrado,"2023-11-14 19:11:51","2023-11-15 12:21:04","1608442732744_BU4245-CON_DEFECTOS.PDF","1608442732744_BU4245-CON_DEFECTOS.PDF","Revision (MTO)",NO,,,,,,,LO,710,LO-000710,false,,,,,,false,2023-11-14,,,,,,,,,,,,
WO,2195,WO-2195,,,-,,,,SPA-ZA,6946,SPA-ZA06946,"System Administrator",Cerrado,"2023-11-14 18:37:26","2023-11-15 12:11:33","2112303124710_ZA6946-REVISION__MTO_-08-07-2019.PDF","2112303124710_ZA6946-REVISION__MTO_-08-07-2019.PDF","Revision (MTO)",NO,,,,,,,LO,7638,LO-007638,false,,,,,,false,2023-11-14,,,,,,,,,,,,
WO,3269,WO-3269,,,-,,,,SPA-LE,1621,SPA-LE01621,"System Administrator",Cerrado,"2023-11-14 19:02:16","2023-11-15 12:06:03",1410324325809_LE1621.PDF,1410324325809_LE1621.PDF,"Revision (MTO)",NO,,,,,,,LO,3454,LO-003454,false,,,,,,false,2023-11-14,,,,,,,,,,,,
WO,2986,WO-2986,,,-,,,,SPA-CO,7219,SPA-CO07219,"System Administrator",Cerrado,"2023-11-14 18:55:53","2023-11-15 12:17:21","221112111978_REVISION_VISUAL_CT_CO7219_2021.PDF","221112111978_REVISION_VISUAL_CT_CO7219_2021.PDF","Revision (MTO)",NO,,,,,,,LO,1652,LO-001652,false,,,,,,false,2023-11-14,,,,,,,,,,,,
WO,4162,WO-4162,,,-,,,,SPA-BU,4250,SPA-BU04250,"System Administrator",Cerrado,"2024-01-18 17:37:45","2024-01-18 18:03:15",1408365131692_BU4250.PDF,1408365131692_BU4250.PDF,"Revision (MTO)",NO,,,,,,28.10.2024,LO,711,LO-000711,false,,,,,,false,2024-01-18,,,,,,,,,,,,
WO,3111,WO-3111,,,-,,,,SPA-CU,8496,SPA-CU08496,"System Administrator",Cerrado,"2023-11-14 18:58:34","2023-11-15 12:09:50",0915395731681_CU8496.PDF,0915395731681_CU8496.PDF,"Inspecciones (OCA)",NO,,,,,,30.07.2024,LO,2019,LO-002019,false,,,,,,false,2023-11-14,,,,,,,,,,,,
WO,2146,WO-2146,,,-,,,,SPA-BU,4220,SPA-BU04220,"System Administrator",Cerrado,"2023-11-14 18:36:16","2023-11-15 12:06:52","2112302619396_BU4220-REVISION__MTO_-08-08-2019.PDF","2112302619396_BU4220-REVISION__MTO_-08-08-2019.PDF","Revision (MTO)",NO,,,,,,,LO,692,LO-000692,false,,,,,,false,2023-11-14,,,,,,,,,,,,
WO,3405,WO-3405,,,-,,,,SPA-CU,8335,SPA-CU08335,"System Administrator",Cerrado,"2023-11-14 19:05:24","2023-11-15 12:18:11","2510223117779_CU8335-TOTEM.PDF","2510223117779_CU8335-TOTEM.PDF","Revision (MTO)",NO,,,,,,,LO,1988,LO-001988,false,,,,,,false,2023-11-14,,,,,,,,,,,,
WO,4166,WO-4166,,,-,,,,SPA-HU,7139,SPA-HU07139,"System Administrator",Cerrado,"2024-01-18 17:37:50","2024-01-18 18:03:18","141110293767_HU7139-REV_MTO_29_08_23.PDF","141110293767_HU7139-REV_MTO_29_08_23.PDF","Revision (MTO)",NO,,,,,,29.08.2024,LO,2852,LO-002852,false,,,,,,false,2024-01-18,,,,,,,,,,,,
WO,3976,WO-3976,,,-,,,,SPA-CS,36,SPA-CS00036,"System Administrator",Cerrado,"2024-01-18 17:33:14","2024-01-18 18:01:20","2517254011181_CS0036_INFORME_REVISION_LA_LLOSA_2023.PDF","2517254011181_CS0036_INFORME_REVISION_LA_LLOSA_2023.PDF","Revision (MTO)",NO,,,,,,02.05.2024,LO,1847,LO-001847,false,,,,,,false,2024-01-18,,,,,,,,,,,,
WO,3793,WO-3793,,,-,,,,SPA-JX,7933,SPA-JX07933,"System Administrator",Cerrado,"2024-01-18 17:28:41","2024-01-18 17:59:26","1712282713171_JX7933-REVISION__MTO_-30-08-2022.PDF","1712282713171_JX7933-REVISION__MTO_-30-08-2022.PDF","Revision (MTO)",NO,,,,,,,LO,3299,LO-003299,false,,,,,,false,2024-01-18,,,,,,,,,,,,
WO,3658,WO-3658,,,-,,,,SPA-BU,4235,SPA-BU04235,"System Administrator",Cerrado,"2023-11-14 19:11:14","2023-11-15 12:09:28","151417391608_BU4235-CON_DEFECTOS.PDF","151417391608_BU4235-CON_DEFECTOS.PDF","Revision (MTO)",NO,,,,,,,LO,703,LO-000703,false,,,,,,false,2023-11-14,,,,,,,,,,,,
WO,3590,WO-3590,,,-,,,,SPA-PO,4906,SPA-PO04906,"System Administrator",Cerrado,"2023-11-14 19:09:40","2023-11-15 12:10:51","070956347590_PO4906-TOTEM.PDF","070956347590_PO4906-TOTEM.PDF","Revision (MTO)",NO,,,,,,,LO,5489,LO-005489,false,,,,,,false,2023-11-14,,,,,,,,,,,,
WO,3394,WO-3394,,,-,,,,SPA-CU,8455,SPA-CU08455,"System Administrator",Cerrado,"2023-11-14 19:05:09","2023-11-15 12:14:51","2510004625986_CU8455-TOTEM.PDF","2510004625986_CU8455-TOTEM.PDF","Revision (MTO)",NO,,,,,,,LO,2002,LO-002002,false,,,,,,false,2023-11-14,,,,,,,,,,,,
WO,3081,WO-3081,,,-,,,,SPA-SA,5736,SPA-SA05736,"System Administrator",Cerrado,"2023-11-14 18:57:53","2023-11-15 12:07:45","2812554112165_SA5736-CON_DEFECTOS.PDF","2812554112165_SA5736-CON_DEFECTOS.PDF","Revision (MTO)",NO,,,,,,,LO,5705,LO-005705,false,,,,,,false,2023-11-14,,,,,,,,,,,,
WO,3594,WO-3594,,,-,,,,SPA-JX,8171,SPA-JX08171,"System Administrator",Cerrado,"2023-11-14 19:09:45","2023-11-15 12:11:36","080720471014_OCA_LAT_JX8171.PDF","080720471014_OCA_LAT_JX8171.PDF","Inspecciones (OCA)",NO,,,,,,30.08.2025,LO,3323,LO-003323,false,,,,,,false,2023-11-14,,,,,,,,,,,,
WO,3389,WO-3389,,,-,,,,SPA-LE,1501,SPA-LE01501,"System Administrator",Cerrado,"2023-11-14 19:05:02","2023-11-15 12:04:55","21104750985_PARTE_INCIDENCIA_20-04-2022.PDF","21104750985_PARTE_INCIDENCIA_20-04-2022.PDF","Revision (MTO)",NO,,,,,,,LO,3437,LO-003437,false,,,,,,false,2023-11-14,,,,,,,,,,,,
WO,2264,WO-2264,,,-,,,,SPA-VA,2981,SPA-VA02981,"System Administrator",Cerrado,"2023-11-14 18:39:02","2023-11-15 12:17:06","2112303915787_VA2981-REVISION__MTO_-08-10-2019.PDF","2112303915787_VA2981-REVISION__MTO_-08-10-2019.PDF","Revision (MTO)",NO,,,,,,,LO,7110,LO-007110,false,,,,,,false,2023-11-14,,,,,,,,,,,,
WO,2838,WO-2838,,,-,,,,SPA-SS,5616,SPA-SS05616,"System Administrator",Cerrado,"2023-11-14 18:52:26","2023-11-15 12:23:00",0915143515790_SS5616.PDF,0915143515790_SS5616.PDF,"Revision (MTO)",NO,,,,,,,LO,6227,LO-006227,false,,,,,,false,2023-11-14,,,,,,,,,,,,
WO,2902,WO-2902,,,-,,,,SPA-AV,8929,SPA-AV08929,"System Administrator",Cerrado,"2023-11-14 18:53:56","2023-11-15 12:19:49",081039065075_AV8476.PDF,081039065075_AV8476.PDF,"Revision (MTO)",NO,,,,,,,LO,217,LO-000217,false,,,,,,false,2023-11-14,,,,,,,,,,,,
WO,3971,WO-3971,,,-,,,,SPA-AB,8871,SPA-AB08871,"System Administrator",Cerrado,"2024-01-18 17:33:06","2024-01-18 18:01:17","221134418137_AB8871_-_REV_MTO_25-04-2023.PDF","221134418137_AB8871_-_REV_MTO_25-04-2023.PDF","Revision (MTO)",NO,,,,,,,LO,92,LO-000092,false,,,,,,false,2024-01-18,,,,,,,,,,,,
WO,3983,WO-3983,,,-,,,,SPA-CS,109,SPA-CS00109,"System Administrator",Cerrado,"2024-01-18 17:33:24","2024-01-18 18:01:25","2517341328747_CS0109_INFORME_REVISION_VALL_DALBA_2023.PDF","2517341328747_CS0109_INFORME_REVISION_VALL_DALBA_2023.PDF","Revision (MTO)",NO,,,,,,03.05.2024,LO,1892,LO-001892,false,,,,,,false,2024-01-18,,,,,,,,,,,,
WO,4412,WO-4412,SAR,28,SAR-000028,SPA-CO,7017,SPA-CO07017,,,,"Juan claudio Sitjes",Abierto,"2024-01-22 13:45:10","2024-01-24 17:37:28","Auditoria  New Sharing 3500","Auditoría instalación OSP",Auditoría,NO,,,,,,,,,-,false,,,,,,false,2024-01-22,,,,,,,,,,,,
WO,2866,WO-2866,,,-,,,,SPA-VI,8715,SPA-VI08715,"System Administrator",Cerrado,"2023-11-14 18:53:06","2023-11-15 12:05:07",0409361324017_VI8715.PDF,0409361324017_VI8715.PDF,"Revision (MTO)",NO,,,,,,,LO,7167,LO-007167,false,,,,,,false,2023-11-14,,,,,,,,,,,,
WO,2899,WO-2899,,,-,,,,SPA-AV,8432,SPA-AV08432,"System Administrator",Cerrado,"2023-11-14 18:53:51","2023-11-15 12:05:49",0810423629723_AV8432.PDF,0810423629723_AV8432.PDF,"Revision (MTO)",NO,,,,,,,LO,147,LO-000147,false,,,,,,false,2023-11-14,,,,,,,,,,,,
WO,2253,WO-2253,,,-,,,,SPA-SA,5806,SPA-SA05806,"System Administrator",Cerrado,"2023-11-14 18:38:46","2023-11-15 12:06:27","2112303724125_SA5806-REVISION__MTO_-20-09-2018.PDF","2112303724125_SA5806-REVISION__MTO_-20-09-2018.PDF","Revision (MTO)",NO,,,,,,,LO,5707,LO-005707,false,,,,,,false,2023-11-14,,,,,,,,,,,,
WO,2828,WO-2828,,,-,,,,SPA-CU,10,SPA-CU00010,"System Administrator",Cerrado,"2023-11-14 18:52:12","2023-11-15 12:11:34","2112343024557_CU0010-INSPECCION__OCA_-21-03-2018.PDF","2112343024557_CU0010-INSPECCION__OCA_-21-03-2018.PDF","Inspecciones (OCA)",NO,,,,,,21.03.2021,LO,1959,LO-001959,false,,,,,,false,2023-11-14,,,,,,,,,,,,
WO,2279,WO-2279,,,-,,,,SPA-LE,1734,SPA-LE01734,"System Administrator",Cerrado,"2023-11-14 18:39:23","2023-11-15 12:17:30","2112304118413_LE1734-REVISION__MTO_-10-06-2019.PDF","2112304118413_LE1734-REVISION__MTO_-10-06-2019.PDF","Revision (MTO)",NO,,,,,,,LO,3486,LO-003486,false,,,,,,false,2023-11-14,,,,,,,,,,,,
WO,4163,WO-4163,,,-,,,,SPA-BU,4272,SPA-BU04272,"System Administrator",Cerrado,"2024-01-18 17:37:46","2024-01-18 18:03:16",1408413311382_BU4272.PDF,1408413311382_BU4272.PDF,"Revision (MTO)",NO,,,,,,28.10.2024,LO,720,LO-000720,false,,,,,,false,2024-01-18,,,,,,,,,,,,
WO,3101,WO-3101,,,-,,,,SPA-CU,8325,SPA-CU08325,"System Administrator",Cerrado,"2023-11-14 18:58:20","2023-11-15 12:18:54",0914093420259_CU8325.PDF,0914093420259_CU8325.PDF,"Inspecciones (OCA)",NO,,,,,,02.08.2024,LO,1984,LO-001984,false,,,,,,false,2023-11-14,,,,,,,,,,,,
WO,3859,WO-3859,,,-,,,,SPA-MA,2905,SPA-MA02905,"System Administrator",Cerrado,"2024-01-18 17:30:20","2024-01-18 18:00:08","1813411421613_MA2905-REVISION__MTO_-16-08-2023.PDF","1813411421613_MA2905-REVISION__MTO_-16-08-2023.PDF","Revision (MTO)",NO,,,,,,,LO,3918,LO-003918,false,,,,,,false,2024-01-18,,,,,,,,,,,,
WO,2763,WO-2763,,,-,,,,SPA-SO,9890,SPA-SO09890,"System Administrator",Cerrado,"2023-11-14 18:50:40","2023-11-15 12:18:18","2112342511503_SO9890-INSPECCION__OCA_-18-08-2020.PDF","2112342511503_SO9890-INSPECCION__OCA_-18-08-2020.PDF","Inspecciones (OCA)",NO,,,,,,18.08.2023,LO,6164,LO-006164,false,,,,,,false,2023-11-14,,,,,,,,,,,,
WO,3775,WO-3775,,,-,,,,SPA-VA,2217,SPA-VA02217,"System Administrator",Cerrado,"2023-11-14 19:14:04","2023-11-15 12:23:40",2508422619496_VA2217.PDF,2508422619496_VA2217.PDF,"Revision (MTO)",NO,,,,,,,LO,7060,LO-007060,false,,,,,,false,2023-11-14,,,,,,,,,,,,
WO,4363,WO-4363,,,-,,,,SPA-HX,9432,SPA-HX09432,"System Administrator",Cerrado,"2024-01-18 17:42:17","2024-01-18 18:05:17","3015003631225_HX9432-INSPECCION__OCA_-20-10-2022.PDF","3015003631225_HX9432-INSPECCION__OCA_-20-10-2022.PDF","Inspecciones (OCA)",NO,,,,,,,LO,2924,LO-002924,false,,,,,,false,2024-01-18,,,,,,,,,,,,
WO,3947,WO-3947,,,-,,,,SPA-AB,6362,SPA-AB06362,"System Administrator",Cerrado,"2024-01-18 17:32:30","2024-01-18 18:01:03","0411490630618_AB6362-REV_MTO_05-09-2022.PDF","0411490630618_AB6362-REV_MTO_05-09-2022.PDF","Revision (MTO)",NO,,,,,,,LO,78,LO-000078,false,,,,,,false,2024-01-18,,,,,,,,,,,,
WO,3274,WO-3274,,,-,,,,SPA-LE,1543,SPA-LE01543,"System Administrator",Cerrado,"2023-11-14 19:02:23","2023-11-15 12:24:07",1410374420831_LE1543.PDF,1410374420831_LE1543.PDF,"Revision (MTO)",NO,,,,,,,LO,3446,LO-003446,false,,,,,,false,2023-11-14,,,,,,,,,,,,
WO,2315,WO-2315,,,-,,,,SPA-HX,9477,SPA-HX09477,"System Administrator",Cerrado,"2023-11-14 18:40:17","2023-11-15 12:09:32","211230448044_HX9477-REVISION__MTO_-13-04-2020.PDF","211230448044_HX9477-REVISION__MTO_-13-04-2020.PDF","Revision (MTO)",NO,,,,,,,LO,2932,LO-002932,false,,,,,,false,2023-11-14,,,,,,,,,,,,
WO,1885,WO-1885,,,-,,,,SPA-SG,9220,SPA-SG09220,"System Administrator",Cerrado,"2023-11-14 18:29:58","2023-11-15 12:21:00",2310423822092_SG9220.PDF,2310423822092_SG9220.PDF,"Revision (MTO)",NO,,,,,,,LO,6070,LO-006070,false,,,,,,false,2023-11-14,,,,,,,,,,,,
WO,4275,WO-4275,,,-,,,,SPA-LE,1621,SPA-LE01621,"System Administrator",Cerrado,"2024-01-18 17:40:20","2024-01-18 18:04:25",2009041222963_LE1621.PDF,2009041222963_LE1621.PDF,"Inspecciones (OCA)",NO,,,,,,,LO,3454,LO-003454,false,,,,,,false,2024-01-18,,,,,,,,,,,,
WO,3796,WO-3796,,,-,,,,SPA-AB,5901,SPA-AB05901,"System Administrator",Cerrado,"2024-01-18 17:28:46","2024-01-18 17:59:27","2914191123335_AB5901-REV_MTO_25-08-2022.PDF","2914191123335_AB5901-REV_MTO_25-08-2022.PDF","Revision (MTO)",NO,,,,,,,LO,27,LO-000027,false,,,,,,false,2024-01-18,,,,,,,,,,,,
WO,3924,WO-3924,,,-,,,,SPA-CR,3314,SPA-CR03314,"System Administrator",Cerrado,"2024-01-18 17:31:56","2024-01-18 18:00:49","0313434331615_CR3314-REV_MTO_16-03-2023_XLSX.PDF","0313434331615_CR3314-REV_MTO_16-03-2023_XLSX.PDF","Revision (MTO)",NO,,,,,,,LO,1791,LO-001791,false,,,,,,false,2024-01-18,,,,,,,,,,,,
WO,3047,WO-3047,,,-,,,,,,,"System Administrator",Cerrado,"2023-11-14 18:57:14","2023-11-15 12:10:36","0412043911538_PX7860-INSPECCION___OCA__-28102014.PDF","0412043911538_PX7860-INSPECCION___OCA__-28102014.PDF","Inspecciones (OCA)",NO,,,,,,28.10.2017,,,-,false,,,,,,false,2023-11-14,,,,,,,,,,,,
WO,3577,WO-3577,,,-,,,,SPA-CU,8322,SPA-CU08322,"System Administrator",Cerrado,"2023-11-14 19:09:22","2023-11-15 12:18:04","0311442526380_CU8322-REV__MTO_08-09-2022.PDF","0311442526380_CU8322-REV__MTO_08-09-2022.PDF","Revision (MTO)",NO,,,,,,,LO,1981,LO-001981,false,,,,,,false,2023-11-14,,,,,,,,,,,,
WO,3432,WO-3432,,,-,,,,SPA-GU,9167,SPA-GU09167,"System Administrator",Cerrado,"2023-11-14 19:06:01","2023-11-15 12:18:08","2711164914083_GU9167-TOTEM.PDF","2711164914083_GU9167-TOTEM.PDF","Revision (MTO)",NO,,,,,,,LO,2789,LO-002789,false,,,,,,false,2023-11-14,,,,,,,,,,,,
WO,3950,WO-3950,,,-,,,,SPA-GU,9134,SPA-GU09134,"System Administrator",Cerrado,"2024-01-18 17:32:35","2024-01-18 18:01:04","1910073822971_GU9134_-REV_MTO_30-03-2023.PDF","1910073822971_GU9134_-REV_MTO_30-03-2023.PDF","Revision (MTO)",NO,,,,,,,LO,2769,LO-002769,false,,,,,,false,2024-01-18,,,,,,,,,,,,
WO,2169,WO-2169,,,-,,,,SPA-BU,4209,SPA-BU04209,"System Administrator",Cerrado,"2023-11-14 18:36:48","2023-11-15 12:16:01","2112302722640_BU4209-REVISION__MTO_-08-08-2019.PDF","2112302722640_BU4209-REVISION__MTO_-08-08-2019.PDF","Revision (MTO)",NO,,,,,,,LO,687,LO-000687,false,,,,,,false,2023-11-14,,,,,,,,,,,,
WO,4327,WO-4327,,,-,,,,SPA-HX,9809,SPA-HX09809,"System Administrator",Cerrado,"2024-01-18 17:41:29","2024-01-18 18:04:55","2213280513313_01370318_ORANGE_ESPAGNE__SAU_HX9809___LAMT_PERIO_FAV.PDF","2213280513313_01370318_ORANGE_ESPAGNE__SAU_HX9809___LAMT_PERIO_FAV.PDF","Inspecciones (OCA)",NO,,,,,,,LO,2995,LO-002995,false,,,,,,false,2024-01-18,,,,,,,,,,,,
WO,3095,WO-3095,,,-,,,,SPA-CU,8541,SPA-CU08541,"System Administrator",Cerrado,"2023-11-14 18:58:12","2023-11-15 12:11:48",091546493334_CU8541.PDF,091546493334_CU8541.PDF,"Inspecciones (OCA)",NO,,,,,,29.07.2024,LO,2041,LO-002041,false,,,,,,false,2023-11-14,,,,,,,,,,,,
WO,2050,WO-2050,,,-,,,,SPA-HX,9481,SPA-HX09481,"System Administrator",Cerrado,"2023-11-14 18:33:55","2023-11-15 12:19:00","2112300326052_HX9481-REVISION__MTO_-08-07-2019.PDF","2112300326052_HX9481-REVISION__MTO_-08-07-2019.PDF","Revision (MTO)",NO,,,,,,,LO,2934,LO-002934,false,,,,,,false,2023-11-14,,,,,,,,,,,,
WO,2418,WO-2418,,,-,,,,SPA-SE,1325,SPA-SE01325,"System Administrator",Cerrado,"2023-11-14 18:42:43","2023-11-15 12:11:40","2112305213028_SE1325-REVISION__MTO_-29-04-2020.PDF","2112305213028_SE1325-REVISION__MTO_-29-04-2020.PDF","Revision (MTO)",NO,,,,,,,LO,5963,LO-005963,false,,,,,,false,2023-11-14,,,,,,,,,,,,
WO,1915,WO-1915,,,-,,,,SPA-AB,6411,SPA-AB06411,"System Administrator",Cerrado,"2023-11-14 18:30:41","2023-11-15 12:11:05","0710041714509_AB6411_INFORME_REVISION_VILLAROBLEDO_MINAYA_2021.DOC","0710041714509_AB6411_INFORME_REVISION_VILLAROBLEDO_MINAYA_2021.DOC","Revision (MTO)",NO,,,,,,,LO,84,LO-000084,false,,,,,,false,2023-11-14,,,,,,,,,,,,
WO,2554,WO-2554,,,-,,,,SPA-LE,991,SPA-LE00991,"System Administrator",Cerrado,"2023-11-14 18:45:56","2023-11-15 12:20:12","21123112675_LE0991-INSPECCION__OCA_-14-08-2020.PDF","21123112675_LE0991-INSPECCION__OCA_-14-08-2020.PDF","Inspecciones (OCA)",NO,,,,,,14.08.2023,LO,3428,LO-003428,false,,,,,,false,2023-11-14,,,,,,,,,,,,
WO,4211,WO-4211,,,-,,,,SPA-TO,59,SPA-TO00059,"System Administrator",Cerrado,"2024-01-18 17:38:53","2024-01-18 18:03:45","0408565131121_CERT_AT-TO-024-2_22_TOTEM_TO0059_ALMOROX_CT.PDF","0408565131121_CERT_AT-TO-024-2_22_TOTEM_TO0059_ALMOROX_CT.PDF","Inspecciones (OCA)",NO,,,,,,,LO,6656,LO-006656,false,,,,,,false,2024-01-18,,,,,,,,,,,,
WO,3191,WO-3191,,,-,,,,SPA-HX,9803,SPA-HX09803,"System Administrator",Cerrado,"2023-11-14 19:00:27","2023-11-15 12:13:47","0911210528203_HX9803-INSPECCION__OCA_-20-10-2022_LAT_FAVORABLE.PDF","0911210528203_HX9803-INSPECCION__OCA_-20-10-2022_LAT_FAVORABLE.PDF","Inspecciones (OCA)",NO,,,,,,17.10.2025,LO,2994,LO-002994,false,,,,,,false,2023-11-14,,,,,,,,,,,,
WO,2573,WO-2573,,,-,,,,SPA-LE,1734,SPA-LE01734,"System Administrator",Cerrado,"2023-11-14 18:46:22","2023-11-15 12:09:45","2112311418721_LE1734-INSPECCION__OCA_-11-08-2020.PDF","2112311418721_LE1734-INSPECCION__OCA_-11-08-2020.PDF","Inspecciones (OCA)",NO,,,,,,11.08.2023,LO,3486,LO-003486,false,,,,,,false,2023-11-14,,,,,,,,,,,,
WO,2507,WO-2507,,,-,,,,SPA-JX,67,SPA-JX00067,"System Administrator",Cerrado,"2023-11-14 18:44:53","2023-11-15 12:24:51","2112310527809_JX0067-INSPECCION__OCA_-01-07-2020.PDF","2112310527809_JX0067-INSPECCION__OCA_-01-07-2020.PDF","Inspecciones (OCA)",NO,,,,,,01.07.2023,LO,3286,LO-003286,false,,,,,,false,2023-11-14,,,,,,,,,,,,
WO,2216,WO-2216,,,-,,,,SPA-SG,9202,SPA-SG09202,"System Administrator",Cerrado,"2023-11-14 18:37:55","2023-11-15 12:21:48","2112303329264_SG9202-REVISION__MTO_-08-08-2019.PDF","2112303329264_SG9202-REVISION__MTO_-08-08-2019.PDF","Revision (MTO)",NO,,,,,,,LO,6068,LO-006068,false,,,,,,false,2023-11-14,,,,,,,,,,,,
WO,3415,WO-3415,,,-,,,,SPA-GU,9145,SPA-GU09145,"System Administrator",Cerrado,"2023-11-14 19:05:38","2023-11-15 12:19:51","270856168336_GU9145-TOTEM.PDF","270856168336_GU9145-TOTEM.PDF","Revision (MTO)",NO,,,,,,,LO,2777,LO-002777,false,,,,,,false,2023-11-14,,,,,,,,,,,,
WO,3773,WO-3773,,,-,,,,SPA-VA,2173,SPA-VA02173,"System Administrator",Cerrado,"2023-11-14 19:14:01","2023-11-15 12:25:04",2508410122770_VA2173.PDF,2508410122770_VA2173.PDF,"Revision (MTO)",NO,,,,,,,LO,7030,LO-007030,false,,,,,,false,2023-11-14,,,,,,,,,,,,
WO,4079,WO-4079,,,-,,,,SPA-TO,542,SPA-TO00542,"System Administrator",Cerrado,"2024-01-18 17:35:43","2024-01-18 18:02:24","0107593628792_TO0542-REV_MAT_21_06_23.PDF","0107593628792_TO0542-REV_MAT_21_06_23.PDF","Revision (MTO)",NO,,,,,,21.06.2024,LO,6745,LO-006745,false,,,,,,false,2024-01-18,,,,,,,,,,,,
WO,2394,WO-2394,,,-,,,,SPA-CU,8562,SPA-CU08562,"System Administrator",Cerrado,"2023-11-14 18:42:09","2023-11-15 12:05:36","211230505220_CU8562-REVISION__MTO_-12-03-2019.PDF","211230505220_CU8562-REVISION__MTO_-12-03-2019.PDF","Revision (MTO)",NO,,,,,,,LO,2044,LO-002044,false,,,,,,false,2023-11-14,,,,,,,,,,,,
WO,3650,WO-3650,,,-,,,,SPA-BU,4134,SPA-BU04134,"System Administrator",Cerrado,"2023-11-14 19:11:03","2023-11-15 12:16:31","151409172699_BU4134-CON_DEFECTOS.PDF","151409172699_BU4134-CON_DEFECTOS.PDF","Revision (MTO)",NO,,,,,,,LO,648,LO-000648,false,,,,,,false,2023-11-14,,,,,,,,,,,,
WO,2909,WO-2909,,,-,,,,SPA-PX,8234,SPA-PX08234,"System Administrator",Cerrado,"2023-11-14 18:54:05","2023-11-15 12:13:29","2210030231971_PX8234-DEFECTOS_CORREGIDOS.PDF","2210030231971_PX8234-DEFECTOS_CORREGIDOS.PDF","Revision (MTO)",NO,,,,,,,LO,5667,LO-005667,false,,,,,,false,2023-11-14,,,,,,,,,,,,
WO,1958,WO-1958,,,-,,,,SPA-TE,8,SPA-TE00008,"System Administrator",Cerrado,"2023-11-14 18:31:40","2023-11-15 12:21:46","281004411527_500AT001421_ALBENTOSA_FIRMADO__TE0008.PDF","281004411527_500AT001421_ALBENTOSA_FIRMADO__TE0008.PDF","Inspecciones (OCA)",NO,,,,,,11.05.2024,LO,6398,LO-006398,false,,,,,,false,2023-11-14,,,,,,,,,,,,
WO,4295,WO-4295,,,-,,,,SPA-BU,4136,SPA-BU04136,"System Administrator",Cerrado,"2024-01-18 17:40:47","2024-01-18 18:04:37",0610090610781_BU4136.PDF,0610090610781_BU4136.PDF,"Inspecciones (OCA)",NO,,,,,,,LO,650,LO-000650,false,,,,,,false,2024-01-18,,,,,,,,,,,,
WO,4206,WO-4206,,,-,,,,SPA-TO,6,SPA-TO00006,"System Administrator",Cerrado,"2024-01-18 17:38:46","2024-01-18 18:03:42","1007173419141_CERT_AT-TO-030-2_22_TOTEM_TO006_2__VISITA_OCA.PDF","1007173419141_CERT_AT-TO-030-2_22_TOTEM_TO006_2__VISITA_OCA.PDF","Inspecciones (OCA)",NO,,,,,,,LO,6630,LO-006630,false,,,,,,false,2024-01-18,,,,,,,,,,,,
WO,3087,WO-3087,,,-,,,,SPA-SA,5906,SPA-SA05906,"System Administrator",Cerrado,"2023-11-14 18:58:01","2023-11-15 12:23:18","2812421016915_SA5906-TOTEM-DESFAVORABLE.PDF","2812421016915_SA5906-TOTEM-DESFAVORABLE.PDF","Inspecciones (OCA)",NO,,,,,,01.01.1900,LO,5709,LO-005709,false,,,,,,false,2023-11-14,,,,,,,,,,,,
WO,3007,WO-3007,,,-,,,,SPA-MX,3104,SPA-MX03104,"System Administrator",Cerrado,"2023-11-14 18:56:21","2023-11-15 12:11:57",211023576566_MX3104.PDF,211023576566_MX3104.PDF,"Inspecciones (OCA)",NO,,,,,,20.10.2024,LO,4691,LO-004691,false,,,,,,false,2023-11-14,,,,,,,,,,,,
WO,4504,WO-4504,SAR,166,SAR-000166,SPA-MX,7732,SPA-MX07732,,,,"DNO acceso OSP",Abierto,"2024-01-26 15:10:09","2024-01-26 15:24:40","444125  MX7732","ESTACION CAIDA",Urgente,SI,,,,,,,,,-,false,,,,,,false,2024-01-26,,,,,,,,,,,,
WO,2268,WO-2268,,,-,,,,SPA-VA,2249,SPA-VA02249,"System Administrator",Cerrado,"2023-11-14 18:39:08","2023-11-15 12:05:46","211230393053_VA2249-REVISION__MTO_-08-10-2019.PDF","211230393053_VA2249-REVISION__MTO_-08-10-2019.PDF","Revision (MTO)",NO,,,,,,,LO,7077,LO-007077,false,,,,,,false,2023-11-14,,,,,,,,,,,,
WO,2871,WO-2871,,,-,,,,SPA-AV,8451,SPA-AV08451,"System Administrator",Cerrado,"2023-11-14 18:53:13","2023-11-15 12:07:18",2313340430306_AV8451.PDF,2313340430306_AV8451.PDF,"Revision (MTO)",NO,,,,,,,LO,150,LO-000150,false,,,,,,false,2023-11-14,,,,,,,,,,,,
WO,3714,WO-3714,,,-,,,,SPA-HU,7207,SPA-HU07207,"System Administrator",Cerrado,"2023-11-14 19:12:37","2023-11-15 12:11:30","2709224931632_HU7207_-_REV_MTO_07-07-2022.PDF","2709224931632_HU7207_-_REV_MTO_07-07-2022.PDF","Revision (MTO)",NO,,,,,,,LO,2885,LO-002885,false,,,,,,false,2023-11-14,,,,,,,,,,,,
WO,2023,WO-2023,,,-,,,,SPA-TO,59,SPA-TO00059,"System Administrator",Cerrado,"2023-11-14 18:33:17","2023-11-15 12:15:57","2112300210178_TO0059-INSPECCION__OCA_-16-05-2019.PDF","2112300210178_TO0059-INSPECCION__OCA_-16-05-2019.PDF","Inspecciones (OCA)",NO,,,,,,16.05.2022,LO,6656,LO-006656,false,,,,,,false,2023-11-14,,,,,,,,,,,,
WO,4593,WO-4593,SAR,253,SAR-000253,SPA-MX,6102,SPA-MX06102,,,,"DNO acceso OSP",Abierto,"2024-01-29 16:02:49","2024-01-29 16:13:05","444375   MX6102","ESTACION CAIDA",Urgente,NO,,,,,,,,,-,false,,,,,,false,2024-01-29,,,,,,,,,,,,
WO,2047,WO-2047,,,-,,,,SPA-JX,67,SPA-JX00067,"System Administrator",Cerrado,"2023-11-14 18:33:51","2023-11-15 12:14:43","211230039815_JX0067-REVISION__MTO_-04-03-2019.PDF","211230039815_JX0067-REVISION__MTO_-04-03-2019.PDF","Revision (MTO)",NO,,,,,,,LO,3286,LO-003286,false,,,,,,false,2023-11-14,,,,,,,,,,,,
WO,4055,WO-4055,,,-,,,,SPA-LE,1719,SPA-LE01719,"System Administrator",Cerrado,"2024-01-18 17:35:08","2024-01-18 18:02:10",2008391330686_LE1719.PDF,2008391330686_LE1719.PDF,"Revision (MTO)",NO,,,,,,18.10.2024,LO,3475,LO-003475,false,,,,,,false,2024-01-18,,,,,,,,,,,,
WO,2593,WO-2593,,,-,,,,SPA-CX,3821,SPA-CX03821,"System Administrator",Cerrado,"2023-11-14 18:46:49","2023-11-15 12:14:29","2112311727734_CX3821-REVISION__MTO_-11-05-2020.PDF","2112311727734_CX3821-REVISION__MTO_-11-05-2020.PDF","Revision (MTO)",NO,,,,,,,LO,2290,LO-002290,false,,,,,,false,2023-11-14,,,,,,,,,,,,
WO,4398,WO-4398,SAR,5,SAR-000005,SPA-ZX,4947,SPA-ZX04947,,,,"Roberto Martin Martin",Cerrado,"2024-01-20 19:51:37","2024-01-23 08:06:29","Prueba19_51 20_1",Prueba,Normal,NO,,,,,,,,,-,false,,,,,,false,2024-01-20,,,,,,,,,,,,
WO,3416,WO-3416,,,-,,,,SPA-GU,9156,SPA-GU09156,"System Administrator",Cerrado,"2023-11-14 19:05:39","2023-11-15 12:19:15","270857007575_GU9156-TOTEM.PDF","270857007575_GU9156-TOTEM.PDF","Revision (MTO)",NO,,,,,,,LO,2783,LO-002783,false,,,,,,false,2023-11-14,,,,,,,,,,,,
WO,2121,WO-2121,,,-,,,,SPA-ZA,6993,SPA-ZA06993,"System Administrator",Cerrado,"2023-11-14 18:35:38","2023-11-15 12:16:08","2112302422885_ZA6993-REVISION__MTO_-24-07-2018.PDF","2112302422885_ZA6993-REVISION__MTO_-24-07-2018.PDF","Revision (MTO)",NO,,,,,,,LO,7657,LO-007657,false,,,,,,false,2023-11-14,,,,,,,,,,,,
WO,2884,WO-2884,,,-,,,,SPA-AV,8604,SPA-AV08604,"System Administrator",Cerrado,"2023-11-14 18:53:31","2023-11-15 12:06:57",2313230514296_AV8604.PDF,2313230514296_AV8604.PDF,"Revision (MTO)",NO,,,,,,,LO,186,LO-000186,false,,,,,,false,2023-11-14,,,,,,,,,,,,
WO,2970,WO-2970,,,-,,,,SPA-SS,5622,SPA-SS05622,"System Administrator",Cerrado,"2023-11-14 18:55:30","2023-11-15 12:21:26",0810442119274_SS5622.PDF,0810442119274_SS5622.PDF,"Inspecciones (OCA)",NO,,,,,,15.06.2024,LO,6231,LO-006231,false,,,,,,false,2023-11-14,,,,,,,,,,,,
WO,2260,WO-2260,,,-,,,,SPA-CO,6710,SPA-CO06710,"System Administrator",Cerrado,"2023-11-14 18:38:56","2023-11-15 12:20:11","211230385907_CO6710-REVISION__MTO__-25032014.PDF","211230385907_CO6710-REVISION__MTO__-25032014.PDF","Revision (MTO)",NO,,,,,,,LO,1597,LO-001597,false,,,,,,false,2023-11-14,,,,,,,,,,,,
WO,1953,WO-1953,,,-,,,,SPA-TE,48,SPA-TE00048,"System Administrator",Cerrado,"2023-11-14 18:31:33","2023-11-15 12:24:44","2810075617045_500AT0019211_VALJUNQUERA_FIRMADO__TE0048.PDF","2810075617045_500AT0019211_VALJUNQUERA_FIRMADO__TE0048.PDF","Inspecciones (OCA)",NO,,,,,,11.05.2024,LO,6416,LO-006416,false,,,,,,false,2023-11-14,,,,,,,,,,,,
WO,2441,WO-2441,,,-,,,,SPA-GU,9113,SPA-GU09113,"System Administrator",Cerrado,"2023-11-14 18:43:16","2023-11-15 12:07:25","2112305432203_GU9113-REVISION__MTO_-06-03-2019.PDF","2112305432203_GU9113-REVISION__MTO_-06-03-2019.PDF","Revision (MTO)",NO,,,,,,,LO,2760,LO-002760,false,,,,,,false,2023-11-14,,,,,,,,,,,,
WO,3677,WO-3677,,,-,,,,SPA-BU,4272,SPA-BU04272,"System Administrator",Cerrado,"2023-11-14 19:11:43","2023-11-15 12:18:22",16083747848_BU4272.PDF,16083747848_BU4272.PDF,"Revision (MTO)",NO,,,,,,,LO,720,LO-000720,false,,,,,,false,2023-11-14,,,,,,,,,,,,
WO,2563,WO-2563,,,-,,,,SPA-LE,1718,SPA-LE01718,"System Administrator",Cerrado,"2023-11-14 18:46:08","2023-11-15 12:23:08","211231136125_LE1718-INSPECCION__OCA_-12-08-2020.PDF","211231136125_LE1718-INSPECCION__OCA_-12-08-2020.PDF","Inspecciones (OCA)",NO,,,,,,12.08.2023,LO,3474,LO-003474,false,,,,,,false,2023-11-14,,,,,,,,,,,,
WO,3691,WO-3691,,,-,,,,SPA-ZX,522,SPA-ZX00522,"System Administrator",Cerrado,"2023-11-14 19:12:04","2023-11-15 12:15:34","2208595816612_ZX0522-REV_MTO_18-07-2022.PDF","2208595816612_ZX0522-REV_MTO_18-07-2022.PDF","Revision (MTO)",NO,,,,,,,LO,7778,LO-007778,false,,,,,,false,2023-11-14,,,,,,,,,,,,
WO,1948,WO-1948,,,-,,,,SPA-AB,5925,SPA-AB05925,"System Administrator",Cerrado,"2023-11-14 18:31:26","2023-11-15 12:07:59","2610012419695_AB5925_SAN_PEDRO_CERTIFICADO_FAVORABLE_2021.PDF","2610012419695_AB5925_SAN_PEDRO_CERTIFICADO_FAVORABLE_2021.PDF","Inspecciones (OCA)",NO,,,,,,08.03.2024,LO,37,LO-000037,false,,,,,,false,2023-11-14,,,,,,,,,,,,
WO,3804,WO-3804,,,-,,,,SPA-VA,2149,SPA-VA02149,"System Administrator",Cerrado,"2024-01-18 17:28:58","2024-01-18 17:59:33","171243282175_VA2149-DEFECTOS_CORREGIDOS.PDF","171243282175_VA2149-DEFECTOS_CORREGIDOS.PDF","Revision (MTO)",NO,,,,,,,LO,7015,LO-007015,false,,,,,,false,2024-01-18,,,,,,,,,,,,
WO,2309,WO-2309,,,-,,,,SPA-HX,9631,SPA-HX09631,"System Administrator",Cerrado,"2023-11-14 18:40:08","2023-11-15 12:09:03","2112304429962_HX9631-REVISION__MTO_-09-03-2020.PDF","2112304429962_HX9631-REVISION__MTO_-09-03-2020.PDF","Revision (MTO)",NO,,,,,,,LO,2963,LO-002963,false,,,,,,false,2023-11-14,,,,,,,,,,,,
WO,2297,WO-2297,,,-,,,,SPA-LE,1543,SPA-LE01543,"System Administrator",Cerrado,"2023-11-14 18:39:50","2023-11-15 12:18:15","211230439467_LE1543-REVISION__MTO_-10-06-2019.PDF","211230439467_LE1543-REVISION__MTO_-10-06-2019.PDF","Revision (MTO)",NO,,,,,,,LO,3446,LO-003446,false,,,,,,false,2023-11-14,,,,,,,,,,,,
WO,1880,WO-1880,,,-,,,,SPA-AV,8476,SPA-AV08476,"System Administrator",Cerrado,"2023-11-14 18:29:51","2023-11-15 12:19:59",2311241013400_AV8476.PDF,2311241013400_AV8476.PDF,"Revision (MTO)",NO,,,,,,,LO,159,LO-000159,false,,,,,,false,2023-11-14,,,,,,,,,,,,
WO,4229,WO-4229,,,-,,,,SPA-JX,67,SPA-JX00067,"System Administrator",Cerrado,"2024-01-18 17:39:17","2024-01-18 18:03:57","2307303417700_JX0067_01290418_TOTEM_TOWERCO_BAILEN_CT_PERIO_DESFAV.PDF","2307303417700_JX0067_01290418_TOTEM_TOWERCO_BAILEN_CT_PERIO_DESFAV.PDF","Inspecciones (OCA)",NO,,,,,,,LO,3286,LO-003286,false,,,,,,false,2024-01-18,,,,,,,,,,,,
WO,2463,WO-2463,,,-,,,,SPA-LE,1621,SPA-LE01621,"System Administrator",Cerrado,"2023-11-14 18:43:50","2023-11-15 12:07:11","2112305712118_LE1621-INCIDENCIA-02-06-2020.PDF","2112305712118_LE1621-INCIDENCIA-02-06-2020.PDF","Revision (MTO)",NO,,,,,,,LO,3454,LO-003454,false,,,,,,false,2023-11-14,,,,,,,,,,,,
WO,3318,WO-3318,,,-,,,,SPA-MA,2854,SPA-MA02854,"System Administrator",Cerrado,"2023-11-14 19:03:25","2023-11-15 12:15:41","0813451728940_OCA_CT_MA2854_2022.PDF","0813451728940_OCA_CT_MA2854_2022.PDF","Inspecciones (OCA)",NO,,,,,,18.03.2025,LO,3910,LO-003910,false,,,,,,false,2023-11-14,,,,,,,,,,,,
WO,4241,WO-4241,,,-,,,,SPA-OR,9830,SPA-OR09830,"System Administrator",Cerrado,"2024-01-18 17:39:34","2024-01-18 18:04:05","1910042029287_OCA_OR9830.PDF","1910042029287_OCA_OR9830.PDF","Inspecciones (OCA)",NO,,,,,,,LO,5189,LO-005189,false,,,,,,false,2024-01-18,,,,,,,,,,,,
WO,2946,WO-2946,,,-,,,,SPA-SE,1325,SPA-SE01325,"System Administrator",Cerrado,"2023-11-14 18:54:56","2023-11-15 12:06:45","2214240628338_REVISION_ANUAL_CT_SE1325_2021.PDF","2214240628338_REVISION_ANUAL_CT_SE1325_2021.PDF","Revision (MTO)",NO,,,,,,,LO,5963,LO-005963,false,,,,,,false,2023-11-14,,,,,,,,,,,,
WO,2602,WO-2602,,,-,,,,SPA-AV,8523,SPA-AV08523,"System Administrator",Cerrado,"2023-11-14 18:47:01","2023-11-15 12:10:18","2112311721376_AV8523-INSPECCION__OCA_-09-10-2020.PDF","2112311721376_AV8523-INSPECCION__OCA_-09-10-2020.PDF","Inspecciones (OCA)",NO,,,,,,09.10.2023,LO,176,LO-000176,false,,,,,,false,2023-11-14,,,,,,,,,,,,
WO,4501,WO-4501,SAR,163,SAR-000163,SPA-VX,397,SPA-VX00397,,,,"DNO acceso OSP",Abierto,"2024-01-26 14:58:34","2024-01-26 15:04:08","443143  VX0397","Certificación Radioeléctrica de antenas de Telefonía + Reportaje fotográfico.","Inspección Preventiva",NO,,,,,,,,,-,false,,,,,,false,2024-01-26,,,,,,,,,,,,
WO,3396,WO-3396,,,-,,,,SPA-CU,8325,SPA-CU08325,"System Administrator",Cerrado,"2023-11-14 19:05:12","2023-11-15 12:17:36","2510024620302_CU8325-TOTEM.PDF","2510024620302_CU8325-TOTEM.PDF","Revision (MTO)",NO,,,,,,,LO,1984,LO-001984,false,,,,,,false,2023-11-14,,,,,,,,,,,,
WO,3654,WO-3654,,,-,,,,SPA-BU,4229,SPA-BU04229,"System Administrator",Cerrado,"2023-11-14 19:11:08","2023-11-15 12:23:09","1514131327802_BU4229-CON_DEFECTOS.PDF","1514131327802_BU4229-CON_DEFECTOS.PDF","Revision (MTO)",NO,,,,,,,LO,699,LO-000699,false,,,,,,false,2023-11-14,,,,,,,,,,,,
WO,3837,WO-3837,,,-,,,,SPA-GR,7606,SPA-GR07606,"System Administrator",Cerrado,"2024-01-18 17:29:47","2024-01-18 17:59:53","101346542566_GR7606-REVISION__MTO_-09-08-2023.PDF","101346542566_GR7606-REVISION__MTO_-09-08-2023.PDF","Revision (MTO)",NO,,,,,,,LO,2727,LO-002727,false,,,,,,false,2024-01-18,,,,,,,,,,,,
WO,3868,WO-3868,,,-,,,,SPA-SE,2063,SPA-SE02063,"System Administrator",Cerrado,"2024-01-18 17:30:34","2024-01-18 18:00:14","071434026132_REVISION_MTO_02-10-23.PDF","071434026132_REVISION_MTO_02-10-23.PDF","Revision (MTO)",NO,,,,,,,LO,5990,LO-005990,false,,,,,,false,2024-01-18,,,,,,,,,,,,
WO,1883,WO-1883,,,-,,,,SPA-SG,9545,SPA-SG09545,"System Administrator",Cerrado,"2023-11-14 18:29:55","2023-11-15 12:08:12",2310461119820_SG9545.PDF,2310461119820_SG9545.PDF,"Revision (MTO)",NO,,,,,,,LO,6087,LO-006087,false,,,,,,false,2023-11-14,,,,,,,,,,,,
WO,2414,WO-2414,,,-,,,,SPA-CU,8319,SPA-CU08319,"System Administrator",Cerrado,"2023-11-14 18:42:37","2023-11-15 12:21:33","2112305211267_CU8319-REVISION__MTO_-12-03-2019.PDF","2112305211267_CU8319-REVISION__MTO_-12-03-2019.PDF","Revision (MTO)",NO,,,,,,,LO,1979,LO-001979,false,,,,,,false,2023-11-14,,,,,,,,,,,,
WO,2402,WO-2402,,,-,,,,SPA-CU,8474,SPA-CU08474,"System Administrator",Cerrado,"2023-11-14 18:42:20","2023-11-15 12:06:20","2112305118902_CU8474-REVISION__MTO_-12-03-2019.PDF","2112305118902_CU8474-REVISION__MTO_-12-03-2019.PDF","Revision (MTO)",NO,,,,,,,LO,2004,LO-002004,false,,,,,,false,2023-11-14,,,,,,,,,,,,
WO,4454,WO-4454,SAR,97,SAR-000097,SPA-IB,156,SPA-IB00156,,,,"Patricia  Valero palacios",Abierto,"2024-01-25 10:55:21","2024-01-25 10:55:21","Configurar PCR por latido y cambiar rectificador averiado","Configurar PCR por latido y cambiar rectificador averiado",Normal,NO,,,,,,,,,-,false,,,,,,false,2024-01-25,,,,,,,,,,,,
WO,2615,WO-2615,,,-,,,,SPA-AV,8451,SPA-AV08451,"System Administrator",Cerrado,"2023-11-14 18:47:19","2023-11-15 12:17:39","211231172290_AV8451-INSPECCION__OCA_-07-10-2020.PDF","211231172290_AV8451-INSPECCION__OCA_-07-10-2020.PDF","Inspecciones (OCA)",NO,,,,,,07.10.2023,LO,150,LO-000150,false,,,,,,false,2023-11-14,,,,,,,,,,,,
WO,3671,WO-3671,,,-,,,,SPA-BU,4340,SPA-BU04340,"System Administrator",Cerrado,"2023-11-14 19:11:33","2023-11-15 12:22:55","1608293727603_BU4340-CON_DEFECTOS.PDF","1608293727603_BU4340-CON_DEFECTOS.PDF","Revision (MTO)",NO,,,,,,,LO,744,LO-000744,false,,,,,,false,2023-11-14,,,,,,,,,,,,
WO,4405,WO-4405,SAR,20,SAR-000020,SPA-TF,6405,SPA-TF06405,,,,"Raul Granado escudero",Abierto,"2024-01-22 10:29:13","2024-01-29 16:02:07","Instalación de PCR LITE en caseta/recinto TOTEM","Instalación de PCR LITE en caseta/recinto TOTEM",Normal,NO,,,,,,,,,-,false,,,,,,false,2024-01-22,,,,,,,,,,,,
WO,2780,WO-2780,,,-,,,,SPA-VA,2249,SPA-VA02249,"System Administrator",Cerrado,"2023-11-14 18:51:03","2023-11-15 12:11:34","2112342653_VA2249-INSPECCION__OCA_-02-10-2020.PDF","2112342653_VA2249-INSPECCION__OCA_-02-10-2020.PDF","Inspecciones (OCA)",NO,,,,,,02.10.2023,LO,7077,LO-007077,false,,,,,,false,2023-11-14,,,,,,,,,,,,
WO,4195,WO-4195,,,-,,,,SPA-SA,5914,SPA-SA05914,"System Administrator",Cerrado,"2024-01-18 17:38:31","2024-01-18 18:03:35","041318254225_SA5914-_FAVORABLE.PDF","041318254225_SA5914-_FAVORABLE.PDF","Inspecciones (OCA)",NO,,,,,,,LO,5710,LO-005710,false,,,,,,false,2024-01-18,,,,,,,,,,,,
WO,4205,WO-4205,,,-,,,,SPA-TO,5,SPA-TO00005,"System Administrator",Cerrado,"2024-01-18 17:38:45","2024-01-18 18:03:42","100714556185_CERT_AT-TO-029-2_22_TOTEM_TO005_2__VISITA_OCA.PDF","100714556185_CERT_AT-TO-029-2_22_TOTEM_TO005_2__VISITA_OCA.PDF","Inspecciones (OCA)",NO,,,,,,,LO,6629,LO-006629,false,,,,,,false,2024-01-18,,,,,,,,,,,,
WO,2814,WO-2814,,,-,,,,SPA-LU,8042,SPA-LU08042,"System Administrator",Cerrado,"2023-11-14 18:51:51","2023-11-15 12:23:25","2112342826160_LU8042-INSPECCION__OCA_-24-08-2020.PDF","2112342826160_LU8042-INSPECCION__OCA_-24-08-2020.PDF","Inspecciones (OCA)",NO,,,,,,24.08.2023,LO,3634,LO-003634,false,,,,,,false,2023-11-14,,,,,,,,,,,,
WO,2469,WO-2469,,,-,,,,SPA-AB,6350,SPA-AB06350,"System Administrator",Cerrado,"2023-11-14 18:43:59","2023-11-15 12:06:48","2112305932255_AB6350-REVISION__MTO_-21-05-2020.DOC","2112305932255_AB6350-REVISION__MTO_-21-05-2020.DOC","Revision (MTO)",NO,,,,,,,LO,74,LO-000074,false,,,,,,false,2023-11-14,,,,,,,,,,,,
WO,3237,WO-3237,,,-,,,,SPA-VA,2217,SPA-VA02217,"System Administrator",Cerrado,"2023-11-14 19:01:32","2023-11-15 12:06:01",021541588898_VA2217.PDF,021541588898_VA2217.PDF,"Revision (MTO)",NO,,,,,,,LO,7060,LO-007060,false,,,,,,false,2023-11-14,,,,,,,,,,,,
WO,3279,WO-3279,,,-,,,,SPA-VA,2283,SPA-VA02283,"System Administrator",Cerrado,"2023-11-14 19:02:30","2023-11-15 12:13:04",2010040911249_VA2283.PDF,2010040911249_VA2283.PDF,"Revision (MTO)",NO,,,,,,,LO,7098,LO-007098,false,,,,,,false,2023-11-14,,,,,,,,,,,,
WO,3656,WO-3656,,,-,,,,SPA-BU,4220,SPA-BU04220,"System Administrator",Cerrado,"2023-11-14 19:11:11","2023-11-15 12:14:46","1514145816309_BU4220-CON_DEFECTOS.PDF","1514145816309_BU4220-CON_DEFECTOS.PDF","Revision (MTO)",NO,,,,,,,LO,692,LO-000692,false,,,,,,false,2023-11-14,,,,,,,,,,,,
WO,2004,WO-2004,,,-,,,,SPA-TO,542,SPA-TO00542,"System Administrator",Cerrado,"2023-11-14 18:32:50","2023-11-15 12:19:15","211230019198_TO0542-INSPECCION__OCA_-21-05-2019.PDF","211230019198_TO0542-INSPECCION__OCA_-21-05-2019.PDF","Inspecciones (OCA)",NO,,,,,,21.05.2022,LO,6745,LO-006745,false,,,,,,false,2023-11-14,,,,,,,,,,,,
WO,2331,WO-2331,,,-,,,,SPA-MX,2063,SPA-MX02063,"System Administrator",Cerrado,"2023-11-14 18:40:39","2023-11-15 12:09:10","2112304417233_MX2063-REVISION__MTO_-04-02-2019.PDF","2112304417233_MX2063-REVISION__MTO_-04-02-2019.PDF","Revision (MTO)",NO,,,,,,,LO,4619,LO-004619,false,,,,,,false,2023-11-14,,,,,,,,,,,,
WO,4102,WO-4102,,,-,,,,SPA-BU,4154,SPA-BU04154,"System Administrator",Cerrado,"2024-01-18 17:36:17","2024-01-18 18:02:38",2214163120208_BU4154.PDF,2214163120208_BU4154.PDF,"Revision (MTO)",NO,,,,,,23.09.2024,LO,663,LO-000663,false,,,,,,false,2024-01-18,,,,,,,,,,,,
WO,4478,WO-4478,SAR,133,SAR-000133,SPA-CO,7550,SPA-CO07550,,,,"DNO acceso OSP",Abierto,"2024-01-26 11:06:49","2024-01-26 11:22:42","DESMONTE REPETIDOR AVE","DESMONTE REPETIDOR AVE",Infraestructura,NO,,,,,,,,,-,false,,,,,,false,2024-01-26,,,,,,,,,,,,
WO,2498,WO-2498,,,-,,,,SPA-VX,900,SPA-VX00900,"System Administrator",Cerrado,"2023-11-14 18:44:40","2023-11-15 12:12:34","2112310410048_VX0900-REVISION__MTO_-16-06-2020.DOC","2112310410048_VX0900-REVISION__MTO_-16-06-2020.DOC","Revision (MTO)",NO,,,,,,,LO,7384,LO-007384,false,,,,,,false,2023-11-14,,,,,,,,,,,,
WO,1935,WO-1935,,,-,,,,SPA-AB,6411,SPA-AB06411,"System Administrator",Cerrado,"2023-11-14 18:31:09","2023-11-15 12:17:33","2610245924618_AB6411_VILLARROBLEDO_CERTIFICADO_FAVORABLE_2021.PDF","2610245924618_AB6411_VILLARROBLEDO_CERTIFICADO_FAVORABLE_2021.PDF","Inspecciones (OCA)",NO,,,,,,10.03.2024,LO,84,LO-000084,false,,,,,,false,2023-11-14,,,,,,,,,,,,
WO,2224,WO-2224,,,-,,,,SPA-VA,2217,SPA-VA02217,"System Administrator",Cerrado,"2023-11-14 18:38:06","2023-11-15 12:22:31","2112303320363_VA2217-REVISION__MTO_-08-10-2019.PDF","2112303320363_VA2217-REVISION__MTO_-08-10-2019.PDF","Revision (MTO)",NO,,,,,,,LO,7060,LO-007060,false,,,,,,false,2023-11-14,,,,,,,,,,,,
WO,2292,WO-2292,,,-,,,,SPA-LE,1661,SPA-LE01661,"System Administrator",Cerrado,"2023-11-14 18:39:43","2023-11-15 12:22:53","2112304222566_LE1661-REVISION__MTO_-10-06-2019.PDF","2112304222566_LE1661-REVISION__MTO_-10-06-2019.PDF","Revision (MTO)",NO,,,,,,,LO,3458,LO-003458,false,,,,,,false,2023-11-14,,,,,,,,,,,,
WO,2726,WO-2726,,,-,,,,SPA-HX,9421,SPA-HX09421,"System Administrator",Cerrado,"2023-11-14 18:49:49","2023-11-15 12:22:16","2112312626792_HX9421-REVISION__MTO_-15-07-2020.PDF","2112312626792_HX9421-REVISION__MTO_-15-07-2020.PDF","Revision (MTO)",NO,,,,,,,LO,2920,LO-002920,false,,,,,,false,2023-11-14,,,,,,,,,,,,
WO,2746,WO-2746,,,-,,,,SPA-ZA,6985,SPA-ZA06985,"System Administrator",Cerrado,"2023-11-14 18:50:16","2023-11-15 12:06:28","2112342325318_ZA6985-INSPECCION__OCA_-14-09-2020.PDF","2112342325318_ZA6985-INSPECCION__OCA_-14-09-2020.PDF","Inspecciones (OCA)",NO,,,,,,14.09.2023,LO,7653,LO-007653,false,,,,,,false,2023-11-14,,,,,,,,,,,,
WO,3003,WO-3003,,,-,,,,SPA-MX,3402,SPA-MX03402,"System Administrator",Cerrado,"2023-11-14 18:56:15","2023-11-15 12:10:28",2110283712186_MX3402.PDF,2110283712186_MX3402.PDF,"Inspecciones (OCA)",NO,,,,,,21.10.2024,LO,4703,LO-004703,false,,,,,,false,2023-11-14,,,,,,,,,,,,
WO,2982,WO-2982,,,-,,,,SPA-JX,7917,SPA-JX07917,"System Administrator",Cerrado,"2023-11-14 18:55:47","2023-11-15 12:19:36","2211272424540_REVISION_ANUAL_CT_JX7917_2021.PDF","2211272424540_REVISION_ANUAL_CT_JX7917_2021.PDF","Revision (MTO)",NO,,,,,,,LO,3295,LO-003295,false,,,,,,false,2023-11-14,,,,,,,,,,,,
WO,4083,WO-4083,,,-,,,,SPA-SO,9832,SPA-SO09832,"System Administrator",Cerrado,"2024-01-18 17:35:49","2024-01-18 18:02:27",300824341221_SO9832.PDF,300824341221_SO9832.PDF,"Revision (MTO)",NO,,,,,,21.10.2024,LO,6146,LO-006146,false,,,,,,false,2024-01-18,,,,,,,,,,,,
WO,2562,WO-2562,,,-,,,,SPA-LE,1722,SPA-LE01722,"System Administrator",Cerrado,"2023-11-14 18:46:07","2023-11-15 12:21:44","2112311323277_LE1722-INSPECCION__OCA_-12-08-2020.PDF","2112311323277_LE1722-INSPECCION__OCA_-12-08-2020.PDF","Inspecciones (OCA)",NO,,,,,,12.08.2023,LO,3478,LO-003478,false,,,,,,false,2023-11-14,,,,,,,,,,,,
WO,4284,WO-4284,,,-,,,,SPA-SG,9405,SPA-SG09405,"System Administrator",Cerrado,"2024-01-18 17:40:32","2024-01-18 18:04:30",271237152321_SG9405.PDF,271237152321_SG9405.PDF,"Inspecciones (OCA)",NO,,,,,,,LO,6081,LO-006081,false,,,,,,false,2024-01-18,,,,,,,,,,,,
WO,2598,WO-2598,,,-,,,,SPA-AV,8504,SPA-AV08504,"System Administrator",Cerrado,"2023-11-14 18:46:55","2023-11-15 12:05:19","2112311732018_AV8504-INSPECCION__OCA_-12-10-2020.PDF","2112311732018_AV8504-INSPECCION__OCA_-12-10-2020.PDF","Inspecciones (OCA)",NO,,,,,,12.10.2023,LO,172,LO-000172,false,,,,,,false,2023-11-14,,,,,,,,,,,,
WO,3051,WO-3051,,,-,,,,SPA-LE,1743,SPA-LE01743,"System Administrator",Cerrado,"2023-11-14 18:57:19","2023-11-15 12:07:32","0412043919895_LE1743-REVISION__MTO_-24062015.PDF","0412043919895_LE1743-REVISION__MTO_-24062015.PDF","Revision (MTO)",NO,,,,,,,LO,3489,LO-003489,false,,,,,,false,2023-11-14,,,,,,,,,,,,
WO,3263,WO-3263,,,-,,,,SPA-LE,1713,SPA-LE01713,"System Administrator",Cerrado,"2023-11-14 19:02:08","2023-11-15 12:18:09",1410273430961_LE1713.PDF,1410273430961_LE1713.PDF,"Revision (MTO)",NO,,,,,,,LO,3470,LO-003470,false,,,,,,false,2023-11-14,,,,,,,,,,,,
WO,2968,WO-2968,,,-,,,,SPA-JX,8511,SPA-JX08511,"System Administrator",Cerrado,"2023-11-14 18:55:27","2023-11-15 12:20:53","2212502530939_REVISION_ANUAL_CT_JX8511_2021.PDF","2212502530939_REVISION_ANUAL_CT_JX8511_2021.PDF","Revision (MTO)",NO,,,,,,,LO,3340,LO-003340,false,,,,,,false,2023-11-14,,,,,,,,,,,,
WO,3791,WO-3791,,,-,,,,SPA-BI,627,SPA-BI00627,"System Administrator",Cerrado,"2023-11-14 19:14:27","2023-11-15 12:06:36","0309270119258_BIO627-REV_MTO_16-08-2022.PDF","0309270119258_BIO627-REV_MTO_16-08-2022.PDF","Revision (MTO)",NO,,,,,,,LO,559,LO-000559,false,,,,,,false,2023-11-14,,,,,,,,,,,,
WO,3287,WO-3287,,,-,,,,SPA-AV,8504,SPA-AV08504,"System Administrator",Cerrado,"2023-11-14 19:02:41","2023-11-15 12:15:04",0213185532408_AV8504.PDF,0213185532408_AV8504.PDF,"Revision (MTO)",NO,,,,,,,LO,172,LO-000172,false,,,,,,false,2023-11-14,,,,,,,,,,,,
WO,4200,WO-4200,,,-,,,,SPA-ZX,540,SPA-ZX00540,"System Administrator",Cerrado,"2024-01-18 17:38:38","2024-01-18 18:03:38","0816155020303_AT-Z-019-22-R2-ZX0540_MUEL_2__VISITA_DE_OCA.PDF","0816155020303_AT-Z-019-22-R2-ZX0540_MUEL_2__VISITA_DE_OCA.PDF","Inspecciones (OCA)",NO,,,,,,,LO,7783,LO-007783,false,,,,,,false,2024-01-18,,,,,,,,,,,,
WO,2123,WO-2123,,,-,,,,SPA-ZA,6946,SPA-ZA06946,"System Administrator",Cerrado,"2023-11-14 18:35:41","2023-11-15 12:16:26","2112302421080_ZA6946-REVISION__MTO_-24-07-2018.PDF","2112302421080_ZA6946-REVISION__MTO_-24-07-2018.PDF","Revision (MTO)",NO,,,,,,,LO,7638,LO-007638,false,,,,,,false,2023-11-14,,,,,,,,,,,,
WO,4178,WO-4178,,,-,,,,SPA-HU,7145,SPA-HU07145,"System Administrator",Cerrado,"2024-01-18 17:38:08","2024-01-18 18:03:25","1411201626573_HU7145-REV_MTO_30_08_23.PDF","1411201626573_HU7145-REV_MTO_30_08_23.PDF","Revision (MTO)",NO,,,,,,30.08.2024,LO,2857,LO-002857,false,,,,,,false,2024-01-18,,,,,,,,,,,,
WO,2488,WO-2488,,,-,,,,SPA-CS,129,SPA-CS00129,"System Administrator",Cerrado,"2023-11-14 18:44:26","2023-11-15 12:06:21","211231039385_CS0129-REVISION__MTO_-03-06-2020.DOC","211231039385_CS0129-REVISION__MTO_-03-06-2020.DOC","Revision (MTO)",NO,,,,,,,LO,1896,LO-001896,false,,,,,,false,2023-11-14,,,,,,,,,,,,
WO,4238,WO-4238,,,-,,,,SPA-OR,9722,SPA-OR09722,"System Administrator",Cerrado,"2024-01-18 17:39:30","2024-01-18 18:04:03","1910001724840_OCA_OR9722.PDF","1910001724840_OCA_OR9722.PDF","Inspecciones (OCA)",NO,,,,,,,LO,5171,LO-005171,false,,,,,,false,2024-01-18,,,,,,,,,,,,
WO,3576,WO-3576,,,-,,,,SPA-CU,8400,SPA-CU08400,"System Administrator",Cerrado,"2023-11-14 19:09:21","2023-11-15 12:06:09","0311464711465_CU8400-REV__MTO_09-09-2022.PDF","0311464711465_CU8400-REV__MTO_09-09-2022.PDF","Revision (MTO)",NO,,,,,,,LO,1990,LO-001990,false,,,,,,false,2023-11-14,,,,,,,,,,,,
WO,2994,WO-2994,,,-,,,,,,,"System Administrator",Cerrado,"2023-11-14 18:56:04","2023-11-15 12:24:20","220949353162_REVISION_ANUAL_CT_BA0368_2021.PDF","220949353162_REVISION_ANUAL_CT_BA0368_2021.PDF","Revision (MTO)",NO,,,,,,,,,-,false,,,,,,false,2023-11-14,,,,,,,,,,,,
WO,3742,WO-3742,,,-,,,,SPA-VX,349,SPA-VX00349,"System Administrator",Cerrado,"2023-11-14 19:13:17","2023-11-15 12:11:32","0317454732078_VX0349_EL_PALOMAR_INFORME_DE_REVISION_2022.PDF","0317454732078_VX0349_EL_PALOMAR_INFORME_DE_REVISION_2022.PDF","Revision (MTO)",NO,,,,,,,LO,7344,LO-007344,false,,,,,,false,2023-11-14,,,,,,,,,,,,
WO,2869,WO-2869,,,-,,,,SPA-LO,512,SPA-LO00512,"System Administrator",Cerrado,"2023-11-14 18:53:10","2023-11-15 12:18:03",041023463230_LO0512.PDF,041023463230_LO0512.PDF,"Revision (MTO)",NO,,,,,,,LO,3539,LO-003539,false,,,,,,false,2023-11-14,,,,,,,,,,,,
WO,1957,WO-1957,,,-,,,,SPA-TE,4,SPA-TE00004,"System Administrator",Cerrado,"2023-11-14 18:31:39","2023-11-15 12:17:38","281005215240_500AT001521_PUEBLA_VALVERDE_FIRMADO__TE0004.PDF","281005215240_500AT001521_PUEBLA_VALVERDE_FIRMADO__TE0004.PDF","Inspecciones (OCA)",NO,,,,,,11.05.2024,LO,6396,LO-006396,false,,,,,,false,2023-11-14,,,,,,,,,,,,
WO,3596,WO-3596,,,-,,,,SPA-JX,8171,SPA-JX08171,"System Administrator",Cerrado,"2023-11-14 19:09:48","2023-11-15 12:21:32","0807343612750_OCA_CT_JX8171.PDF","0807343612750_OCA_CT_JX8171.PDF","Inspecciones (OCA)",NO,,,,,,30.08.2025,LO,3323,LO-003323,false,,,,,,false,2023-11-14,,,,,,,,,,,,
WO,2583,WO-2583,,,-,,,,SPA-PO,6639,SPA-PO06639,"System Administrator",Cerrado,"2023-11-14 18:46:35","2023-11-15 12:18:02","2112311418448_PO6639-INSPECCION__OCA_-27-08-2020.PDF","2112311418448_PO6639-INSPECCION__OCA_-27-08-2020.PDF","Inspecciones (OCA)",NO,,,,,,27.08.2023,LO,5605,LO-005605,false,,,,,,false,2023-11-14,,,,,,,,,,,,
WO,2736,WO-2736,,,-,,,,SPA-LE,921,SPA-LE00921,"System Administrator",Cerrado,"2023-11-14 18:50:02","2023-11-15 12:15:42","2112312715144_LE0921-REVISION__MTO_-26-06-2020.PDF","2112312715144_LE0921-REVISION__MTO_-26-06-2020.PDF","Revision (MTO)",NO,,,,,,,LO,3423,LO-003423,false,,,,,,false,2023-11-14,,,,,,,,,,,,
WO,3097,WO-3097,,,-,,,,SPA-CU,8316,SPA-CU08316,"System Administrator",Cerrado,"2023-11-14 18:58:15","2023-11-15 12:11:14",0913443229547_CU8316.PDF,0913443229547_CU8316.PDF,"Inspecciones (OCA)",NO,,,,,,02.08.2024,LO,1978,LO-001978,false,,,,,,false,2023-11-14,,,,,,,,,,,,
WO,2280,WO-2280,,,-,,,,SPA-LE,1726,SPA-LE01726,"System Administrator",Cerrado,"2023-11-14 18:39:24","2023-11-15 12:16:28","2112304111400_LE1726-REVISION__MTO_-10-06-2019.PDF","2112304111400_LE1726-REVISION__MTO_-10-06-2019.PDF","Revision (MTO)",NO,,,,,,,LO,3481,LO-003481,false,,,,,,false,2023-11-14,,,,,,,,,,,,
WO,3964,WO-3964,,,-,,,,SPA-GU,9201,SPA-GU09201,"System Administrator",Cerrado,"2024-01-18 17:32:56","2024-01-18 18:01:13","191126426072_GU9201-REV_MTO_29-03-2023.PDF","191126426072_GU9201-REV_MTO_29-03-2023.PDF","Revision (MTO)",NO,,,,,,,LO,2804,LO-002804,false,,,,,,false,2024-01-18,,,,,,,,,,,,
WO,4564,WO-4564,SAR,223,SAR-000223,SPA-IB,126,SPA-IB00126,,,,"DNO acceso OSP",Abierto,"2024-01-29 12:46:13","2024-01-29 13:02:40","IB0126   442888","Acceso para instalación y puesta en servicio del nuevo TP4100. Se solicita acceso a Sala Principal.",Auditoría,NO,,,,,,,,,-,false,,,,,,false,2024-01-29,,,,,,,,,,,,
WO,3814,WO-3814,,,-,,,,SPA-HU,7133,SPA-HU07133,"System Administrator",Cerrado,"2024-01-18 17:29:12","2024-01-18 17:59:39","0413390628398_HU7133-REV_MTO_07-07-2022.PDF","0413390628398_HU7133-REV_MTO_07-07-2022.PDF","Revision (MTO)",NO,,,,,,,LO,2850,LO-002850,false,,,,,,false,2024-01-18,,,,,,,,,,,,
WO,3387,WO-3387,,,-,,,,SPA-TO,32,SPA-TO00032,"System Administrator",Cerrado,"2023-11-14 19:04:59","2023-11-15 12:11:21","1914074726254_TO0032-TOTEM.PDF","1914074726254_TO0032-TOTEM.PDF","Revision (MTO)",NO,,,,,,,LO,6643,LO-006643,false,,,,,,false,2023-11-14,,,,,,,,,,,,
WO,3784,WO-3784,,,-,,,,SPA-CX,3053,SPA-CX03053,"System Administrator",Cerrado,"2023-11-14 19:14:16","2023-11-15 12:23:11","2609450627687_PARTE_INCIDENCIA.PDF","2609450627687_PARTE_INCIDENCIA.PDF","Revision (MTO)",NO,,,,,,,LO,2276,LO-002276,false,,,,,,false,2023-11-14,,,,,,,,,,,,
WO,2085,WO-2085,,,-,,,,SPA-MU,75,SPA-MU00075,"System Administrator",Cerrado,"2023-11-14 18:34:44","2023-11-15 12:25:09","211230101550_MU0075-REVISION__MTO_-20-08-2019.DOC","211230101550_MU0075-REVISION__MTO_-20-08-2019.DOC","Revision (MTO)",NO,,,,,,,LO,4054,LO-004054,false,,,,,,false,2023-11-14,,,,,,,,,,,,
WO,4237,WO-4237,,,-,,,,SPA-OR,8920,SPA-OR08920,"System Administrator",Cerrado,"2024-01-18 17:39:28","2024-01-18 18:04:02","1909590931160_OCA_OR8920.PDF","1909590931160_OCA_OR8920.PDF","Inspecciones (OCA)",NO,,,,,,,LO,5126,LO-005126,false,,,,,,false,2024-01-18,,,,,,,,,,,,
WO,4600,WO-4600,SAR,260,SAR-000260,SPA-BX,1913,SPA-BX01913,,,,"DNO acceso OSP",Abierto,"2024-01-29 18:42:25","2024-01-29 18:47:27","443795 - BX1913","Certificación Radioeléctrica de antenas de telefonía. No se realizan trabajos de altura, tensión, obra, ni que conlleve riesgo a terceros.",Infraestructura,NO,,,,,,,,,-,false,,,,,,false,2024-01-29,,,,,,,,,,,,
WO,2012,WO-2012,,,-,,,,SPA-TO,26,SPA-TO00026,"System Administrator",Cerrado,"2023-11-14 18:33:01","2023-11-15 12:11:37","21123001241_TO0026-INSPECCION__OCA_-15-05-2019.PDF","21123001241_TO0026-INSPECCION__OCA_-15-05-2019.PDF","Inspecciones (OCA)",NO,,,,,,15.05.2022,LO,6641,LO-006641,false,,,,,,false,2023-11-14,,,,,,,,,,,,
WO,3224,WO-3224,,,-,,,,SPA-BI,634,SPA-BI00634,"System Administrator",Cerrado,"2023-11-14 19:01:14","2023-11-15 12:12:09","0114182632018_PARTE_DE_INCIDENCIA.PDF","0114182632018_PARTE_DE_INCIDENCIA.PDF","Revision (MTO)",NO,,,,,,,LO,562,LO-000562,false,,,,,,false,2023-11-14,,,,,,,,,,,,
WO,4264,WO-4264,,,-,,,,SPA-LE,1726,SPA-LE01726,"System Administrator",Cerrado,"2024-01-18 17:40:05","2024-01-18 18:04:19",161344212045_LE1726.PDF,161344212045_LE1726.PDF,"Inspecciones (OCA)",NO,,,,,,,LO,3481,LO-003481,false,,,,,,false,2024-01-18,,,,,,,,,,,,
WO,2225,WO-2225,,,-,,,,SPA-VA,2196,SPA-VA02196,"System Administrator",Cerrado,"2023-11-14 18:38:08","2023-11-15 12:07:31","2112303429301_VA2196-REVISION__MTO_-08-10-2019.PDF","2112303429301_VA2196-REVISION__MTO_-08-10-2019.PDF","Revision (MTO)",NO,,,,,,,LO,7045,LO-007045,false,,,,,,false,2023-11-14,,,,,,,,,,,,
WO,2289,WO-2289,,,-,,,,SPA-LE,1691,SPA-LE01691,"System Administrator",Cerrado,"2023-11-14 18:39:39","2023-11-15 12:14:51","2112304227189_LE1691-REVISION__MTO_-10-06-2019.PDF","2112304227189_LE1691-REVISION__MTO_-10-06-2019.PDF","Revision (MTO)",NO,,,,,,,LO,3464,LO-003464,false,,,,,,false,2023-11-14,,,,,,,,,,,,
WO,2211,WO-2211,,,-,,,,SPA-SG,9401,SPA-SG09401,"System Administrator",Cerrado,"2023-11-14 18:37:48","2023-11-15 12:23:24","211230338838_SG9401-REVISION__MTO_-08-08-2019.PDF","211230338838_SG9401-REVISION__MTO_-08-08-2019.PDF","Revision (MTO)",NO,,,,,,,LO,6078,LO-006078,false,,,,,,false,2023-11-14,,,,,,,,,,,,
WO,3395,WO-3395,,,-,,,,SPA-CU,8323,SPA-CU08323,"System Administrator",Cerrado,"2023-11-14 19:05:10","2023-11-15 12:23:48","251001518957_CU8323-TOTEM.PDF","251001518957_CU8323-TOTEM.PDF","Revision (MTO)",NO,,,,,,,LO,1982,LO-001982,false,,,,,,false,2023-11-14,,,,,,,,,,,,
WO,3092,WO-3092,,,-,,,,SPA-CU,8562,SPA-CU08562,"System Administrator",Cerrado,"2023-11-14 18:58:08","2023-11-15 12:12:06",0915491627711_CU8562.PDF,0915491627711_CU8562.PDF,"Inspecciones (OCA)",NO,,,,,,29.07.2024,LO,2044,LO-002044,false,,,,,,false,2023-11-14,,,,,,,,,,,,
WO,2850,WO-2850,,,-,,,,SPA-CS,36,SPA-CS00036,"System Administrator",Cerrado,"2023-11-14 18:52:43","2023-11-15 12:19:48","1319415029963_CS0036_INFORME_REVISION_LA_LLOSA_2021.PDF","1319415029963_CS0036_INFORME_REVISION_LA_LLOSA_2021.PDF","Revision (MTO)",NO,,,,,,,LO,1847,LO-001847,false,,,,,,false,2023-11-14,,,,,,,,,,,,
WO,4539,WO-4539,SAR,202,SAR-000202,SPA-GI,8765,SPA-GI08765,,,,"Rafael jose Huesca moruno",Abierto,"2024-01-29 10:18:14","2024-01-29 10:18:29","No hay cilindro. Es necesaria llave especifica de la puertande seguridad","No hay cilindro. Es necesaria llave especifica de la puertande seguridad",Normal,NO,,,,,,,,,-,false,,,,,,false,2024-01-29,,,,,,,,,,,,
WO,2715,WO-2715,,,-,,,,SPA-JX,8511,SPA-JX08511,"System Administrator",Cerrado,"2023-11-14 18:49:34","2023-11-15 12:13:13","2112312527760_JX8511-INSPECCION__OCA_-01-07-2020.PDF","2112312527760_JX8511-INSPECCION__OCA_-01-07-2020.PDF","Inspecciones (OCA)",NO,,,,,,01.07.2023,LO,3340,LO-003340,false,,,,,,false,2023-11-14,,,,,,,,,,,,
WO,2555,WO-2555,,,-,,,,SPA-LE,1546,SPA-LE01546,"System Administrator",Cerrado,"2023-11-14 18:45:57","2023-11-15 12:22:29","2112311221862_LE1546-INSPECCION__OCA_-14-08-2020.PDF","2112311221862_LE1546-INSPECCION__OCA_-14-08-2020.PDF","Inspecciones (OCA)",NO,,,,,,14.08.2023,LO,3449,LO-003449,false,,,,,,false,2023-11-14,,,,,,,,,,,,
WO,2347,WO-2347,,,-,,,,SPA-TO,72,SPA-TO00072,"System Administrator",Cerrado,"2023-11-14 18:41:02","2023-11-15 12:24:37","2112304723699_TO0072-REVISION__MTO_-04-02-2019.PDF","2112304723699_TO0072-REVISION__MTO_-04-02-2019.PDF","Revision (MTO)",NO,,,,,,,LO,6660,LO-006660,false,,,,,,false,2023-11-14,,,,,,,,,,,,
WO,2444,WO-2444,,,-,,,,SPA-GU,49,SPA-GU00049,"System Administrator",Cerrado,"2023-11-14 18:43:21","2023-11-15 12:06:22","2112305419662_GU0049-REVISION__MTO_-06-03-2019.PDF","2112305419662_GU0049-REVISION__MTO_-06-03-2019.PDF","Revision (MTO)",NO,,,,,,,LO,2743,LO-002743,false,,,,,,false,2023-11-14,,,,,,,,,,,,
WO,2672,WO-2672,,,-,,,,SPA-BU,4235,SPA-BU04235,"System Administrator",Cerrado,"2023-11-14 18:48:36","2023-11-15 12:21:17","211231222451_BU4235-REVISION__MTO_-20-07-2020.PDF","211231222451_BU4235-REVISION__MTO_-20-07-2020.PDF","Revision (MTO)",NO,,,,,,,LO,703,LO-000703,false,,,,,,false,2023-11-14,,,,,,,,,,,,
WO,4598,WO-4598,SAR,258,SAR-000258,SPA-MX,957,SPA-MX00957,,,,"DNO acceso OSP",Abierto,"2024-01-29 18:15:43","2024-01-29 18:23:01","444410   MX0957","REVISION EQUIPOS ORANGE Se debe revisar conexion entre RRU-2-1 y AntennaUnitGroup=2",Urgente,SI,,,"2024-01-29 03:00:10",,,,,,-,false,,,,,,false,2024-01-29,,,,,,,,,,,,
WO,3054,WO-3054,,,-,,,,,,,"System Administrator",Cerrado,"2023-11-14 18:57:23","2023-11-15 12:12:18","0412043912382_LE1742-INSPECCION__OCA_-07-08-2017.PDF","0412043912382_LE1742-INSPECCION__OCA_-07-08-2017.PDF","Inspecciones (OCA)",NO,,,,,,07.08.2020,,,-,false,,,,,,false,2023-11-14,,,,,,,,,,,,
WO,2475,WO-2475,,,-,,,,SPA-AB,6006,SPA-AB06006,"System Administrator",Cerrado,"2023-11-14 18:44:08","2023-11-15 12:14:31","2112310027273_AB6006-REVISION__MTO_-21-04-2020.DOC","2112310027273_AB6006-REVISION__MTO_-21-04-2020.DOC","Revision (MTO)",NO,,,,,,,LO,43,LO-000043,false,,,,,,false,2023-11-14,,,,,,,,,,,,
WO,4368,WO-4368,,,-,,,,SPA-HX,9801,SPA-HX09801,"System Administrator",Cerrado,"2024-01-18 17:42:24","2024-01-18 18:05:20","3015171115626_HX9801-INSPECCION_OCA_-18-10-2022.PDF","3015171115626_HX9801-INSPECCION_OCA_-18-10-2022.PDF","Inspecciones (OCA)",NO,,,,,,,LO,2993,LO-002993,false,,,,,,false,2024-01-18,,,,,,,,,,,,
WO,3278,WO-3278,,,-,,,,SPA-VA,2171,SPA-VA02171,"System Administrator",Cerrado,"2023-11-14 19:02:28","2023-11-15 12:05:35",2009523818590_VA2171.PDF,2009523818590_VA2171.PDF,"Revision (MTO)",NO,,,,,,,LO,7028,LO-007028,false,,,,,,false,2023-11-14,,,,,,,,,,,,
WO,3291,WO-3291,,,-,,,,SPA-MX,1002,SPA-MX01002,"System Administrator",Cerrado,"2023-11-14 19:02:46","2023-11-15 12:21:36","0810573816012_MX1002-INSPECCION__OCA_-05-02-2018.PDF","0810573816012_MX1002-INSPECCION__OCA_-05-02-2018.PDF","Inspecciones (OCA)",NO,,,,,,05.02.2021,LO,4523,LO-004523,false,,,,,,false,2023-11-14,,,,,,,,,,,,
WO,3840,WO-3840,,,-,,,,SPA-HX,9421,SPA-HX09421,"System Administrator",Cerrado,"2024-01-18 17:29:52","2024-01-18 17:59:55","1109224115329_HX9421-REVISION__MTO_-01-08-2023.PDF","1109224115329_HX9421-REVISION__MTO_-01-08-2023.PDF","Revision (MTO)",NO,,,,,,,LO,2920,LO-002920,false,,,,,,false,2024-01-18,,,,,,,,,,,,
WO,3255,WO-3255,,,-,,,,SPA-LE,1676,SPA-LE01676,"System Administrator",Cerrado,"2023-11-14 19:01:56","2023-11-15 12:14:39",140915147465_LE1676.PDF,140915147465_LE1676.PDF,"Revision (MTO)",NO,,,,,,,LO,3463,LO-003463,false,,,,,,false,2023-11-14,,,,,,,,,,,,
WO,2327,WO-2327,,,-,,,,SPA-MX,3104,SPA-MX03104,"System Administrator",Cerrado,"2023-11-14 18:40:33","2023-11-15 12:24:26","21123044893_MX3104-REVISION__MTO_-04-02-2019.PDF","21123044893_MX3104-REVISION__MTO_-04-02-2019.PDF","Revision (MTO)",NO,,,,,,,LO,4691,LO-004691,false,,,,,,false,2023-11-14,,,,,,,,,,,,
WO,2221,WO-2221,,,-,,,,SPA-SG,9130,SPA-SG09130,"System Administrator",Cerrado,"2023-11-14 18:38:02","2023-11-15 12:07:15","2112303331601_SG9130-REVISION__MTO_-08-08-2019.PDF","2112303331601_SG9130-REVISION__MTO_-08-08-2019.PDF","Revision (MTO)",NO,,,,,,,LO,6046,LO-006046,false,,,,,,false,2023-11-14,,,,,,,,,,,,
WO,3566,WO-3566,,,-,,,,SPA-VI,8710,SPA-VI08710,"System Administrator",Cerrado,"2023-11-14 19:09:07","2023-11-15 12:07:28","0311591728045_VI8710-REV__MTO_18-08-2022.PDF","0311591728045_VI8710-REV__MTO_18-08-2022.PDF","Revision (MTO)",NO,,,,,,,LO,7164,LO-007164,false,,,,,,false,2023-11-14,,,,,,,,,,,,
WO,2164,WO-2164,,,-,,,,SPA-BU,4235,SPA-BU04235,"System Administrator",Cerrado,"2023-11-14 18:36:41","2023-11-15 12:10:13","211230263335_BU4235-REVISION__MTO_-08-08-2019.PDF","211230263335_BU4235-REVISION__MTO_-08-08-2019.PDF","Revision (MTO)",NO,,,,,,,LO,703,LO-000703,false,,,,,,false,2023-11-14,,,,,,,,,,,,
WO,3080,WO-3080,,,-,,,,SPA-SA,5736,SPA-SA05736,"System Administrator",Cerrado,"2023-11-14 18:57:52","2023-11-15 12:24:42","281256316381_SA5736-DESFAVORABLE.PDF","281256316381_SA5736-DESFAVORABLE.PDF","Inspecciones (OCA)",NO,,,,,,09.11.2025,LO,5705,LO-005705,false,,,,,,false,2023-11-14,,,,,,,,,,,,
WO,4274,WO-4274,,,-,,,,SPA-LE,1718,SPA-LE01718,"System Administrator",Cerrado,"2024-01-18 17:40:18","2024-01-18 18:04:24",200843511907_LE1718.PDF,200843511907_LE1718.PDF,"Inspecciones (OCA)",NO,,,,,,,LO,3474,LO-003474,false,,,,,,false,2024-01-18,,,,,,,,,,,,
WO,2898,WO-2898,,,-,,,,SPA-AV,8433,SPA-AV08433,"System Administrator",Cerrado,"2023-11-14 18:53:50","2023-11-15 12:22:47",0810440515585_AV8433.PDF,0810440515585_AV8433.PDF,"Revision (MTO)",NO,,,,,,,LO,148,LO-000148,false,,,,,,false,2023-11-14,,,,,,,,,,,,
WO,2798,WO-2798,,,-,,,,SPA-SG,9124,SPA-SG09124,"System Administrator",Cerrado,"2023-11-14 18:51:28","2023-11-15 12:22:52","2112342726919_SG9124-INSPECCION__OCA_-16-09-2020.PDF","2112342726919_SG9124-INSPECCION__OCA_-16-09-2020.PDF","Inspecciones (OCA)",NO,,,,,,16.09.2023,LO,6042,LO-006042,false,,,,,,false,2023-11-14,,,,,,,,,,,,
WO,3673,WO-3673,,,-,,,,SPA-BU,4178,SPA-BU04178,"System Administrator",Cerrado,"2023-11-14 19:11:36","2023-11-15 12:07:04","1608330624497_BU4178-CON_DEFECTOS.PDF","1608330624497_BU4178-CON_DEFECTOS.PDF","Revision (MTO)",NO,,,,,,,LO,677,LO-000677,false,,,,,,false,2023-11-14,,,,,,,,,,,,
WO,3424,WO-3424,,,-,,,,SPA-GU,9113,SPA-GU09113,"System Administrator",Cerrado,"2023-11-14 19:05:50","2023-11-15 12:17:49","2711005732214_GU9113-TOTEM.PDF","2711005732214_GU9113-TOTEM.PDF","Revision (MTO)",NO,,,,,,,LO,2760,LO-002760,false,,,,,,false,2023-11-14,,,,,,,,,,,,
WO,4111,WO-4111,,,-,,,,SPA-BU,4313,SPA-BU04313,"System Administrator",Cerrado,"2024-01-18 17:36:30","2024-01-18 18:02:44",170808069282_BU4313.PDF,170808069282_BU4313.PDF,"Revision (MTO)",NO,,,,,,24.10.2024,LO,737,LO-000737,false,,,,,,false,2024-01-18,,,,,,,,,,,,
WO,3825,WO-3825,,,-,,,,SPA-LE,9743,SPA-LE09743,"System Administrator",Cerrado,"2024-01-18 17:29:29","2024-01-18 17:59:46","1411041817693_PARTE_INCIDENCIA.PDF","1411041817693_PARTE_INCIDENCIA.PDF","Revision (MTO)",NO,,,,,,,LO,3511,LO-003511,false,,,,,,false,2024-01-18,,,,,,,,,,,,
WO,3523,WO-3523,,,-,,,,SPA-CX,467,SPA-CX00467,"System Administrator",Cerrado,"2023-11-14 19:08:08","2023-11-15 12:09:07",0411220123445_CX0467.PDF,0411220123445_CX0467.PDF,"Revision (MTO)",NO,,,,,,,LO,2159,LO-002159,false,,,,,,false,2023-11-14,,,,,,,,,,,,
WO,4230,WO-4230,,,-,,,,SPA-JX,67,SPA-JX00067,"System Administrator",Cerrado,"2024-01-18 17:39:19","2024-01-18 18:03:58","2307310712597_JX0067_01290417_TOTEM_TOWERCO_BAILEN_LA_PERIO_FAV.PDF","2307310712597_JX0067_01290417_TOTEM_TOWERCO_BAILEN_LA_PERIO_FAV.PDF","Inspecciones (OCA)",NO,,,,,,,LO,3286,LO-003286,false,,,,,,false,2024-01-18,,,,,,,,,,,,
WO,3806,WO-3806,,,-,,,,SPA-SG,9301,SPA-SG09301,"System Administrator",Cerrado,"2024-01-18 17:29:01","2024-01-18 17:59:34","020920131479_SG9301-DEFECTOS_CORREGIDOS.PDF","020920131479_SG9301-DEFECTOS_CORREGIDOS.PDF","Revision (MTO)",NO,,,,,,,LO,6072,LO-006072,false,,,,,,false,2024-01-18,,,,,,,,,,,,
WO,3481,WO-3481,,,-,,,,SPA-TO,115,SPA-TO00115,"System Administrator",Cerrado,"2023-11-14 19:07:09","2023-11-15 12:07:19","181234542057_TO0115-REV__MTO_09-06-2022.PDF","181234542057_TO0115-REV__MTO_09-06-2022.PDF","Revision (MTO)",NO,,,,,,,LO,6681,LO-006681,false,,,,,,false,2023-11-14,,,,,,,,,,,,
WO,2060,WO-2060,,,-,,,,SPA-ZX,374,SPA-ZX00374,"System Administrator",Cerrado,"2023-11-14 18:34:09","2023-11-15 12:10:12","2112300422214_ZX0374-INSPECCION__OCA_-15-06-2019.PDF","2112300422214_ZX0374-INSPECCION__OCA_-15-06-2019.PDF","Inspecciones (OCA)",NO,,,,,,15.06.2022,LO,7759,LO-007759,false,,,,,,false,2023-11-14,,,,,,,,,,,,
WO,1891,WO-1891,,,-,,,,SPA-SG,9401,SPA-SG09401,"System Administrator",Cerrado,"2023-11-14 18:30:07","2023-11-15 12:07:30",2310212614714_SG9401.PDF,2310212614714_SG9401.PDF,"Revision (MTO)",NO,,,,,,,LO,6078,LO-006078,false,,,,,,false,2023-11-14,,,,,,,,,,,,
WO,3581,WO-3581,,,-,,,,SPA-MA,2854,SPA-MA02854,"System Administrator",Cerrado,"2023-11-14 19:09:28","2023-11-15 12:16:52","3010002212207_MA2654-REVISION__MTO_-22-08-2022.PDF","3010002212207_MA2654-REVISION__MTO_-22-08-2022.PDF","Revision (MTO)",NO,,,,,,,LO,3910,LO-003910,false,,,,,,false,2023-11-14,,,,,,,,,,,,
WO,4265,WO-4265,,,-,,,,SPA-LE,1725,SPA-LE01725,"System Administrator",Cerrado,"2024-01-18 17:40:06","2024-01-18 18:04:19",1613464032080_LE1725.PDF,1613464032080_LE1725.PDF,"Inspecciones (OCA)",NO,,,,,,,LO,3480,LO-003480,false,,,,,,false,2024-01-18,,,,,,,,,,,,
WO,2460,WO-2460,,,-,,,,SPA-PO,6057,SPA-PO06057,"System Administrator",Cerrado,"2023-11-14 18:43:46","2023-11-15 12:24:57","211230572138_PO6057-REVISION__MTO_-04-06-2019.PDF","211230572138_PO6057-REVISION__MTO_-04-06-2019.PDF","Revision (MTO)",NO,,,,,,,LO,5514,LO-005514,false,,,,,,false,2023-11-14,,,,,,,,,,,,
WO,2102,WO-2102,,,-,,,,SPA-LE,991,SPA-LE00991,"System Administrator",Cerrado,"2023-11-14 18:35:09","2023-11-15 12:19:43","2112301914868_LE0991-REVISION__MTO_-01-08-2018.PDF","2112301914868_LE0991-REVISION__MTO_-01-08-2018.PDF","Revision (MTO)",NO,,,,,,,LO,3428,LO-003428,false,,,,,,false,2023-11-14,,,,,,,,,,,,
WO,3906,WO-3906,,,-,,,,SPA-VI,8747,SPA-VI08747,"System Administrator",Cerrado,"2024-01-18 17:31:29","2024-01-18 18:00:38","2016453715048_VI8747-REV__MTO_16-01-2023.PDF","2016453715048_VI8747-REV__MTO_16-01-2023.PDF","Revision (MTO)",NO,,,,,,,LO,7182,LO-007182,false,,,,,,false,2024-01-18,,,,,,,,,,,,
WO,4544,WO-4544,,,-,,,,,,,"DNO acceso OSP",Cancelado,"2024-01-29 10:52:40","2024-01-29 11:21:43","442874   MX3763","Instalación bandejas más ATN",Auditoría,NO,,,,,,,,,-,false,,,,,,false,2024-01-29,,,,,,,,,,,,
WO,2710,WO-2710,,,-,,,,SPA-BU,4155,SPA-BU04155,"System Administrator",Cerrado,"2023-11-14 18:49:27","2023-11-15 12:13:55","2112312522045_BU4155-INCIDENCIA-18-11-2020.PDF","2112312522045_BU4155-INCIDENCIA-18-11-2020.PDF","Revision (MTO)",NO,,,,,,,LO,664,LO-000664,false,,,,,,false,2023-11-14,,,,,,,,,,,,
WO,4451,WO-4451,SAR,86,SAR-000086,SPA-BX,580,SPA-BX00580,,,,"Neus Crespo barbera",Abierto,"2024-01-25 09:56:40","2024-01-25 09:56:40","Revisión equipos","Revisión equipos",Normal,NO,,,,,,,,,-,false,,,,,,false,2024-01-25,,,,,,,,,,,,
WO,2258,WO-2258,,,-,,,,SPA-CO,6835,SPA-CO06835,"System Administrator",Cerrado,"2023-11-14 18:38:53","2023-11-15 12:05:38","2112303821901_CO6835-REVISION__MTO_-20-02-2020.PDF","2112303821901_CO6835-REVISION__MTO_-20-02-2020.PDF","Revision (MTO)",NO,,,,,,,LO,1609,LO-001609,false,,,,,,false,2023-11-14,,,,,,,,,,,,
WO,3528,WO-3528,,,-,,,,SPA-CX,986,SPA-CX00986,"System Administrator",Cerrado,"2023-11-14 19:08:15","2023-11-15 12:20:38",041125438389_CX0986.PDF,041125438389_CX0986.PDF,"Revision (MTO)",NO,,,,,,,LO,2184,LO-002184,false,,,,,,false,2023-11-14,,,,,,,,,,,,
WO,3170,WO-3170,,,-,,,,SPA-SG,9306,SPA-SG09306,"System Administrator",Cerrado,"2023-11-14 18:59:57","2023-11-15 12:20:46","1409531720357_SG9306-CON_DEFECTOS.PDF","1409531720357_SG9306-CON_DEFECTOS.PDF","Revision (MTO)",NO,,,,,,,LO,6077,LO-006077,false,,,,,,false,2023-11-14,,,,,,,,,,,,
WO,2689,WO-2689,,,-,,,,SPA-VI,8712,SPA-VI08712,"System Administrator",Cerrado,"2023-11-14 18:48:58","2023-11-15 12:05:11","2112312421229_VI8712-REVISION__MTO_-20-07-2020.PDF","2112312421229_VI8712-REVISION__MTO_-20-07-2020.PDF","Revision (MTO)",NO,,,,,,,LO,7165,LO-007165,false,,,,,,false,2023-11-14,,,,,,,,,,,,
WO,3456,WO-3456,,,-,,,,SPA-TO,14,SPA-TO00014,"System Administrator",Cerrado,"2023-11-14 19:06:36","2023-11-15 12:21:56","151422118724_TO00014-REV__MTO_20-06-2022.PDF","151422118724_TO00014-REV__MTO_20-06-2022.PDF","Revision (MTO)",NO,,,,,,,LO,6635,LO-006635,false,,,,,,false,2023-11-14,,,,,,,,,,,,
WO,4154,WO-4154,,,-,,,,SPA-AB,6005,SPA-AB06005,"System Administrator",Cerrado,"2024-01-18 17:37:33","2024-01-18 18:03:11","041239267793_AB6005_-_REV_MTO_28-09-2023.PDF","041239267793_AB6005_-_REV_MTO_28-09-2023.PDF","Revision (MTO)",NO,,,,,,28.09.2024,LO,42,LO-000042,false,,,,,,false,2024-01-18,,,,,,,,,,,,
WO,2671,WO-2671,,,-,,,,SPA-BU,4235,SPA-BU04235,"System Administrator",Cerrado,"2023-11-14 18:48:34","2023-11-15 12:16:52","2112312227892_BU4235-INSPECCION__OCA_-13-10-2020.PDF","2112312227892_BU4235-INSPECCION__OCA_-13-10-2020.PDF","Inspecciones (OCA)",NO,,,,,,13.10.2023,LO,703,LO-000703,false,,,,,,false,2023-11-14,,,,,,,,,,,,
WO,2774,WO-2774,,,-,,,,SPA-VA,2179,SPA-VA02179,"System Administrator",Cerrado,"2023-11-14 18:50:55","2023-11-15 12:17:07","211234262047_VA2179-INSPECCION__OCA_-03-10-2020.PDF","211234262047_VA2179-INSPECCION__OCA_-03-10-2020.PDF","Inspecciones (OCA)",NO,,,,,,03.10.2023,LO,7034,LO-007034,false,,,,,,false,2023-11-14,,,,,,,,,,,,
WO,3319,WO-3319,,,-,,,,SPA-CO,6835,SPA-CO06835,"System Administrator",Cerrado,"2023-11-14 19:03:26","2023-11-15 12:19:18","0813455027335_OCA_CT_CO6835_2022.PDF","0813455027335_OCA_CT_CO6835_2022.PDF","Inspecciones (OCA)",NO,,,,,,11.03.2025,LO,1609,LO-001609,false,,,,,,false,2023-11-14,,,,,,,,,,,,
WO,4134,WO-4134,,,-,,,,SPA-LU,7890,SPA-LU07890,"System Administrator",Cerrado,"2024-01-18 17:37:03","2024-01-18 18:02:58",3011074521248_LU7890.PDF,3011074521248_LU7890.PDF,"Revision (MTO)",NO,,,,,,25.11.2024,LO,3622,LO-003622,false,,,,,,false,2024-01-18,,,,,,,,,,,,
WO,3663,WO-3663,,,-,,,,SPA-BU,4147,SPA-BU04147,"System Administrator",Cerrado,"2023-11-14 19:11:21","2023-11-15 12:09:52",1608204914389_BU4147.PDF,1608204914389_BU4147.PDF,"Revision (MTO)",NO,,,,,,,LO,660,LO-000660,false,,,,,,false,2023-11-14,,,,,,,,,,,,
WO,2397,WO-2397,,,-,,,,SPA-CU,8541,SPA-CU08541,"System Administrator",Cerrado,"2023-11-14 18:42:13","2023-11-15 12:15:01","2112305126798_CU8541-REVISION__MTO_-12-03-2019.PDF","2112305126798_CU8541-REVISION__MTO_-12-03-2019.PDF","Revision (MTO)",NO,,,,,,,LO,2041,LO-002041,false,,,,,,false,2023-11-14,,,,,,,,,,,,
WO,2762,WO-2762,,,-,,,,SPA-SO,9832,SPA-SO09832,"System Administrator",Cerrado,"2023-11-14 18:50:38","2023-11-15 12:18:20","2112342517981_SO9832-INSPECCION__OCA_-18-08-2020.PDF","2112342517981_SO9832-INSPECCION__OCA_-18-08-2020.PDF","Inspecciones (OCA)",NO,,,,,,18.08.2023,LO,6146,LO-006146,false,,,,,,false,2023-11-14,,,,,,,,,,,,
WO,3757,WO-3757,,,-,,,,SPA-VX,87,SPA-VX00087,"System Administrator",Cerrado,"2023-11-14 19:13:39","2023-11-15 12:07:16","031728239894_VX0087_UTIEL_LAS_CUEVAS_INFORME_REVISION_2022.PDF","031728239894_VX0087_UTIEL_LAS_CUEVAS_INFORME_REVISION_2022.PDF","Revision (MTO)",NO,,,,,,,LO,7261,LO-007261,false,,,,,,false,2023-11-14,,,,,,,,,,,,
WO,2720,WO-2720,,,-,,,,SPA-JX,8020,SPA-JX08020,"System Administrator",Cerrado,"2023-11-14 18:49:40","2023-11-15 12:08:30","2112312629007_JX8020-INSPECCION__OCA_-15-10-2020.PDF","2112312629007_JX8020-INSPECCION__OCA_-15-10-2020.PDF","Inspecciones (OCA)",NO,,,,,,15.10.2023,LO,3311,LO-003311,false,,,,,,false,2023-11-14,,,,,,,,,,,,
WO,2760,WO-2760,,,-,,,,SPA-SO,9784,SPA-SO09784,"System Administrator",Cerrado,"2023-11-14 18:50:35","2023-11-15 12:22:24","2112342527909_SO9784-INSPECCION__OCA_-19-08-2020.PDF","2112342527909_SO9784-INSPECCION__OCA_-19-08-2020.PDF","Inspecciones (OCA)",NO,,,,,,19.08.2023,LO,6127,LO-006127,false,,,,,,false,2023-11-14,,,,,,,,,,,,
WO,3004,WO-3004,,,-,,,,SPA-MX,3304,SPA-MX03304,"System Administrator",Cerrado,"2023-11-14 18:56:16","2023-11-15 12:17:02",2110273329681_MX3304.PDF,2110273329681_MX3304.PDF,"Inspecciones (OCA)",NO,,,,,,20.10.2024,LO,4698,LO-004698,false,,,,,,false,2023-11-14,,,,,,,,,,,,
WO,3747,WO-3747,,,-,,,,SPA-CS,41,SPA-CS00041,"System Administrator",Cerrado,"2023-11-14 19:13:24","2023-11-15 12:20:32","031703074429_CS0041_INFORME_REVISION_ALMAZORA_2022.PDF","031703074429_CS0041_INFORME_REVISION_ALMAZORA_2022.PDF","Revision (MTO)",NO,,,,,,,LO,1851,LO-001851,false,,,,,,false,2023-11-14,,,,,,,,,,,,
WO,4548,WO-4548,SAR,207,SAR-000207,SPA-BX,460,SPA-BX00460,,,,"DNO acceso OSP",Abierto,"2024-01-29 11:16:05","2024-01-29 11:27:06","443207  //  BX0460","CPEREZ_NOKIA/SERVITEL _ TOMA DE DATOS PARA VANO ORANGE (LINEA DE VISTA). SE PIDEN LLAVE/S DE LA PROPIEDAD QUE HAY EN CUSTODIA ORANGE BARCELONA-GARCILASO.",Auditoría,NO,,,,,,,,,-,false,,,,,,false,2024-01-29,,,,,,,,,,,,
WO,3968,WO-3968,,,-,,,,SPA-CU,8328,SPA-CU08328,"System Administrator",Cerrado,"2024-01-18 17:33:02","2024-01-18 18:01:15","250853554195_CU8328-REV_MTO_21-03-2023.PDF","250853554195_CU8328-REV_MTO_21-03-2023.PDF","Revision (MTO)",NO,,,,,,,LO,1986,LO-001986,false,,,,,,false,2024-01-18,,,,,,,,,,,,
WO,3477,WO-3477,,,-,,,,SPA-TO,73,SPA-TO00073,"System Administrator",Cerrado,"2023-11-14 19:07:04","2023-11-15 12:19:24","1812180525239_TO00073-REV__MTO_06-06-2022.PDF","1812180525239_TO00073-REV__MTO_06-06-2022.PDF","Revision (MTO)",NO,,,,,,,LO,6661,LO-006661,false,,,,,,false,2023-11-14,,,,,,,,,,,,
WO,4179,WO-4179,,,-,,,,SPA-HU,7128,SPA-HU07128,"System Administrator",Cerrado,"2024-01-18 17:38:09","2024-01-18 18:03:26","101548205821_HU7133-REV_MTO_30-08-23.PDF","101548205821_HU7133-REV_MTO_30-08-23.PDF","Revision (MTO)",NO,,,,,,30.08.2024,LO,2847,LO-002847,false,,,,,,false,2024-01-18,,,,,,,,,,,,
WO,4421,WO-4421,,,-,,,,,,,"David Perez palacios",Abierto,"2024-01-23 09:34:55","2024-01-23 09:34:55","Reparación ROE SSRRR CA9900","Reparación ROE SSRRR CA9900",Urgente,SI,"2024-01-23 10:00:00","2024-01-24 22:00:00",,,2401Y56229,,,,-,false,,,,,,false,2024-01-23,,,,,,,,,,,,
WO,4447,WO-4447,SAR,81,SAR-000081,SPA-IB,401,SPA-IB00401,,,,"Juan jorge  Moreno valls",Abierto,"2024-01-24 14:20:45","2024-01-24 14:21:04","Cambio Cerradura puerta caseta","Cambio Cerradura puerta caseta",Infraestructura,NO,,,,,,,,,-,false,,,,,,false,2024-01-24,,,,,,,,,,,,
WO,3893,WO-3893,,,-,,,,SPA-LE,1806,SPA-LE01806,"System Administrator",Cerrado,"2024-01-18 17:31:10","2024-01-18 18:00:29",1911285310050_LE1806.PDF,1911285310050_LE1806.PDF,"Revision (MTO)",NO,,,,,,,LO,3492,LO-003492,false,,,,,,false,2024-01-18,,,,,,,,,,,,
WO,4550,WO-4550,SAR,209,SAR-000209,SPA-GR,5654,SPA-GR05654,,,,"DNO acceso OSP",Abierto,"2024-01-29 11:52:11","2024-01-29 11:55:32","443343  GR5654","TOMA DE DATOS Y FOTO PARA REPLANTEO SOLICITAMOS ACCESO A SALA DE EQUIPOS, TORRE Y ANTENAS","Revision (MTO)",NO,,,,,,,,,-,false,,,,,,false,2024-01-29,,,,,,,,,,,,
WO,2590,WO-2590,,,-,,,,SPA-CX,460,SPA-CX00460,"System Administrator",Cerrado,"2023-11-14 18:46:45","2023-11-15 12:06:02","2112311710891_CX0460-INSPECCION__OCA_-14-09-2020.PDF","2112311710891_CX0460-INSPECCION__OCA_-14-09-2020.PDF","Inspecciones (OCA)",NO,,,,,,14.09.2023,LO,2155,LO-002155,false,,,,,,false,2023-11-14,,,,,,,,,,,,
WO,2421,WO-2421,,,-,,,,SPA-GU,9330,SPA-GU09330,"System Administrator",Cerrado,"2023-11-14 18:42:47","2023-11-15 12:08:42","2112305219172_GU9330-REVISION__MTO_-06-03-2019.PDF","2112305219172_GU9330-REVISION__MTO_-06-03-2019.PDF","Revision (MTO)",NO,,,,,,,LO,2828,LO-002828,false,,,,,,false,2023-11-14,,,,,,,,,,,,
WO,3463,WO-3463,,,-,,,,SPA-TO,111,SPA-TO00111,"System Administrator",Cerrado,"2023-11-14 19:06:45","2023-11-15 12:09:25","181219012593_CERT_AT-TO-022_22_TOTEM_TO0111_CAZALEGAS_CT.PDF","181219012593_CERT_AT-TO-022_22_TOTEM_TO0111_CAZALEGAS_CT.PDF","Inspecciones (OCA)",NO,,,,,,10.06.2025,LO,6677,LO-006677,false,,,,,,false,2023-11-14,,,,,,,,,,,,
WO,2391,WO-2391,,,-,,,,SPA-CR,3219,SPA-CR03219,"System Administrator",Cerrado,"2023-11-14 18:42:04","2023-11-15 12:05:05","2112305027616_CR3219-REVISION__MTO_-11-02-2019.PDF","2112305027616_CR3219-REVISION__MTO_-11-02-2019.PDF","Revision (MTO)",NO,,,,,,,LO,1775,LO-001775,false,,,,,,false,2023-11-14,,,,,,,,,,,,
WO,4170,WO-4170,,,-,,,,SPA-AB,6006,SPA-AB06006,"System Administrator",Cerrado,"2024-01-18 17:37:56","2024-01-18 18:03:20","0412375518305_AB6006_-_REV_MTO_29-09-2023.PDF","0412375518305_AB6006_-_REV_MTO_29-09-2023.PDF","Revision (MTO)",NO,,,,,,29.09.2024,LO,43,LO-000043,false,,,,,,false,2024-01-18,,,,,,,,,,,,
WO,3324,WO-3324,,,-,,,,SPA-MA,2905,SPA-MA02905,"System Administrator",Cerrado,"2023-11-14 19:03:33","2023-11-15 12:11:32","0813493620385_OCA_CT_MA2905_2022.PDF","0813493620385_OCA_CT_MA2905_2022.PDF","Inspecciones (OCA)",NO,,,,,,18.03.2025,LO,3918,LO-003918,false,,,,,,false,2023-11-14,,,,,,,,,,,,
WO,2564,WO-2564,,,-,,,,SPA-LE,1719,SPA-LE01719,"System Administrator",Cerrado,"2023-11-14 18:46:10","2023-11-15 12:14:13","2112311320134_LE1719-REVISION__MTO_-12-08-2020.PDF","2112311320134_LE1719-REVISION__MTO_-12-08-2020.PDF","Revision (MTO)",NO,,,,,,,LO,3475,LO-003475,false,,,,,,false,2023-11-14,,,,,,,,,,,,
WO,2145,WO-2145,,,-,,,,SPA-AV,8432,SPA-AV08432,"System Administrator",Cerrado,"2023-11-14 18:36:15","2023-11-15 12:06:00","2112302523588_AV8432-REVISION__MTO_-08-08-2019.PDF","2112302523588_AV8432-REVISION__MTO_-08-08-2019.PDF","Revision (MTO)",NO,,,,,,,LO,147,LO-000147,false,,,,,,false,2023-11-14,,,,,,,,,,,,
WO,2932,WO-2932,,,-,,,,,,,"System Administrator",Cerrado,"2023-11-14 18:54:38","2023-11-15 12:08:05",2614024630706_SO9724.PDF,2614024630706_SO9724.PDF,"Revision (MTO)",NO,,,,,,,,,-,false,,,,,,false,2023-11-14,,,,,,,,,,,,
WO,4322,WO-4322,,,-,,,,SPA-CO,7219,SPA-CO07219,"System Administrator",Cerrado,"2024-01-18 17:41:23","2024-01-18 18:04:52","1708314015302_01370301__ORANGE_ESPAGNE__SA_CO7219_CT_PERIO_DESFAV.PDF","1708314015302_01370301__ORANGE_ESPAGNE__SA_CO7219_CT_PERIO_DESFAV.PDF","Inspecciones (OCA)",NO,,,,,,,LO,1652,LO-001652,false,,,,,,false,2024-01-18,,,,,,,,,,,,
WO,3045,WO-3045,,,-,,,,,,,"System Administrator",Cerrado,"2023-11-14 18:57:12","2023-11-15 12:24:55","0412044025667_PX7860-REVISION__MTO_-24102016.PDF","0412044025667_PX7860-REVISION__MTO_-24102016.PDF","Revision (MTO)",NO,,,,,,,,,-,false,,,,,,false,2023-11-14,,,,,,,,,,,,
WO,4244,WO-4244,,,-,,,,SPA-OR,301,SPA-OR00301,"System Administrator",Cerrado,"2024-01-18 17:39:39","2024-01-18 18:04:07","2609181220304_OCA_OR9301.PDF","2609181220304_OCA_OR9301.PDF","Inspecciones (OCA)",NO,,,,,,,LO,5103,LO-005103,false,,,,,,false,2024-01-18,,,,,,,,,,,,
WO,3861,WO-3861,,,-,,,,SPA-SG,9220,SPA-SG09220,"System Administrator",Cerrado,"2024-01-18 17:30:23","2024-01-18 18:00:09","2011195712445_PARTE_INCIDENCIA.PDF","2011195712445_PARTE_INCIDENCIA.PDF","Revision (MTO)",NO,,,,,,,LO,6070,LO-006070,false,,,,,,false,2024-01-18,,,,,,,,,,,,
WO,2660,WO-2660,,,-,,,,SPA-BU,4136,SPA-BU04136,"System Administrator",Cerrado,"2023-11-14 18:48:19","2023-11-15 12:19:55","211231217373_BU4136-REVISION__MTO_-20-07-2020.PDF","211231217373_BU4136-REVISION__MTO_-20-07-2020.PDF","Revision (MTO)",NO,,,,,,,LO,650,LO-000650,false,,,,,,false,2023-11-14,,,,,,,,,,,,
WO,2934,WO-2934,,,-,,,,,,,"System Administrator",Cerrado,"2023-11-14 18:54:40","2023-11-15 12:15:19","2217264231999_REVISION_ANUAL_CT_MA3968_2021.PDF","2217264231999_REVISION_ANUAL_CT_MA3968_2021.PDF","Revision (MTO)",NO,,,,,,,,,-,false,,,,,,false,2023-11-14,,,,,,,,,,,,
WO,2947,WO-2947,,,-,,,,SPA-SE,375,SPA-SE00375,"System Administrator",Cerrado,"2023-11-14 18:54:58","2023-11-15 12:13:17","2214212412917_REVISION_ANUAL_CT_SE0375_2021.PDF","2214212412917_REVISION_ANUAL_CT_SE0375_2021.PDF","Revision (MTO)",NO,,,,,,,LO,5866,LO-005866,false,,,,,,false,2023-11-14,,,,,,,,,,,,
WO,3023,WO-3023,,,-,,,,SPA-SA,5806,SPA-SA05806,"System Administrator",Cerrado,"2023-11-14 18:56:43","2023-11-15 12:11:25",1810450810876_SA5806.PDF,1810450810876_SA5806.PDF,"Revision (MTO)",NO,,,,,,,LO,5707,LO-005707,false,,,,,,false,2023-11-14,,,,,,,,,,,,
WO,3765,WO-3765,,,-,,,,SPA-PX,8090,SPA-PX08090,"System Administrator",Cerrado,"2023-11-14 19:13:50","2023-11-15 12:12:45","211018219563_PX8090-CON_DEFECTOS.PDF","211018219563_PX8090-CON_DEFECTOS.PDF","Revision (MTO)",NO,,,,,,,LO,5661,LO-005661,false,,,,,,false,2023-11-14,,,,,,,,,,,,
WO,3900,WO-3900,,,-,,,,SPA-ZX,913,SPA-ZX00913,"System Administrator",Cerrado,"2024-01-18 17:31:21","2024-01-18 18:00:34","2008221523878_ZX0913_-_REV_MTO_19-07-2022.PDF","2008221523878_ZX0913_-_REV_MTO_19-07-2022.PDF","Revision (MTO)",NO,,,,,,,LO,7805,LO-007805,false,,,,,,false,2024-01-18,,,,,,,,,,,,
WO,2098,WO-2098,,,-,,,,SPA-LE,1719,SPA-LE01719,"System Administrator",Cerrado,"2023-11-14 18:35:03","2023-11-15 12:14:24","211230193656_LE1719-REVISION__MTO_-04-08-2018.PDF","211230193656_LE1719-REVISION__MTO_-04-08-2018.PDF","Revision (MTO)",NO,,,,,,,LO,3475,LO-003475,false,,,,,,false,2023-11-14,,,,,,,,,,,,
WO,2038,WO-2038,,,-,,,,SPA-SE,1328,SPA-SE01328,"System Administrator",Cerrado,"2023-11-14 18:33:38","2023-11-15 12:12:20","2112300329929_SE1328-REVISION__MTO_-05-09-2019.PDF","2112300329929_SE1328-REVISION__MTO_-05-09-2019.PDF","Revision (MTO)",NO,,,,,,,LO,5964,LO-005964,false,,,,,,false,2023-11-14,,,,,,,,,,,,
WO,3174,WO-3174,,,-,,,,SPA-GU,9148,SPA-GU09148,"System Administrator",Cerrado,"2023-11-14 19:00:03","2023-11-15 12:07:45",251312537973_GU9148.PDF,251312537973_GU9148.PDF,"Inspecciones (OCA)",NO,,,,,,15.07.2024,LO,2780,LO-002780,false,,,,,,false,2023-11-14,,,,,,,,,,,,
WO,3379,WO-3379,,,-,,,,SPA-TO,546,SPA-TO00546,"System Administrator",Cerrado,"2023-11-14 19:04:48","2023-11-15 12:11:41","1914020213102_TO0546-TOTEM.PDF","1914020213102_TO0546-TOTEM.PDF","Revision (MTO)",NO,,,,,,,LO,6746,LO-006746,false,,,,,,false,2023-11-14,,,,,,,,,,,,
WO,3508,WO-3508,,,-,,,,SPA-MX,1002,SPA-MX01002,"System Administrator",Cerrado,"2023-11-14 19:07:46","2023-11-15 12:12:51",190919113469_MX1002.PDF,190919113469_MX1002.PDF,"Inspecciones (OCA)",NO,,,,,,05.04.2025,LO,4523,LO-004523,false,,,,,,false,2023-11-14,,,,,,,,,,,,
WO,2539,WO-2539,,,-,,,,SPA-PO,6057,SPA-PO06057,"System Administrator",Cerrado,"2023-11-14 18:45:36","2023-11-15 12:13:39","2112311132145_PO6057-REVISION__MTO_-21-04-2020.PDF","2112311132145_PO6057-REVISION__MTO_-21-04-2020.PDF","Revision (MTO)",NO,,,,,,,LO,5514,LO-005514,false,,,,,,false,2023-11-14,,,,,,,,,,,,
WO,2046,WO-2046,,,-,,,,SPA-JX,124,SPA-JX00124,"System Administrator",Cerrado,"2023-11-14 18:33:49","2023-11-15 12:21:02","211230039091_JX0124-REVISION__MTO_-06-03-2019.PDF","211230039091_JX0124-REVISION__MTO_-06-03-2019.PDF","Revision (MTO)",NO,,,,,,,LO,3288,LO-003288,false,,,,,,false,2023-11-14,,,,,,,,,,,,
WO,2189,WO-2189,,,-,,,,SPA-SO,9812,SPA-SO09812,"System Administrator",Cerrado,"2023-11-14 18:37:17","2023-11-15 12:22:09","2112302921047_SO9812-REVISION__MTO_-10-07-2019.PDF","2112302921047_SO9812-REVISION__MTO_-10-07-2019.PDF","Revision (MTO)",NO,,,,,,,LO,6138,LO-006138,false,,,,,,false,2023-11-14,,,,,,,,,,,,
WO,2980,WO-2980,,,-,,,,SPA-JX,8020,SPA-JX08020,"System Administrator",Cerrado,"2023-11-14 18:55:44","2023-11-15 12:25:07","2212015314522_REVISION_ANUAL_CT_JX8020_2021.PDF","2212015314522_REVISION_ANUAL_CT_JX8020_2021.PDF","Revision (MTO)",NO,,,,,,,LO,3311,LO-003311,false,,,,,,false,2023-11-14,,,,,,,,,,,,
WO,3213,WO-3213,,,-,,,,SPA-HX,9651,SPA-HX09651,"System Administrator",Cerrado,"2023-11-14 19:00:58","2023-11-15 12:21:42","031318332195_HX9651-INSPECCION__OCA_-20-10-2022.PDF","031318332195_HX9651-INSPECCION__OCA_-20-10-2022.PDF","Inspecciones (OCA)",NO,,,,,,20.10.2025,LO,2966,LO-002966,false,,,,,,false,2023-11-14,,,,,,,,,,,,
WO,3522,WO-3522,,,-,,,,SPA-CX,503,SPA-CX00503,"System Administrator",Cerrado,"2023-11-14 19:08:06","2023-11-15 12:05:17",0411212513038_CX0503.PDF,0411212513038_CX0503.PDF,"Revision (MTO)",NO,,,,,,,LO,2167,LO-002167,false,,,,,,false,2023-11-14,,,,,,,,,,,,
WO,4008,WO-4008,,,-,,,,SPA-LE,1543,SPA-LE01543,"System Administrator",Cerrado,"2024-01-18 17:34:01","2024-01-18 18:01:40",1913191627066_LE1543.PDF,1913191627066_LE1543.PDF,"Revision (MTO)",NO,,,,,,07.10.2024,LO,3446,LO-003446,false,,,,,,false,2024-01-18,,,,,,,,,,,,
WO,4476,WO-4476,SAR,130,SAR-000130,SPA-BX,1151,SPA-BX01151,,,,"Neus Crespo barbera",Abierto,"2024-01-26 10:16:05","2024-01-26 10:16:05","Trabajos preventivos","Trabajos preventivos","Inspección Preventiva",NO,,,,,,,,,-,false,,,,,,false,2024-01-26,,,,,,,,,,,,
WO,2514,WO-2514,,,-,,,,SPA-OR,9030,SPA-OR09030,"System Administrator",Cerrado,"2023-11-14 18:45:03","2023-11-15 12:25:28","2112310630066_OR9030-INSPECCION__OCA_-06-08-2020.PDF","2112310630066_OR9030-INSPECCION__OCA_-06-08-2020.PDF","Inspecciones (OCA)",NO,,,,,,06.08.2023,LO,5134,LO-005134,false,,,,,,false,2023-11-14,,,,,,,,,,,,
WO,2777,WO-2777,,,-,,,,SPA-VA,2149,SPA-VA02149,"System Administrator",Cerrado,"2023-11-14 18:50:59","2023-11-15 12:15:32","2112342627311_VA2149-INSPECCION__OCA_-02-10-2020.PDF","2112342627311_VA2149-INSPECCION__OCA_-02-10-2020.PDF","Inspecciones (OCA)",NO,,,,,,02.10.2023,LO,7015,LO-007015,false,,,,,,false,2023-11-14,,,,,,,,,,,,
WO,2960,WO-2960,,,-,,,,SPA-HX,9481,SPA-HX09481,"System Administrator",Cerrado,"2023-11-14 18:55:16","2023-11-15 12:17:27","2213464312638_REVISION_ANUAL_CT_HX9481_2021.PDF","2213464312638_REVISION_ANUAL_CT_HX9481_2021.PDF","Revision (MTO)",NO,,,,,,,LO,2934,LO-002934,false,,,,,,false,2023-11-14,,,,,,,,,,,,
WO,2236,WO-2236,,,-,,,,SPA-PX,8234,SPA-PX08234,"System Administrator",Cerrado,"2023-11-14 18:38:23","2023-11-15 12:17:58","211230351608_PX8234-REVISION__MTO_-07-10-2019.PDF","211230351608_PX8234-REVISION__MTO_-07-10-2019.PDF","Revision (MTO)",NO,,,,,,,LO,5667,LO-005667,false,,,,,,false,2023-11-14,,,,,,,,,,,,
WO,3286,WO-3286,,,-,,,,SPA-AV,8735,SPA-AV08735,"System Administrator",Cerrado,"2023-11-14 19:02:39","2023-11-15 12:10:55",021105268719_AV8735.PDF,021105268719_AV8735.PDF,"Revision (MTO)",NO,,,,,,,LO,207,LO-000207,false,,,,,,false,2023-11-14,,,,,,,,,,,,
WO,3909,WO-3909,,,-,,,,SPA-CR,3034,SPA-CR03034,"System Administrator",Cerrado,"2024-01-18 17:31:34","2024-01-18 18:00:39","0313324727654_CR3034-REV_MTO_14-03-2023.PDF","0313324727654_CR3034-REV_MTO_14-03-2023.PDF","Revision (MTO)",NO,,,,,,,LO,1712,LO-001712,false,,,,,,false,2024-01-18,,,,,,,,,,,,
WO,2423,WO-2423,,,-,,,,SPA-GU,9200,SPA-GU09200,"System Administrator",Cerrado,"2023-11-14 18:42:50","2023-11-15 12:16:30","211230526407_GU9200-REVISION__MTO_-06-03-2019.PDF","211230526407_GU9200-REVISION__MTO_-06-03-2019.PDF","Revision (MTO)",NO,,,,,,,LO,2803,LO-002803,false,,,,,,false,2023-11-14,,,,,,,,,,,,
WO,3399,WO-3399,,,-,,,,SPA-CU,8496,SPA-CU08496,"System Administrator",Cerrado,"2023-11-14 19:05:16","2023-11-15 12:11:57","251010016696_CU8496-TOTEM.PDF","251010016696_CU8496-TOTEM.PDF","Revision (MTO)",NO,,,,,,,LO,2019,LO-002019,false,,,,,,false,2023-11-14,,,,,,,,,,,,
WO,3033,WO-3033,,,-,,,,SPA-SO,9890,SPA-SO09890,"System Administrator",Cerrado,"2023-11-14 18:56:57","2023-11-15 12:17:20",180849458186_SO9890.PDF,180849458186_SO9890.PDF,"Revision (MTO)",NO,,,,,,,LO,6164,LO-006164,false,,,,,,false,2023-11-14,,,,,,,,,,,,
WO,3896,WO-3896,,,-,,,,SPA-LE,152,SPA-LE00152,"System Administrator",Cerrado,"2024-01-18 17:31:15","2024-01-18 18:00:31",1911325219712_LE0152.PDF,1911325219712_LE0152.PDF,"Revision (MTO)",NO,,,,,,,LO,3377,LO-003377,false,,,,,,false,2024-01-18,,,,,,,,,,,,
WO,2335,WO-2335,,,-,,,,SPA-MX,654,SPA-MX00654,"System Administrator",Cerrado,"2023-11-14 18:40:45","2023-11-15 12:10:27","2112304523258_MX0654-REVISION__MTO_-04-02-2019.PDF","2112304523258_MX0654-REVISION__MTO_-04-02-2019.PDF","Revision (MTO)",NO,,,,,,,LO,4469,LO-004469,false,,,,,,false,2023-11-14,,,,,,,,,,,,
WO,3327,WO-3327,,,-,,,,SPA-MA,2638,SPA-MA02638,"System Administrator",Cerrado,"2023-11-14 19:03:38","2023-11-15 12:06:32","1109371419912_OCA_LAT_MA2638_2022.PDF","1109371419912_OCA_LAT_MA2638_2022.PDF","Inspecciones (OCA)",NO,,,,,,09.03.2025,LO,3866,LO-003866,false,,,,,,false,2023-11-14,,,,,,,,,,,,
WO,3647,WO-3647,,,-,,,,SPA-CO,7244,SPA-CO07244,"System Administrator",Cerrado,"2023-11-14 19:10:58","2023-11-15 12:08:21","151347438025_CO7244-REVISION__MTO_-25-08-2022.PDF","151347438025_CO7244-REVISION__MTO_-25-08-2022.PDF","Revision (MTO)",NO,,,,,,,LO,1661,LO-001661,false,,,,,,false,2023-11-14,,,,,,,,,,,,
WO,2956,WO-2956,,,-,,,,SPA-HX,9631,SPA-HX09631,"System Administrator",Cerrado,"2023-11-14 18:55:11","2023-11-15 12:16:16","2213570927321_REVISION_ANUAL_CT_HX9631_2021.PDF","2213570927321_REVISION_ANUAL_CT_HX9631_2021.PDF","Revision (MTO)",NO,,,,,,,LO,2963,LO-002963,false,,,,,,false,2023-11-14,,,,,,,,,,,,
WO,3926,WO-3926,,,-,,,,SPA-CR,4005,SPA-CR04005,"System Administrator",Cerrado,"2024-01-18 17:31:59","2024-01-18 18:00:50","0313460531280_CR4005-REV_MTO_14-03-2023.PDF","0313460531280_CR4005-REV_MTO_14-03-2023.PDF","Revision (MTO)",NO,,,,,,,LO,1810,LO-001810,false,,,,,,false,2024-01-18,,,,,,,,,,,,
WO,4272,WO-4272,,,-,,,,SPA-MX,3031,SPA-MX03031,"System Administrator",Cerrado,"2024-01-18 17:40:16","2024-01-18 18:04:23",1910485915964_MX3031.PDF,1910485915964_MX3031.PDF,"Inspecciones (OCA)",NO,,,,,,,LO,4678,LO-004678,false,,,,,,false,2024-01-18,,,,,,,,,,,,
WO,3364,WO-3364,,,-,,,,SPA-CR,3424,SPA-CR03424,"System Administrator",Cerrado,"2023-11-14 19:04:28","2023-11-15 12:20:57","1909403128726_CR3424-TOTEM.PDF","1909403128726_CR3424-TOTEM.PDF","Revision (MTO)",NO,,,,,,,LO,1801,LO-001801,false,,,,,,false,2023-11-14,,,,,,,,,,,,
WO,1949,WO-1949,,,-,,,,SPA-AB,5901,SPA-AB05901,"System Administrator",Cerrado,"2023-11-14 18:31:27","2023-11-15 12:16:39","2609563711590_AB5901_ALCARAZ_CERTIFICADO_FAVORABLE_2021.PDF","2609563711590_AB5901_ALCARAZ_CERTIFICADO_FAVORABLE_2021.PDF","Inspecciones (OCA)",NO,,,,,,10.03.2024,LO,27,LO-000027,false,,,,,,false,2023-11-14,,,,,,,,,,,,
WO,3889,WO-3889,,,-,,,,SPA-LE,1691,SPA-LE01691,"System Administrator",Cerrado,"2024-01-18 17:31:04","2024-01-18 18:00:27","1911153514680_LE1691-CON_DEFECTOS.PDF","1911153514680_LE1691-CON_DEFECTOS.PDF","Revision (MTO)",NO,,,,,,,LO,3464,LO-003464,false,,,,,,false,2024-01-18,,,,,,,,,,,,
WO,2111,WO-2111,,,-,,,,SPA-BU,4235,SPA-BU04235,"System Administrator",Cerrado,"2023-11-14 18:35:22","2023-11-15 12:05:22","2112302112933_BU4235-REVISION__MTO_-09-08-2018.PDF","2112302112933_BU4235-REVISION__MTO_-09-08-2018.PDF","Revision (MTO)",NO,,,,,,,LO,703,LO-000703,false,,,,,,false,2023-11-14,,,,,,,,,,,,
WO,3290,WO-3290,,,-,,,,SPA-AV,8706,SPA-AV08706,"System Administrator",Cerrado,"2023-11-14 19:02:45","2023-11-15 12:25:01",0409261617709_AV8706.PDF,0409261617709_AV8706.PDF,"Revision (MTO)",NO,,,,,,,LO,193,LO-000193,false,,,,,,false,2023-11-14,,,,,,,,,,,,
WO,4226,WO-4226,,,-,,,,SPA-JX,8511,SPA-JX08511,"System Administrator",Cerrado,"2024-01-18 17:39:13","2024-01-18 18:03:55","230723463924_JX8511_01290421TOTEM_TOWERCO_SANTA_ELENA_LA_PERIO_DESFAV.PDF","230723463924_JX8511_01290421TOTEM_TOWERCO_SANTA_ELENA_LA_PERIO_DESFAV.PDF","Inspecciones (OCA)",NO,,,,,,,LO,3340,LO-003340,false,,,,,,false,2024-01-18,,,,,,,,,,,,
WO,2813,WO-2813,,,-,,,,SPA-LU,8182,SPA-LU08182,"System Administrator",Cerrado,"2023-11-14 18:51:50","2023-11-15 12:23:13","2112342824272_LU8182-INSPECCION__OCA_-24-08-2020.PDF","2112342824272_LU8182-INSPECCION__OCA_-24-08-2020.PDF","Inspecciones (OCA)",NO,,,,,,24.08.2023,LO,3658,LO-003658,false,,,,,,false,2023-11-14,,,,,,,,,,,,
WO,3200,WO-3200,,,-,,,,SPA-AV,8921,SPA-AV08921,"System Administrator",Cerrado,"2023-11-14 19:00:40","2023-11-15 12:16:17","0713103027567_PARTE_INCIDENCIA_AV8921.PDF","0713103027567_PARTE_INCIDENCIA_AV8921.PDF","Revision (MTO)",NO,,,,,,,LO,215,LO-000215,false,,,,,,false,2023-11-14,,,,,,,,,,,,
WO,2623,WO-2623,,,-,,,,SPA-BU,4300,SPA-BU04300,"System Administrator",Cerrado,"2023-11-14 18:47:30","2023-11-15 12:24:32","2112311917260_BU4300-REVISION__MTO_-20-07-2020.PDF","2112311917260_BU4300-REVISION__MTO_-20-07-2020.PDF","Revision (MTO)",NO,,,,,,,LO,730,LO-000730,false,,,,,,false,2023-11-14,,,,,,,,,,,,
WO,4512,WO-4512,,,-,,,,,,,"DNO acceso OSP",Abierto,"2024-01-26 20:46:28","2024-01-26 20:46:28","MX6343      444159","RECOGER LLAVES EN ULISES ESTACION CAIDA. NECESITAMOS SOLO LLAVE NO TRAMITAR ACCESO.",Urgente,NO,"2024-01-26 20:50:00","2024-01-27 23:00:00",,,,,,,-,false,,,,,,false,2024-01-26,,,,,,,,,,,,
WO,4294,WO-4294,,,-,,,,SPA-BU,4135,SPA-BU04135,"System Administrator",Cerrado,"2024-01-18 17:40:45","2024-01-18 18:04:36",0610074416454_BU4135.PDF,0610074416454_BU4135.PDF,"Inspecciones (OCA)",NO,,,,,,,LO,649,LO-000649,false,,,,,,false,2024-01-18,,,,,,,,,,,,
WO,3994,WO-3994,,,-,,,,SPA-VX,1435,SPA-VX01435,"System Administrator",Cerrado,"2024-01-18 17:33:41","2024-01-18 18:01:32","2609210730705_VX1435_VILLARGORDO_DEL_CABRIEL_INFORME_REVISION_2023.PDF","2609210730705_VX1435_VILLARGORDO_DEL_CABRIEL_INFORME_REVISION_2023.PDF","Revision (MTO)",NO,,,,,,04.05.2024,LO,7525,LO-007525,false,,,,,,false,2024-01-18,,,,,,,,,,,,
WO,1976,WO-1976,,,-,,,,SPA-VX,918,SPA-VX00918,"System Administrator",Cerrado,"2023-11-14 18:32:07","2023-11-15 12:05:59","2711172825515_460_AT_0049_21-1__VX0918.PDF","2711172825515_460_AT_0049_21-1__VX0918.PDF","Inspecciones (OCA)",NO,,,,,,19.04.2024,LO,7390,LO-007390,false,,,,,,false,2023-11-14,,,,,,,,,,,,
WO,4159,WO-4159,,,-,,,,SPA-BU,4210,SPA-BU04210,"System Administrator",Cerrado,"2024-01-18 17:37:40","2024-01-18 18:03:14",090849391577_BU4210.PDF,090849391577_BU4210.PDF,"Revision (MTO)",NO,,,,,,28.10.2024,LO,688,LO-000688,false,,,,,,false,2024-01-18,,,,,,,,,,,,
WO,2744,WO-2744,,,-,,,,SPA-HX,9481,SPA-HX09481,"System Administrator",Cerrado,"2023-11-14 18:50:13","2023-11-15 12:13:58","211231271430_HX9481-INSPECCION__OCA_-21-12-2020.PDF","211231271430_HX9481-INSPECCION__OCA_-21-12-2020.PDF","Inspecciones (OCA)",NO,,,,,,21.12.2023,LO,2934,LO-002934,false,,,,,,false,2023-11-14,,,,,,,,,,,,
WO,3117,WO-3117,,,-,,,,SPA-CR,3300,SPA-CR03300,"System Administrator",Cerrado,"2023-11-14 18:58:42","2023-11-15 12:17:44",111024495122_CR3300.PDF,111024495122_CR3300.PDF,"Inspecciones (OCA)",NO,,,,,,27.07.2024,LO,1782,LO-001782,false,,,,,,false,2023-11-14,,,,,,,,,,,,
WO,2122,WO-2122,,,-,,,,SPA-ZA,6985,SPA-ZA06985,"System Administrator",Cerrado,"2023-11-14 18:35:40","2023-11-15 12:10:31","2112302421962_ZA6985-REVISION__MTO_-24-07-2018.PDF","2112302421962_ZA6985-REVISION__MTO_-24-07-2018.PDF","Revision (MTO)",NO,,,,,,,LO,7653,LO-007653,false,,,,,,false,2023-11-14,,,,,,,,,,,,
WO,4472,WO-4472,SAR,126,SAR-000126,SPA-SE,1125,SPA-SE01125,,,,"José manuel Lainez collado",Abierto,"2024-01-26 09:37:34","2024-01-26 11:22:19","Sustitución de módulo de contador monofásico.","Sustitución de módulo de contador monofásico por módulo trifásico. Habrá una pérdida de servicio muy breve ya que el emplazamiento no dispone de baterías. No se puede hacer más temprano porque la propiedad tiene que abrirnos el cuarto de contadores.",Normal,SI,"2024-01-29 10:30:00","2024-01-29 11:00:00","2024-01-29 08:00:00",,,,,,-,false,,,,,,false,2024-01-26,,,,,,,,,,,,
WO,3381,WO-3381,,,-,,,,SPA-TO,73,SPA-TO00073,"System Administrator",Cerrado,"2023-11-14 19:04:51","2023-11-15 12:19:48","1914032518098_TO0073-TOTEM.PDF","1914032518098_TO0073-TOTEM.PDF","Revision (MTO)",NO,,,,,,,LO,6661,LO-006661,false,,,,,,false,2023-11-14,,,,,,,,,,,,
WO,3949,WO-3949,,,-,,,,SPA-GU,9116,SPA-GU09116,"System Administrator",Cerrado,"2024-01-18 17:32:33","2024-01-18 18:01:04","191005427712_GU9116-REV_MTO_30-03-2023.PDF","191005427712_GU9116-REV_MTO_30-03-2023.PDF","Revision (MTO)",NO,,,,,,,LO,2762,LO-002762,false,,,,,,false,2024-01-18,,,,,,,,,,,,
WO,4425,WO-4425,SAR,47,SAR-000047,SPA-CA,9990,SPA-CA09990,,,,"Cristobal Muñoz delgado",Abierto,"2024-01-23 10:31:55","2024-01-23 10:48:00","Revision de equipos","Revision de equipos",Urgente,SI,"2024-01-23 09:00:00","2024-01-24 20:00:00","2024-01-23 10:00:00",,2401A000000,,,,-,false,,,,,,false,2024-01-23,,,,,,,,,,,,
WO,2089,WO-2089,,,-,,,,SPA-TE,19,SPA-TE00019,"System Administrator",Cerrado,"2023-11-14 18:34:50","2023-11-15 12:22:04","211230102699_TE0019-REVISION__MTO_-26-02-2020.DOC","211230102699_TE0019-REVISION__MTO_-26-02-2020.DOC","Revision (MTO)",NO,,,,,,,LO,6402,LO-006402,false,,,,,,false,2023-11-14,,,,,,,,,,,,
WO,2842,WO-2842,,,-,,,,SPA-VX,900,SPA-VX00900,"System Administrator",Cerrado,"2023-11-14 18:52:32","2023-11-15 12:24:41","131949291804_VX0900_LOS_PEDRONES_INFORME_REVISION_2021.PDF","131949291804_VX0900_LOS_PEDRONES_INFORME_REVISION_2021.PDF","Revision (MTO)",NO,,,,,,,LO,7384,LO-007384,false,,,,,,false,2023-11-14,,,,,,,,,,,,
WO,3573,WO-3573,,,-,,,,SPA-GU,9102,SPA-GU09102,"System Administrator",Cerrado,"2023-11-14 19:09:17","2023-11-15 12:15:33","0311532320445_GU9102-REV__MTO_19-08-2022.PDF","0311532320445_GU9102-REV__MTO_19-08-2022.PDF","Revision (MTO)",NO,,,,,,,LO,2754,LO-002754,false,,,,,,false,2023-11-14,,,,,,,,,,,,
WO,4099,WO-4099,,,-,,,,SPA-LO,504,SPA-LO00504,"System Administrator",Cerrado,"2024-01-18 17:36:13","2024-01-18 18:02:37","1107522014760_LO0504-REV_MTO_23_08_23.PDF","1107522014760_LO0504-REV_MTO_23_08_23.PDF","Revision (MTO)",NO,,,,,,23.08.2024,LO,3537,LO-003537,false,,,,,,false,2024-01-18,,,,,,,,,,,,
WO,3074,WO-3074,,,-,,,,,,,"System Administrator",Cerrado,"2023-11-14 18:57:45","2023-11-15 12:22:52","041204386334_AV8472-REVISION__MTO__-27082014.PDF","041204386334_AV8472-REVISION__MTO__-27082014.PDF","Revision (MTO)",NO,,,,,,,,,-,false,,,,,,false,2023-11-14,,,,,,,,,,,,
WO,4474,WO-4474,SAR,127,SAR-000127,SPA-BX,1119,SPA-BX01119,,,,"Neus Crespo barbera",Abierto,"2024-01-26 09:50:04","2024-01-26 09:50:42","Trabajos preventivos","Trabajos preventivos","Inspección Preventiva",NO,,,,,,,,,-,false,,,,,,false,2024-01-26,,,,,,,,,,,,
WO,4527,WO-4527,SAR,187,SAR-000187,SPA-VA,2431,SPA-VA02431,,,,"DNO acceso OSP",Abierto,"2024-01-29 08:40:04","2024-01-29 08:46:37","444191  VA2431","NECESARIO ACCEDER PARA REVISION DE EQUIPOS POR AVERIA",Urgente,NO,,,,,,,,,-,false,,,,,,false,2024-01-29,,,,,,,,,,,,
WO,2419,WO-2419,,,-,,,,SPA-SE,309,SPA-SE00309,"System Administrator",Cerrado,"2023-11-14 18:42:44","2023-11-15 12:09:58","2112305214589_SE0309-REVISION__MTO_-29-04-2020.PDF","2112305214589_SE0309-REVISION__MTO_-29-04-2020.PDF","Revision (MTO)",NO,,,,,,,LO,5828,LO-005828,false,,,,,,false,2023-11-14,,,,,,,,,,,,
WO,4000,WO-4000,,,-,,,,SPA-VX,294,SPA-VX00294,"System Administrator",Cerrado,"2024-01-18 17:33:50","2024-01-18 18:01:35","2609251718444_VX0294_INFORME_REVISION_PICASSENT_2023.PDF","2609251718444_VX0294_INFORME_REVISION_PICASSENT_2023.PDF","Revision (MTO)",NO,,,,,,07.03.2024,LO,7328,LO-007328,false,,,,,,false,2024-01-18,,,,,,,,,,,,
WO,3771,WO-3771,,,-,,,,SPA-VA,2149,SPA-VA02149,"System Administrator",Cerrado,"2023-11-14 19:13:58","2023-11-15 12:04:47","250839391081_VA2149-CON_DEFECTOS.PDF","250839391081_VA2149-CON_DEFECTOS.PDF","Revision (MTO)",NO,,,,,,,LO,7015,LO-007015,false,,,,,,false,2023-11-14,,,,,,,,,,,,
WO,2686,WO-2686,,,-,,,,SPA-BU,4122,SPA-BU04122,"System Administrator",Cerrado,"2023-11-14 18:48:54","2023-11-15 12:15:46","2112312429947_BU4122-INSPECCION__OCA_-09-10-2020.PDF","2112312429947_BU4122-INSPECCION__OCA_-09-10-2020.PDF","Inspecciones (OCA)",NO,,,,,,09.10.2023,LO,641,LO-000641,false,,,,,,false,2023-11-14,,,,,,,,,,,,
WO,3402,WO-3402,,,-,,,,SPA-CU,8542,SPA-CU08542,"System Administrator",Cerrado,"2023-11-14 19:05:20","2023-11-15 12:16:10","251012502397_CU8542-TOTEM.PDF","251012502397_CU8542-TOTEM.PDF","Revision (MTO)",NO,,,,,,,LO,2042,LO-002042,false,,,,,,false,2023-11-14,,,,,,,,,,,,
WO,4047,WO-4047,,,-,,,,SPA-MU,306,SPA-MU00306,"System Administrator",Cerrado,"2024-01-18 17:34:57","2024-01-18 18:02:05","2510321820438_MU0306_INFORME_REVISION_MURCIA_2023.PDF","2510321820438_MU0306_INFORME_REVISION_MURCIA_2023.PDF","Revision (MTO)",NO,,,,,,14.06.2024,LO,4110,LO-004110,false,,,,,,false,2024-01-18,,,,,,,,,,,,
WO,4439,WO-4439,SAR,72,SAR-000072,SPA-BX,382,SPA-BX00382,,,,"Jennifer Montiel fernandez",Abierto,"2024-01-24 10:11:48","2024-01-24 10:30:46",REPLANTEO,"Visita para replanteo instalación de un pararrayos","Inspección Preventiva",NO,,,,,,,,,-,false,,,,,,false,2024-01-24,,,,,,,,,,,,
WO,2911,WO-2911,,,-,,,,SPA-CX,986,SPA-CX00986,"System Administrator",Cerrado,"2023-11-14 18:54:08","2023-11-15 12:06:26","2116154013428_CX0986-DEFECTOS_CORREGIDOS.PDF","2116154013428_CX0986-DEFECTOS_CORREGIDOS.PDF","Revision (MTO)",NO,,,,,,,LO,2184,LO-002184,false,,,,,,false,2023-11-14,,,,,,,,,,,,
WO,3497,WO-3497,,,-,,,,SPA-TO,542,SPA-TO00542,"System Administrator",Cerrado,"2023-11-14 19:07:32","2023-11-15 12:14:56","1812552426658_TO0542-REV__MTO_06-06-2022.PDF","1812552426658_TO0542-REV__MTO_06-06-2022.PDF","Revision (MTO)",NO,,,,,,,LO,6745,LO-006745,false,,,,,,false,2023-11-14,,,,,,,,,,,,
WO,4428,WO-4428,SAR,49,SAR-000049,SPA-GC,70,SPA-GC00070,,,,"Agustín  Martín grande",Abierto,"2024-01-23 12:06:43","2024-01-23 12:07:13","Visita adecuación infra GC00070","Visita adecuación infra GC00070",Infraestructura,NO,,,,,,,,,-,false,,,,,,false,2024-01-23,,,,,,,,,,,,
WO,2445,WO-2445,,,-,,,,SPA-GR,6007,SPA-GR06007,"System Administrator",Cerrado,"2023-11-14 18:43:22","2023-11-15 12:08:36","2112305520386_GR6007-REVISION__MTO_-11-05-2020.PDF","2112305520386_GR6007-REVISION__MTO_-11-05-2020.PDF","Revision (MTO)",NO,,,,,,,LO,2698,LO-002698,false,,,,,,false,2023-11-14,,,,,,,,,,,,
WO,4313,WO-4313,,,-,,,,SPA-BU,4340,SPA-BU04340,"System Administrator",Cerrado,"2024-01-18 17:41:10","2024-01-18 18:04:47",1708114614803_BU4340.PDF,1708114614803_BU4340.PDF,"Inspecciones (OCA)",NO,,,,,,,LO,744,LO-000744,false,,,,,,false,2024-01-18,,,,,,,,,,,,
WO,3670,WO-3670,,,-,,,,SPA-BU,4333,SPA-BU04333,"System Administrator",Cerrado,"2023-11-14 19:11:32","2023-11-15 12:18:57",1608283814965_BU4333.PDF,1608283814965_BU4333.PDF,"Revision (MTO)",NO,,,,,,,LO,740,LO-000740,false,,,,,,false,2023-11-14,,,,,,,,,,,,
WO,3532,WO-3532,,,-,,,,SPA-OR,9125,SPA-OR09125,"System Administrator",Cerrado,"2023-11-14 19:08:20","2023-11-15 12:23:10",0810160824343_OR9125.PDF,0810160824343_OR9125.PDF,"Revision (MTO)",NO,,,,,,,LO,5140,LO-005140,false,,,,,,false,2023-11-14,,,,,,,,,,,,
WO,2910,WO-2910,,,-,,,,SPA-BU,4135,SPA-BU04135,"System Administrator",Cerrado,"2023-11-14 18:54:06","2023-11-15 12:05:27","220822329198_BU4135-_DEFECTOS_CORREGIDOS.PDF","220822329198_BU4135-_DEFECTOS_CORREGIDOS.PDF","Revision (MTO)",NO,,,,,,,LO,649,LO-000649,false,,,,,,false,2023-11-14,,,,,,,,,,,,
WO,3320,WO-3320,,,-,,,,SPA-CO,6821,SPA-CO06821,"System Administrator",Cerrado,"2023-11-14 19:03:28","2023-11-15 12:12:48","081346245285_OCA_CT_CO6821_2022.PDF","081346245285_OCA_CT_CO6821_2022.PDF","Inspecciones (OCA)",NO,,,,,,11.03.2025,LO,1606,LO-001606,false,,,,,,false,2023-11-14,,,,,,,,,,,,
WO,3046,WO-3046,,,-,,,,,,,"System Administrator",Cerrado,"2023-11-14 18:57:13","2023-11-15 12:19:06","0412044019912_PX7860-REVISION__MTO_-26102015.PDF","0412044019912_PX7860-REVISION__MTO_-26102015.PDF","Revision (MTO)",NO,,,,,,,,,-,false,,,,,,false,2023-11-14,,,,,,,,,,,,
WO,2817,WO-2817,,,-,,,,SPA-LU,7740,SPA-LU07740,"System Administrator",Cerrado,"2023-11-14 18:51:55","2023-11-15 12:06:25","2112342926333_LU7740-INSPECCION__OCA_-24-08-2020.PDF","2112342926333_LU7740-INSPECCION__OCA_-24-08-2020.PDF","Inspecciones (OCA)",NO,,,,,,24.08.2023,LO,3609,LO-003609,false,,,,,,false,2023-11-14,,,,,,,,,,,,
WO,2129,WO-2129,,,-,,,,SPA-AV,8872,SPA-AV08872,"System Administrator",Cerrado,"2023-11-14 18:35:50","2023-11-15 12:12:17","211230245340_AV8872-REVISION__MTO_-08-08-2019.PDF","211230245340_AV8872-REVISION__MTO_-08-08-2019.PDF","Revision (MTO)",NO,,,,,,,LO,210,LO-000210,false,,,,,,false,2023-11-14,,,,,,,,,,,,
WO,2368,WO-2368,,,-,,,,SPA-LE,1676,SPA-LE01676,"System Administrator",Cerrado,"2023-11-14 18:41:32","2023-11-15 12:15:20","211230482244_LE1676-INCIDENCIA-25-04-2020.PDF","211230482244_LE1676-INCIDENCIA-25-04-2020.PDF","Revision (MTO)",NO,,,,,,,LO,3463,LO-003463,false,,,,,,false,2023-11-14,,,,,,,,,,,,
WO,4133,WO-4133,,,-,,,,SPA-LU,4,SPA-LU00004,"System Administrator",Cerrado,"2024-01-18 17:37:02","2024-01-18 18:02:57",291601509945_LU0004.PDF,291601509945_LU0004.PDF,"Revision (MTO)",NO,,,,,,25.11.2024,LO,3558,LO-003558,false,,,,,,false,2024-01-18,,,,,,,,,,,,
WO,3201,WO-3201,,,-,,,,SPA-HX,9628,SPA-HX09628,"System Administrator",Cerrado,"2023-11-14 19:00:42","2023-11-15 12:19:34","031427041589_HX9628-INSPECCION__OCA_-19-10-2022.PDF","031427041589_HX9628-INSPECCION__OCA_-19-10-2022.PDF","Inspecciones (OCA)",NO,,,,,,19.10.2025,LO,2961,LO-002961,false,,,,,,false,2023-11-14,,,,,,,,,,,,
WO,1936,WO-1936,,,-,,,,SPA-AB,6390,SPA-AB06390,"System Administrator",Cerrado,"2023-11-14 18:31:11","2023-12-21 15:08:13","261024023366_AB6390_PEÑAS_DE_SAN_PEDRO_CERTIFICADO_FAVORABLE_2021.PDF","261024023366_AB6390_PEÑAS_DE_SAN_PEDRO_CERTIFICADO_FAVORABLE_2021.PDF","Inspecciones (OCA)",NO,,,,,,08.03.2024,LO,81,LO-000081,false,,,,,,false,2023-11-14,,,,,,,,,,,,
WO,2839,WO-2839,,,-,,,,SPA-CU,8542,SPA-CU08542,"System Administrator",Cerrado,"2023-11-14 18:52:28","2023-11-15 12:16:27","0914045222404_PARTE_INCIDENCIA.PDF","0914045222404_PARTE_INCIDENCIA.PDF","Revision (MTO)",NO,,,,,,,LO,2042,LO-002042,false,,,,,,false,2023-11-14,,,,,,,,,,,,
WO,3675,WO-3675,,,-,,,,SPA-BU,5209,SPA-BU05209,"System Administrator",Cerrado,"2023-11-14 19:11:40","2023-11-15 12:07:29",1608354912336_BU5209.PDF,1608354912336_BU5209.PDF,"Revision (MTO)",NO,,,,,,,LO,767,LO-000767,false,,,,,,false,2023-11-14,,,,,,,,,,,,
WO,3642,WO-3642,,,-,,,,SPA-HX,9481,SPA-HX09481,"System Administrator",Cerrado,"2023-11-14 19:10:51","2023-11-15 12:09:45","1510121619667_HX9481-REVISION__MTO_-02-09-2022.PDF","1510121619667_HX9481-REVISION__MTO_-02-09-2022.PDF","Revision (MTO)",NO,,,,,,,LO,2934,LO-002934,false,,,,,,false,2023-11-14,,,,,,,,,,,,
WO,4058,WO-4058,,,-,,,,SPA-AV,8921,SPA-AV08921,"System Administrator",Cerrado,"2024-01-18 17:35:12","2024-01-18 18:02:11",300824172695_AV8921.PDF,300824172695_AV8921.PDF,"Revision (MTO)",NO,,,,,,18.11.2024,LO,215,LO-000215,false,,,,,,false,2024-01-18,,,,,,,,,,,,
WO,3730,WO-3730,,,-,,,,SPA-AB,6411,SPA-AB06411,"System Administrator",Cerrado,"2023-11-14 19:12:59","2023-11-15 12:06:11","2710052716015_AB6411-REV_MTO_26-08-2022.PDF","2710052716015_AB6411-REV_MTO_26-08-2022.PDF","Revision (MTO)",NO,,,,,,,LO,84,LO-000084,false,,,,,,false,2023-11-14,,,,,,,,,,,,
WO,3031,WO-3031,,,-,,,,SPA-SO,9824,SPA-SO09824,"System Administrator",Cerrado,"2023-11-14 18:56:54","2023-11-15 12:06:08",1808514119028_SO9824.PDF,1808514119028_SO9824.PDF,"Revision (MTO)",NO,,,,,,,LO,6142,LO-006142,false,,,,,,false,2023-11-14,,,,,,,,,,,,
WO,2450,WO-2450,,,-,,,,SPA-OR,9030,SPA-OR09030,"System Administrator",Cerrado,"2023-11-14 18:43:30","2023-11-15 12:07:53","2112305618058_OR9030-REVISION__MTO_-04-06-2019.PDF","2112305618058_OR9030-REVISION__MTO_-04-06-2019.PDF","Revision (MTO)",NO,,,,,,,LO,5134,LO-005134,false,,,,,,false,2023-11-14,,,,,,,,,,,,
WO,4326,WO-4326,,,-,,,,SPA-HX,9809,SPA-HX09809,"System Administrator",Cerrado,"2024-01-18 17:41:28","2024-01-18 18:04:55","2213273228479_01370309_ORANGE_ESPAGNE__SAU_HX9809_CT_PERIO_DESFAV.PDF","2213273228479_01370309_ORANGE_ESPAGNE__SAU_HX9809_CT_PERIO_DESFAV.PDF","Inspecciones (OCA)",NO,,,,,,,LO,2995,LO-002995,false,,,,,,false,2024-01-18,,,,,,,,,,,,
WO,3788,WO-3788,,,-,,,,SPA-HX,9477,SPA-HX09477,"System Administrator",Cerrado,"2023-11-14 19:14:22","2023-11-15 12:09:07","021310171090_HX9477-INSPECCION__OCA_-20-10-2022.PDF","021310171090_HX9477-INSPECCION__OCA_-20-10-2022.PDF","Inspecciones (OCA)",NO,,,,,,20.10.2025,LO,2932,LO-002932,false,,,,,,false,2023-11-14,,,,,,,,,,,,
WO,4407,WO-4407,,,-,,,,,,,"Roberto Martin Martin",Cerrado,"2024-01-22 11:29:14","2024-01-22 11:30:45",test,test,Normal,NO,,,,,,,,,-,false,,,,,,false,2024-01-22,,,,,,,,,,,,
WO,1974,WO-1974,,,-,,,,SPA-CS,36,SPA-CS00036,"System Administrator",Cerrado,"2023-11-14 18:32:04","2023-11-15 12:17:55","2711461729531_460_AT_0051_21-1__CS0036.PDF","2711461729531_460_AT_0051_21-1__CS0036.PDF","Inspecciones (OCA)",NO,,,,,,23.04.2024,LO,1847,LO-001847,false,,,,,,false,2023-11-14,,,,,,,,,,,,
WO,3684,WO-3684,,,-,,,,SPA-BU,4155,SPA-BU04155,"System Administrator",Cerrado,"2023-11-14 19:11:54","2023-11-15 12:23:56","1608462921030_BU4155-CON_DEFECTOS.PDF","1608462921030_BU4155-CON_DEFECTOS.PDF","Revision (MTO)",NO,,,,,,,LO,664,LO-000664,false,,,,,,false,2023-11-14,,,,,,,,,,,,
WO,4298,WO-4298,,,-,,,,SPA-BU,4229,SPA-BU04229,"System Administrator",Cerrado,"2024-01-18 17:40:51","2024-01-18 18:04:38",0908413230017_BU4229.PDF,0908413230017_BU4229.PDF,"Inspecciones (OCA)",NO,,,,,,,LO,699,LO-000699,false,,,,,,false,2024-01-18,,,,,,,,,,,,
WO,2157,WO-2157,,,-,,,,SPA-BU,4272,SPA-BU04272,"System Administrator",Cerrado,"2023-11-14 18:36:31","2023-11-15 12:12:59","211230269248_BU4272-REVISION__MTO_-08-08-2019.PDF","211230269248_BU4272-REVISION__MTO_-08-08-2019.PDF","Revision (MTO)",NO,,,,,,,LO,720,LO-000720,false,,,,,,false,2023-11-14,,,,,,,,,,,,
WO,1893,WO-1893,,,-,,,,SPA-SG,9403,SPA-SG09403,"System Administrator",Cerrado,"2023-11-14 18:30:10","2023-11-15 12:23:07",231017317423_SG9403.PDF,231017317423_SG9403.PDF,"Revision (MTO)",NO,,,,,,,LO,6080,LO-006080,false,,,,,,false,2023-11-14,,,,,,,,,,,,
WO,2040,WO-2040,,,-,,,,SPA-MA,2636,SPA-MA02636,"System Administrator",Cerrado,"2023-11-14 18:33:41","2023-11-15 12:20:14","2112300311191_MA2636-REVISION__MTO_-05-08-2019.PDF","2112300311191_MA2636-REVISION__MTO_-05-08-2019.PDF","Revision (MTO)",NO,,,,,,,LO,3864,LO-003864,false,,,,,,false,2023-11-14,,,,,,,,,,,,
WO,4213,WO-4213,,,-,,,,SPA-TO,213,SPA-TO00213,"System Administrator",Cerrado,"2024-01-18 17:38:55","2024-01-18 18:03:46","040904531752_CERT_AT-TO-009-2_22_TOTEM_TO0213_YEPES_CT.PDF","040904531752_CERT_AT-TO-009-2_22_TOTEM_TO0213_YEPES_CT.PDF","Inspecciones (OCA)",NO,,,,,,,LO,6700,LO-006700,false,,,,,,false,2024-01-18,,,,,,,,,,,,
WO,2711,WO-2711,,,-,,,,SPA-SE,1330,SPA-SE01330,"System Administrator",Cerrado,"2023-11-14 18:49:28","2023-11-15 12:16:34","2112312525452_SE1330-INSPECCION__OCA_-23-11-2020.PDF","2112312525452_SE1330-INSPECCION__OCA_-23-11-2020.PDF","Inspecciones (OCA)",NO,,,,,,23.11.2023,LO,5965,LO-005965,false,,,,,,false,2023-11-14,,,,,,,,,,,,
WO,2521,WO-2521,,,-,,,,SPA-OR,9722,SPA-OR09722,"System Administrator",Cerrado,"2023-11-14 18:45:11","2023-11-15 12:18:17","2112310621109_OR9722-REVISION__MTO_-20-04-2020.PDF","2112310621109_OR9722-REVISION__MTO_-20-04-2020.PDF","Revision (MTO)",NO,,,,,,,LO,5171,LO-005171,false,,,,,,false,2023-11-14,,,,,,,,,,,,
WO,2341,WO-2341,,,-,,,,SPA-TO,532,SPA-TO00532,"System Administrator",Cerrado,"2023-11-14 18:40:54","2023-11-15 12:20:37","2112304616895_TO0532-REVISION__MTO_-04-02-2019.PDF","2112304616895_TO0532-REVISION__MTO_-04-02-2019.PDF","Revision (MTO)",NO,,,,,,,LO,6737,LO-006737,false,,,,,,false,2023-11-14,,,,,,,,,,,,
WO,2048,WO-2048,,,-,,,,SPA-HX,9809,SPA-HX09809,"System Administrator",Cerrado,"2023-11-14 18:33:52","2023-11-15 12:24:12","2112300326949_HX9809-REVISION__MTO_-16-07-2019.PDF","2112300326949_HX9809-REVISION__MTO_-16-07-2019.PDF","Revision (MTO)",NO,,,,,,,LO,2995,LO-002995,false,,,,,,false,2023-11-14,,,,,,,,,,,,
WO,3802,WO-3802,,,-,,,,SPA-VA,2266,SPA-VA02266,"System Administrator",Cerrado,"2024-01-18 17:28:55","2024-01-18 17:59:31","1709264217418_VA2266-DEFECTOS_CORREGIDOS.PDF","1709264217418_VA2266-DEFECTOS_CORREGIDOS.PDF","Revision (MTO)",NO,,,,,,,LO,7087,LO-007087,false,,,,,,false,2024-01-18,,,,,,,,,,,,
WO,3063,WO-3063,,,-,,,,,,,"System Administrator",Cerrado,"2023-11-14 18:57:33","2023-11-15 12:25:04","04120438491_SA6408-REVISION__MTO_-29092015.PDF","04120438491_SA6408-REVISION__MTO_-29092015.PDF","Revision (MTO)",NO,,,,,,,,,-,false,,,,,,false,2023-11-14,,,,,,,,,,,,
WO,3340,WO-3340,,,-,,,,SPA-MX,3505,SPA-MX03505,"System Administrator",Cerrado,"2023-11-14 19:03:55","2023-11-15 12:14:21",1811440530721_MX3806.PDF,1811440530721_MX3806.PDF,"Revision (MTO)",NO,,,,,,,LO,4709,LO-004709,false,,,,,,false,2023-11-14,,,,,,,,,,,,
WO,4150,WO-4150,,,-,,,,SPA-HU,7140,SPA-HU07140,"System Administrator",Cerrado,"2024-01-18 17:37:27","2024-01-18 18:03:08","101621565747_HU7193-REV_MTO_28-08-23.PDF","101621565747_HU7193-REV_MTO_28-08-23.PDF","Revision (MTO)",NO,,,,,,28.08.2024,LO,2853,LO-002853,false,,,,,,false,2024-01-18,,,,,,,,,,,,
WO,4563,WO-4563,SAR,222,SAR-000222,SPA-HX,9560,SPA-HX09560,,,,"DNO acceso OSP",Abierto,"2024-01-29 12:34:20","2024-01-29 12:50:34","443460 - HX9560","APAGADO EQUIPO VODAFONE",Infraestructura,NO,,,,,,,,,-,false,,,,,,false,2024-01-29,,,,,,,,,,,,
WO,2787,WO-2787,,,-,,,,SPA-SG,9545,SPA-SG09545,"System Administrator",Cerrado,"2023-11-14 18:51:13","2023-11-15 12:12:07","2112342725790_SG9545-INSPECCION__OCA_-18-09-2020.PDF","2112342725790_SG9545-INSPECCION__OCA_-18-09-2020.PDF","Inspecciones (OCA)",NO,,,,,,18.09.2023,LO,6087,LO-006087,false,,,,,,false,2023-11-14,,,,,,,,,,,,
WO,3601,WO-3601,,,-,,,,SPA-ZX,226,SPA-ZX00226,"System Administrator",Cerrado,"2023-11-14 19:09:55","2023-11-15 12:05:27","0914510828866_ZX0226_-_AT-Z-06-22_CUBEL_-_OCA.PDF","0914510828866_ZX0226_-_AT-Z-06-22_CUBEL_-_OCA.PDF","Inspecciones (OCA)",NO,,,,,,04.07.2025,LO,7725,LO-007725,false,,,,,,false,2023-11-14,,,,,,,,,,,,
WO,2209,WO-2209,,,-,,,,SPA-SG,9403,SPA-SG09403,"System Administrator",Cerrado,"2023-11-14 18:37:45","2023-11-15 12:13:23","2112303313597_SG9403-REVISION__MTO_-08-08-2019.PDF","2112303313597_SG9403-REVISION__MTO_-08-08-2019.PDF","Revision (MTO)",NO,,,,,,,LO,6080,LO-006080,false,,,,,,false,2023-11-14,,,,,,,,,,,,
WO,3648,WO-3648,,,-,,,,SPA-BU,4360,SPA-BU04360,"System Administrator",Cerrado,"2023-11-14 19:11:00","2023-11-15 12:15:25","1514065811823_BU4360-CON_DEFECTOS.PDF","1514065811823_BU4360-CON_DEFECTOS.PDF","Revision (MTO)",NO,,,,,,,LO,747,LO-000747,false,,,,,,false,2023-11-14,,,,,,,,,,,,
WO,3329,WO-3329,,,-,,,,SPA-MA,2905,SPA-MA02905,"System Administrator",Cerrado,"2023-11-14 19:03:40","2023-11-15 12:19:55","110949499708_OCA_LAT_MA2905_2022.PDF","110949499708_OCA_LAT_MA2905_2022.PDF","Inspecciones (OCA)",NO,,,,,,18.03.2025,LO,3918,LO-003918,false,,,,,,false,2023-11-14,,,,,,,,,,,,
WO,3349,WO-3349,,,-,,,,SPA-CR,3034,SPA-CR03034,"System Administrator",Cerrado,"2023-11-14 19:04:07","2023-11-15 12:19:52","19092829299_CR3034-TOTEM.PDF","19092829299_CR3034-TOTEM.PDF","Revision (MTO)",NO,,,,,,,LO,1712,LO-001712,false,,,,,,false,2023-11-14,,,,,,,,,,,,
WO,2365,WO-2365,,,-,,,,SPA-TO,55,SPA-TO00055,"System Administrator",Cerrado,"2023-11-14 18:41:28","2023-11-15 12:11:24","2112304828102_TO0055-REVISION__MTO_-04-02-2019.PDF","2112304828102_TO0055-REVISION__MTO_-04-02-2019.PDF","Revision (MTO)",NO,,,,,,,LO,6654,LO-006654,false,,,,,,false,2023-11-14,,,,,,,,,,,,
WO,4518,WO-4518,,,-,,,,,,,"Begoña Pardo Ruiz",Abierto,"2024-01-27 15:26:33","2024-01-27 15:26:33",SUPERVISION,"Necesitarán supervisión del NOC todos los trabajos en sistemas de climatización y en energía AC o DC que supongan corte de suministro o riesgo de corte a clientes",Urgente,SI,"2024-01-29 00:00:00","2024-02-02 00:00:00",,,,,,,-,false,,,,,,false,2024-01-27,,,,,,,,,,,,
WO,3084,WO-3084,,,-,,,,SPA-SA,5620,SPA-SA05620,"System Administrator",Cerrado,"2023-11-14 18:57:57","2023-11-15 12:05:57","2812445932699_SA5620-TOTEM.PDF","2812445932699_SA5620-TOTEM.PDF","Inspecciones (OCA)",NO,,,,,,08.11.2025,LO,5694,LO-005694,false,,,,,,false,2023-11-14,,,,,,,,,,,,
WO,4193,WO-4193,,,-,,,,SPA-SA,5906,SPA-SA05906,"System Administrator",Cerrado,"2024-01-18 17:38:29","2024-01-18 18:03:34","0413153722251_SA5906-_FAVORABLE.PDF","0413153722251_SA5906-_FAVORABLE.PDF","Inspecciones (OCA)",NO,,,,,,,LO,5709,LO-005709,false,,,,,,false,2024-01-18,,,,,,,,,,,,
WO,2955,WO-2955,,,-,,,,SPA-HX,9651,SPA-HX09651,"System Administrator",Cerrado,"2023-11-14 18:55:09","2023-11-15 12:22:06","2213585630871_REVISION_ANUAL_CT_HX9651_2021.PDF","2213585630871_REVISION_ANUAL_CT_HX9651_2021.PDF","Revision (MTO)",NO,,,,,,,LO,2966,LO-002966,false,,,,,,false,2023-11-14,,,,,,,,,,,,
WO,2990,WO-2990,,,-,,,,SPA-CO,6835,SPA-CO06835,"System Administrator",Cerrado,"2023-11-14 18:55:58","2023-11-15 12:08:01","2210005721603_REVISION_VISUAL_CT_CO6835_2021.PDF","2210005721603_REVISION_VISUAL_CT_CO6835_2021.PDF","Revision (MTO)",NO,,,,,,,LO,1609,LO-001609,false,,,,,,false,2023-11-14,,,,,,,,,,,,
WO,2134,WO-2134,,,-,,,,SPA-AV,8604,SPA-AV08604,"System Administrator",Cerrado,"2023-11-14 18:35:57","2023-11-15 12:15:18","2112302520474_AV8604-REVISION__MTO_-08-08-2019.PDF","2112302520474_AV8604-REVISION__MTO_-08-08-2019.PDF","Revision (MTO)",NO,,,,,,,LO,186,LO-000186,false,,,,,,false,2023-11-14,,,,,,,,,,,,
WO,3009,WO-3009,,,-,,,,SPA-MX,3029,SPA-MX03029,"System Administrator",Cerrado,"2023-11-14 18:56:24","2023-11-15 12:20:37",2110222824726_MX3029.PDF,2110222824726_MX3029.PDF,"Inspecciones (OCA)",NO,,,,,,19.10.2024,LO,4677,LO-004677,false,,,,,,false,2023-11-14,,,,,,,,,,,,
WO,3944,WO-3944,,,-,,,,SPA-CU,8559,SPA-CU08559,"System Administrator",Cerrado,"2024-01-18 17:32:26","2024-01-18 18:01:01","031550161717_CU8559-REV_MTO_21-03-2023.PDF","031550161717_CU8559-REV_MTO_21-03-2023.PDF","Revision (MTO)",NO,,,,,,,LO,2043,LO-002043,false,,,,,,false,2024-01-18,,,,,,,,,,,,
WO,4621,WO-4621,SAR,290,SAR-000290,SPA-MX,541,SPA-MX00541,,,,"DNO acceso OSP",Abierto,"2024-01-30 10:04:48","2024-01-30 10:08:13","444045 - MX0541","REPLANTEOS DE EQUIPOS","Revision (MTO)",NO,,,,,,,,,-,false,,,,,,false,2024-01-30,,,,,,,,,,,,
WO,2925,WO-2925,,,-,,,,SPA-PO,7117,SPA-PO07117,"System Administrator",Cerrado,"2023-11-14 18:54:27","2023-11-15 12:07:03","2109500822884_PO7117-DEFECTOS_CORREGIDOS.PDF","2109500822884_PO7117-DEFECTOS_CORREGIDOS.PDF","Revision (MTO)",NO,,,,,,,LO,5615,LO-005615,false,,,,,,false,2023-11-14,,,,,,,,,,,,
WO,2515,WO-2515,,,-,,,,SPA-OR,9830,SPA-OR09830,"System Administrator",Cerrado,"2023-11-14 18:45:04","2023-11-15 12:15:57","2112310626412_OR9830-INSPECCION__OCA_-07-08-2020.PDF","2112310626412_OR9830-INSPECCION__OCA_-07-08-2020.PDF","Inspecciones (OCA)",NO,,,,,,07.08.2023,LO,5189,LO-005189,false,,,,,,false,2023-11-14,,,,,,,,,,,,
WO,4271,WO-4271,,,-,,,,SPA-LE,991,SPA-LE00991,"System Administrator",Cerrado,"2024-01-18 17:40:14","2024-01-18 18:04:23",180915362895_LE0991.PDF,180915362895_LE0991.PDF,"Inspecciones (OCA)",NO,,,,,,,LO,3428,LO-003428,false,,,,,,false,2024-01-18,,,,,,,,,,,,
WO,4282,WO-4282,,,-,,,,SPA-SG,9304,SPA-SG09304,"System Administrator",Cerrado,"2024-01-18 17:40:29","2024-01-18 18:04:29",2712281431082_SG9304.PDF,2712281431082_SG9304.PDF,"Inspecciones (OCA)",NO,,,,,,,LO,6075,LO-006075,false,,,,,,false,2024-01-18,,,,,,,,,,,,
WO,3705,WO-3705,,,-,,,,SPA-AB,26,SPA-AB00026,"System Administrator",Cerrado,"2023-11-14 19:12:25","2023-11-15 12:05:13","270930576691_AB0026-REV_MTO_08-09-2022.PDF","270930576691_AB0026-REV_MTO_08-09-2022.PDF","Revision (MTO)",NO,,,,,,,LO,5,LO-000005,false,,,,,,false,2023-11-14,,,,,,,,,,,,
WO,3728,WO-3728,,,-,,,,SPA-AB,6351,SPA-AB06351,"System Administrator",Cerrado,"2023-11-14 19:12:57","2023-11-15 12:17:45","270957435366_AB6351-REV_MTO_24-08-2022.PDF","270957435366_AB6351-REV_MTO_24-08-2022.PDF","Revision (MTO)",NO,,,,,,,LO,75,LO-000075,false,,,,,,false,2023-11-14,,,,,,,,,,,,
WO,3431,WO-3431,,,-,,,,SPA-GU,9201,SPA-GU09201,"System Administrator",Cerrado,"2023-11-14 19:06:00","2023-11-15 12:06:12","2711160916770_GU9201-TOTEM.PDF","2711160916770_GU9201-TOTEM.PDF","Revision (MTO)",NO,,,,,,,LO,2804,LO-002804,false,,,,,,false,2023-11-14,,,,,,,,,,,,
WO,4029,WO-4029,,,-,,,,SPA-MU,290,SPA-MU00290,"System Administrator",Cerrado,"2024-01-18 17:34:31","2024-01-18 18:01:53","251031074009_MU0290_INFORME_REVISION_SUCINA_2023.PDF","251031074009_MU0290_INFORME_REVISION_SUCINA_2023.PDF","Revision (MTO)",NO,,,,,,11.05.2024,LO,4105,LO-004105,false,,,,,,false,2024-01-18,,,,,,,,,,,,
WO,2275,WO-2275,,,-,,,,SPA-LE,9743,SPA-LE09743,"System Administrator",Cerrado,"2023-11-14 18:39:18","2023-11-15 12:17:35","2112304110687_LE9743-REVISION__MTO_-10-06-2019.PDF","2112304110687_LE9743-REVISION__MTO_-10-06-2019.PDF","Revision (MTO)",NO,,,,,,,LO,3511,LO-003511,false,,,,,,false,2023-11-14,,,,,,,,,,,,
WO,3664,WO-3664,,,-,,,,SPA-BU,4126,SPA-BU04126,"System Administrator",Cerrado,"2023-11-14 19:11:23","2023-11-15 12:05:08","160821481869_BU4126-CON_DEFECTOS.PDF","160821481869_BU4126-CON_DEFECTOS.PDF","Revision (MTO)",NO,,,,,,,LO,642,LO-000642,false,,,,,,false,2023-11-14,,,,,,,,,,,,
WO,2412,WO-2412,,,-,,,,SPA-CU,8323,SPA-CU08323,"System Administrator",Cerrado,"2023-11-14 18:42:34","2023-11-15 12:05:58","211230521892_CU8323-REVISION__MTO_-12-03-2019.PDF","211230521892_CU8323-REVISION__MTO_-12-03-2019.PDF","Revision (MTO)",NO,,,,,,,LO,1982,LO-001982,false,,,,,,false,2023-11-14,,,,,,,,,,,,
WO,3759,WO-3759,,,-,,,,SPA-VX,44,SPA-VX00044,"System Administrator",Cerrado,"2023-11-14 19:13:41","2023-11-15 12:16:03","041218003978_VX0044_BOLBAITE_INFORME_REVISION_2022.PDF","041218003978_VX0044_BOLBAITE_INFORME_REVISION_2022.PDF","Revision (MTO)",NO,,,,,,,LO,7232,LO-007232,false,,,,,,false,2023-11-14,,,,,,,,,,,,
WO,3921,WO-3921,,,-,,,,SPA-CR,3301,SPA-CR03301,"System Administrator",Cerrado,"2024-01-18 17:31:52","2024-01-18 18:00:47","031341394776_CR3301-REV_MTO_13-03-2023.PDF","031341394776_CR3301-REV_MTO_13-03-2023.PDF","Revision (MTO)",NO,,,,,,,LO,1783,LO-001783,false,,,,,,false,2024-01-18,,,,,,,,,,,,
WO,3393,WO-3393,,,-,,,,SPA-CU,8510,SPA-CU08510,"System Administrator",Cerrado,"2023-11-14 19:05:08","2023-11-15 12:08:18","2509560910219_CU8510-TOTEM.PDF","2509560910219_CU8510-TOTEM.PDF","Revision (MTO)",NO,,,,,,,LO,2027,LO-002027,false,,,,,,false,2023-11-14,,,,,,,,,,,,
WO,3787,WO-3787,,,-,,,,SPA-SG,9401,SPA-SG09401,"System Administrator",Cerrado,"2023-11-14 19:14:21","2023-11-15 12:10:12","2709105614072_PARTE_DE_INCIDENCIA.PDF","2709105614072_PARTE_DE_INCIDENCIA.PDF","Revision (MTO)",NO,,,,,,,LO,6078,LO-006078,false,,,,,,false,2023-11-14,,,,,,,,,,,,
WO,4032,WO-4032,,,-,,,,SPA-ZX,374,SPA-ZX00374,"System Administrator",Cerrado,"2024-01-18 17:34:36","2024-01-18 18:01:55","300723245017_ZX0374-REV_MTO_11_07_23.PDF","300723245017_ZX0374-REV_MTO_11_07_23.PDF","Revision (MTO)",NO,,,,,,11.07.2024,LO,7759,LO-007759,false,,,,,,false,2024-01-18,,,,,,,,,,,,
WO,4177,WO-4177,,,-,,,,SPA-HU,7132,SPA-HU07132,"System Administrator",Cerrado,"2024-01-18 17:38:06","2024-01-18 18:03:25","141118472509_HU7132-REV_MTO_30_08_23.PDF","141118472509_HU7132-REV_MTO_30_08_23.PDF","Revision (MTO)",NO,,,,,,30.08.2024,LO,2849,LO-002849,false,,,,,,false,2024-01-18,,,,,,,,,,,,
WO,2283,WO-2283,,,-,,,,SPA-LE,1719,SPA-LE01719,"System Administrator",Cerrado,"2023-11-14 18:39:29","2023-11-15 12:07:51","2112304113162_LE1719-REVISION__MTO_-10-06-2019.PDF","2112304113162_LE1719-REVISION__MTO_-10-06-2019.PDF","Revision (MTO)",NO,,,,,,,LO,3475,LO-003475,false,,,,,,false,2023-11-14,,,,,,,,,,,,
WO,2352,WO-2352,,,-,,,,SPA-TO,32,SPA-TO00032,"System Administrator",Cerrado,"2023-11-14 18:41:10","2023-11-15 12:10:46","2112304723941_TO0032-REVISION__MTO_-04-02-2019.PDF","2112304723941_TO0032-REVISION__MTO_-04-02-2019.PDF","Revision (MTO)",NO,,,,,,,LO,6643,LO-006643,false,,,,,,false,2023-11-14,,,,,,,,,,,,
WO,2918,WO-2918,,,-,,,,SPA-VI,8730,SPA-VI08730,"System Administrator",Cerrado,"2023-11-14 18:54:17","2023-11-15 12:25:21",0210074510887_VI8730.PDF,0210074510887_VI8730.PDF,"Inspecciones (OCA)",NO,,,,,,14.06.2024,LO,7174,LO-007174,false,,,,,,false,2023-11-14,,,,,,,,,,,,
WO,3563,WO-3563,,,-,,,,SPA-SO,9803,SPA-SO09803,"System Administrator",Cerrado,"2023-11-14 19:09:03","2023-11-15 12:09:44",2413484711312_SO9803.PDF,2413484711312_SO9803.PDF,"Revision (MTO)",NO,,,,,,,LO,6135,LO-006135,false,,,,,,false,2023-11-14,,,,,,,,,,,,
WO,1945,WO-1945,,,-,,,,SPA-AB,6006,SPA-AB06006,"System Administrator",Cerrado,"2023-11-14 18:31:22","2023-11-15 12:24:59","2610064932545_AB6006_CHINCHILLA_CERTIFICADO_FAVORABLE__2021.PDF","2610064932545_AB6006_CHINCHILLA_CERTIFICADO_FAVORABLE__2021.PDF","Inspecciones (OCA)",NO,,,,,,09.03.2024,LO,43,LO-000043,false,,,,,,false,2023-11-14,,,,,,,,,,,,
WO,3498,WO-3498,,,-,,,,SPA-TO,546,SPA-TO00546,"System Administrator",Cerrado,"2023-11-14 19:07:33","2023-11-15 12:11:16","1813010319590_CERT_AT-TO-011_22_TOTEM_TO0546_EL_ROMERAL_CT.PDF","1813010319590_CERT_AT-TO-011_22_TOTEM_TO0546_EL_ROMERAL_CT.PDF","Inspecciones (OCA)",NO,,,,,,07.06.2025,LO,6746,LO-006746,false,,,,,,false,2023-11-14,,,,,,,,,,,,
WO,2730,WO-2730,,,-,,,,SPA-MA,2636,SPA-MA02636,"System Administrator",Cerrado,"2023-11-14 18:49:54","2023-11-15 12:10:03","2112312623775_MA2636-INSPECCION__OCA_-18-11-2020.PDF","2112312623775_MA2636-INSPECCION__OCA_-18-11-2020.PDF","Inspecciones (OCA)",NO,,,,,,18.11.2023,LO,3864,LO-003864,false,,,,,,false,2023-11-14,,,,,,,,,,,,
WO,3061,WO-3061,,,-,,,,,,,"System Administrator",Cerrado,"2023-11-14 18:57:31","2023-11-15 12:10:55","0412043811942_SA6408-INSPECCION___OCA__-23092016.PDF","0412043811942_SA6408-INSPECCION___OCA__-23092016.PDF","Inspecciones (OCA)",NO,,,,,,,,,-,false,,,,,,false,2023-11-14,,,,,,,,,,,,
WO,2294,WO-2294,,,-,,,,SPA-JX,8005,SPA-JX08005,"System Administrator",Cerrado,"2023-11-14 18:39:46","2023-11-15 12:16:58","211230426038_JX8005-REVISION__MTO_-19-03-2020.PDF","211230426038_JX8005-REVISION__MTO_-19-03-2020.PDF","Revision (MTO)",NO,,,,,,,LO,3308,LO-003308,false,,,,,,false,2023-11-14,,,,,,,,,,,,
WO,4506,WO-4506,SAR,168,SAR-000168,SPA-AX,5406,SPA-AX05406,,,,"Leticia Jimenez Tejero",Abierto,"2024-01-26 16:07:58","2024-01-26 16:10:49",AX5406,"Revisión de equipos de ORANGE",Urgente,SI,,,,,,,,,-,false,,,,,,false,2024-01-26,,,,,,,,,,,,
WO,2094,WO-2094,,,-,,,,SPA-LE,9995,SPA-LE09995,"System Administrator",Cerrado,"2023-11-14 18:34:57","2023-11-15 12:13:20","211230193964_LE9995-REVISION__MTO_-07-08-2018.PDF","211230193964_LE9995-REVISION__MTO_-07-08-2018.PDF","Revision (MTO)",NO,,,,,,,LO,3512,LO-003512,false,,,,,,false,2023-11-14,,,,,,,,,,,,
WO,3067,WO-3067,,,-,,,,,,,"System Administrator",Cerrado,"2023-11-14 18:57:37","2023-11-15 12:25:16","041204385705_SA5602-INSPECCION___OCA__-20092016.PDF","041204385705_SA5602-INSPECCION___OCA__-20092016.PDF","Inspecciones (OCA)",NO,,,,,,,,,-,false,,,,,,false,2023-11-14,,,,,,,,,,,,
WO,2703,WO-2703,,,-,,,,SPA-LE,1713,SPA-LE01713,"System Administrator",Cerrado,"2023-11-14 18:49:17","2023-11-15 12:21:30","2112312427091_LE1713-REVISION__MTO_-23-06-2020.PDF","2112312427091_LE1713-REVISION__MTO_-23-06-2020.PDF","Revision (MTO)",NO,,,,,,,LO,3470,LO-003470,false,,,,,,false,2023-11-14,,,,,,,,,,,,
WO,2154,WO-2154,,,-,,,,SPA-BU,4302,SPA-BU04302,"System Administrator",Cerrado,"2023-11-14 18:36:27","2023-11-15 12:22:39","21123026742_BU4302-REVISION__MTO_-08-08-2019.PDF","21123026742_BU4302-REVISION__MTO_-08-08-2019.PDF","Revision (MTO)",NO,,,,,,,LO,732,LO-000732,false,,,,,,false,2023-11-14,,,,,,,,,,,,
WO,4586,WO-4586,SAR,246,SAR-000246,SPA-MX,1399,SPA-MX01399,,,,"DNO acceso OSP",Abierto,"2024-01-29 14:31:16","2024-01-29 14:34:34","444356  MX1399","ESTACION CAIDA",Urgente,NO,,,,,,,,,-,false,,,,,,false,2024-01-29,,,,,,,,,,,,
WO,3462,WO-3462,,,-,,,,SPA-TO,111,SPA-TO00111,"System Administrator",Cerrado,"2023-11-14 19:06:43","2023-11-15 12:06:07","1812260710340_TO0111-REV__MTO_10-06-2022.PDF","1812260710340_TO0111-REV__MTO_10-06-2022.PDF","Revision (MTO)",NO,,,,,,,LO,6677,LO-006677,false,,,,,,false,2023-11-14,,,,,,,,,,,,
WO,2691,WO-2691,,,-,,,,SPA-BU,4134,SPA-BU04134,"System Administrator",Cerrado,"2023-11-14 18:49:01","2023-11-15 12:15:21","211231246766_BU4134-REVISION__MTO_-20-07-2020.PDF","211231246766_BU4134-REVISION__MTO_-20-07-2020.PDF","Revision (MTO)",NO,,,,,,,LO,648,LO-000648,false,,,,,,false,2023-11-14,,,,,,,,,,,,
WO,2482,WO-2482,,,-,,,,SPA-ZX,561,SPA-ZX00561,"System Administrator",Cerrado,"2023-11-14 18:44:18","2023-11-15 12:20:45","2112310213694_ZX0561-INCIDENCIA-10-06-2020.PDF","2112310213694_ZX0561-INCIDENCIA-10-06-2020.PDF","Revision (MTO)",NO,,,,,,,LO,7788,LO-007788,false,,,,,,false,2023-11-14,,,,,,,,,,,,
WO,3974,WO-3974,,,-,,,,SPA-TE,60,SPA-TE00060,"System Administrator",Cerrado,"2024-01-18 17:33:10","2024-01-18 18:01:19","1120290726514_TE0060T-REV_MTO_01-09-23.PDF","1120290726514_TE0060T-REV_MTO_01-09-23.PDF","Revision (MTO)",NO,,,,,,01.09.2024,LO,6424,LO-006424,false,,,,,,false,2024-01-18,,,,,,,,,,,,
WO,2259,WO-2259,,,-,,,,SPA-CO,6821,SPA-CO06821,"System Administrator",Cerrado,"2023-11-14 18:38:55","2023-11-15 12:11:35","211230383432_CO6821-REVISION__MTO_-24-02-2020.PDF","211230383432_CO6821-REVISION__MTO_-24-02-2020.PDF","Revision (MTO)",NO,,,,,,,LO,1606,LO-001606,false,,,,,,false,2023-11-14,,,,,,,,,,,,
WO,3887,WO-3887,,,-,,,,SPA-LE,1951,SPA-LE01951,"System Administrator",Cerrado,"2024-01-18 17:31:02","2024-01-18 18:00:26",1911060610275_LE1951.PDF,1911060610275_LE1951.PDF,"Revision (MTO)",NO,,,,,,,LO,3502,LO-003502,false,,,,,,false,2024-01-18,,,,,,,,,,,,
WO,3171,WO-3171,,,-,,,,SPA-SG,9541,SPA-SG09541,"System Administrator",Cerrado,"2023-11-14 18:59:59","2023-11-15 12:11:31","1409520611661_SG9541-CON_DEFECTOS.PDF","1409520611661_SG9541-CON_DEFECTOS.PDF","Revision (MTO)",NO,,,,,,,LO,6083,LO-006083,false,,,,,,false,2023-11-14,,,,,,,,,,,,
WO,2373,WO-2373,,,-,,,,SPA-CR,3093,SPA-CR03093,"System Administrator",Cerrado,"2023-11-14 18:41:39","2023-11-15 12:19:16","2112304826363_CR3093-REVISION__MTO_-11-02-2019.PDF","2112304826363_CR3093-REVISION__MTO_-11-02-2019.PDF","Revision (MTO)",NO,,,,,,,LO,1748,LO-001748,false,,,,,,false,2023-11-14,,,,,,,,,,,,
WO,2455,WO-2455,,,-,,,,SPA-PO,6637,SPA-PO06637,"System Administrator",Cerrado,"2023-11-14 18:43:39","2023-11-15 12:17:30","211230563271_PO6637-REVISION__MTO_-04-06-2019.PDF","211230563271_PO6637-REVISION__MTO_-04-06-2019.PDF","Revision (MTO)",NO,,,,,,,LO,5604,LO-005604,false,,,,,,false,2023-11-14,,,,,,,,,,,,
WO,2630,WO-2630,,,-,,,,SPA-BU,4245,SPA-BU04245,"System Administrator",Cerrado,"2023-11-14 18:47:39","2023-11-15 12:06:16","2112311913063_BU4245-REVISION__MTO_-20-07-2020.PDF","2112311913063_BU4245-REVISION__MTO_-20-07-2020.PDF","Revision (MTO)",NO,,,,,,,LO,710,LO-000710,false,,,,,,false,2023-11-14,,,,,,,,,,,,
WO,3750,WO-3750,,,-,,,,SPA-CS,129,SPA-CS00129,"System Administrator",Cerrado,"2023-11-14 19:13:28","2023-11-15 12:23:20","031707323965_CS0129_INFORME_REVISION_VINAROZ_2022.PDF","031707323965_CS0129_INFORME_REVISION_VINAROZ_2022.PDF","Revision (MTO)",NO,,,,,,,LO,1896,LO-001896,false,,,,,,false,2023-11-14,,,,,,,,,,,,
WO,3209,WO-3209,,,-,,,,SPA-HX,9480,SPA-HX09480,"System Administrator",Cerrado,"2023-11-14 19:00:53","2023-11-15 12:04:48","0313423916206_HX9480-INSPECCION__OCA_-19-10-2022.PDF","0313423916206_HX9480-INSPECCION__OCA_-19-10-2022.PDF","Inspecciones (OCA)",NO,,,,,,19.10.2025,LO,2933,LO-002933,false,,,,,,false,2023-11-14,,,,,,,,,,,,
WO,2622,WO-2622,,,-,,,,SPA-BU,4302,SPA-BU04302,"System Administrator",Cerrado,"2023-11-14 18:47:28","2023-11-15 12:15:16","2112311918842_BU4302-REVISION__MTO_-20-07-2020.PDF","2112311918842_BU4302-REVISION__MTO_-20-07-2020.PDF","Revision (MTO)",NO,,,,,,,LO,732,LO-000732,false,,,,,,false,2023-11-14,,,,,,,,,,,,
WO,4065,WO-4065,,,-,,,,SPA-TO,55,SPA-TO00055,"System Administrator",Cerrado,"2024-01-18 17:35:23","2024-01-18 18:02:16","3110073719215_TO0055-REV_MAT_19_06_23.PDF","3110073719215_TO0055-REV_MAT_19_06_23.PDF","Revision (MTO)",NO,,,,,,19.06.2024,LO,6654,LO-006654,false,,,,,,false,2024-01-18,,,,,,,,,,,,
WO,3700,WO-3700,,,-,,,,SPA-HU,7132,SPA-HU07132,"System Administrator",Cerrado,"2023-11-14 19:12:18","2023-11-15 12:07:14","220926322306_HU7132_-_AT-HU-16-22_-_BAILO_-_OCA.PDF","220926322306_HU7132_-_AT-HU-16-22_-_BAILO_-_OCA.PDF","Inspecciones (OCA)",NO,,,,,,06.07.2025,LO,2849,LO-002849,false,,,,,,false,2023-11-14,,,,,,,,,,,,
WO,3207,WO-3207,,,-,,,,SPA-SE,375,SPA-SE00375,"System Administrator",Cerrado,"2023-11-14 19:00:50","2023-11-15 12:13:27","0313502128918_HX9605-INSPECCION__OCA_-17-10-2022.PDF","0313502128918_HX9605-INSPECCION__OCA_-17-10-2022.PDF","Inspecciones (OCA)",NO,,,,,,17.10.2025,LO,5866,LO-005866,false,,,,,,false,2023-11-14,,,,,,,,,,,,
WO,4556,WO-4556,SAR,213,SAR-000213,SPA-MX,315,SPA-MX00315,,,,"DNO acceso OSP",Abierto,"2024-01-29 12:02:10","2024-01-29 12:05:22","439521  MX0315","ESTACION CAIDA",Urgente,NO,,,,,,,,,-,false,,,,,,false,2024-01-29,,,,,,,,,,,,
WO,1925,WO-1925,,,-,,,,SPA-AB,6006,SPA-AB06006,"System Administrator",Cerrado,"2023-11-14 18:30:55","2023-11-15 12:09:34","070936249073_AB6006_INFORME_REVISION_CHINCHILLA_N-301_2021.DOC","070936249073_AB6006_INFORME_REVISION_CHINCHILLA_N-301_2021.DOC","Revision (MTO)",NO,,,,,,,LO,43,LO-000043,false,,,,,,false,2023-11-14,,,,,,,,,,,,
WO,2427,WO-2427,,,-,,,,SPA-GU,9179,SPA-GU09179,"System Administrator",Cerrado,"2023-11-14 18:42:56","2023-11-15 12:12:12","2112305218490_GU9179-REVISION__MTO_-06-03-2019.PDF","2112305218490_GU9179-REVISION__MTO_-06-03-2019.PDF","Revision (MTO)",NO,,,,,,,LO,2795,LO-002795,false,,,,,,false,2023-11-14,,,,,,,,,,,,
WO,3154,WO-3154,,,-,,,,SPA-AB,6017,SPA-AB06017,"System Administrator",Cerrado,"2023-11-14 18:59:33","2023-11-15 12:23:37","1613114824816_AB6017_HELLIN_REPOSICION_XS_INFORME.PDF","1613114824816_AB6017_HELLIN_REPOSICION_XS_INFORME.PDF","Revision (MTO)",NO,,,,,,,LO,48,LO-000048,false,,,,,,false,2023-11-14,,,,,,,,,,,,
WO,2959,WO-2959,,,-,,,,SPA-HX,9605,SPA-HX09605,"System Administrator",Cerrado,"2023-11-14 18:55:15","2023-11-15 12:08:22","221348352714_REVISION_ANUAL_CT_HX9605_2021.PDF","221348352714_REVISION_ANUAL_CT_HX9605_2021.PDF","Revision (MTO)",NO,,,,,,,LO,2949,LO-002949,false,,,,,,false,2023-11-14,,,,,,,,,,,,
WO,3430,WO-3430,,,-,,,,SPA-GU,9200,SPA-GU09200,"System Administrator",Cerrado,"2023-11-14 19:05:59","2023-11-15 12:11:58","2711072626457_GU9200-TOTEM.PDF","2711072626457_GU9200-TOTEM.PDF","Revision (MTO)",NO,,,,,,,LO,2803,LO-002803,false,,,,,,false,2023-11-14,,,,,,,,,,,,
WO,4453,WO-4453,SAR,104,SAR-000104,SPA-GC,150,SPA-GC00150,,,,"Raul Granado escudero",Abierto,"2024-01-25 10:44:04","2024-01-25 11:53:49","Instalación de PCR LITE en caseta/recinto TOTEM","Instalación de PCR LITE en caseta/recinto TOTEM",Normal,NO,,,,,,,,,-,false,,,,,,false,2024-01-25,,,,,,,,,,,,
WO,3799,WO-3799,,,-,,,,SPA-BU,4154,SPA-BU04154,"System Administrator",Cerrado,"2024-01-18 17:28:50","2024-01-18 17:59:29","0813035931765_BU4154-_DEFECTOS_CORREGIDOS.PDF","0813035931765_BU4154-_DEFECTOS_CORREGIDOS.PDF","Revision (MTO)",NO,,,,,,,LO,663,LO-000663,false,,,,,,false,2024-01-18,,,,,,,,,,,,
WO,4374,WO-4374,,,-,,,,SPA-HX,9446,SPA-HX09446,"System Administrator",Cerrado,"2024-01-18 17:42:32","2024-01-18 18:05:23","211023432995_OCA_FAVORABLE_HX9446_13-02-2023.PDF","211023432995_OCA_FAVORABLE_HX9446_13-02-2023.PDF","Inspecciones (OCA)",NO,,,,,,,LO,2928,LO-002928,false,,,,,,false,2024-01-18,,,,,,,,,,,,
WO,4570,WO-4570,SAR,228,SAR-000228,SPA-JX,8109,SPA-JX08109,,,,"DNO acceso OSP",Abierto,"2024-01-29 13:19:40","2024-01-29 13:23:31","443717  JX8109","MODERNIZACION DE EQUPOS / SOLICITAMOS ACCESO A LA SALA DE EQUIPOS, TORRE Y ANTENAS",Auditoría,NO,,,,,,,,,-,false,,,,,,false,2024-01-29,,,,,,,,,,,,
WO,3002,WO-3002,,,-,,,,SPA-MX,3404,SPA-MX03404,"System Administrator",Cerrado,"2023-11-14 18:56:14","2023-11-15 12:14:16",2110291119308_MX3404.PDF,2110291119308_MX3404.PDF,"Inspecciones (OCA)",NO,,,,,,21.10.2024,LO,4704,LO-004704,false,,,,,,false,2023-11-14,,,,,,,,,,,,
WO,2819,WO-2819,,,-,,,,SPA-LU,7590,SPA-LU07590,"System Administrator",Cerrado,"2023-11-14 18:51:58","2023-11-15 12:21:23","211234294229_LU7590-INSPECCION__OCA_-24-08-2020.PDF","211234294229_LU7590-INSPECCION__OCA_-24-08-2020.PDF","Inspecciones (OCA)",NO,,,,,,24.08.2023,LO,3601,LO-003601,false,,,,,,false,2023-11-14,,,,,,,,,,,,
WO,3874,WO-3874,,,-,,,,SPA-AB,5909,SPA-AB05909,"System Administrator",Cerrado,"2024-01-18 17:30:42","2024-01-18 18:00:17","041118189139_AB5909_-_REV_MTO_28-09-2023.PDF","041118189139_AB5909_-_REV_MTO_28-09-2023.PDF","Revision (MTO)",NO,,,,,,,LO,32,LO-000032,false,,,,,,false,2024-01-18,,,,,,,,,,,,
WO,3914,WO-3914,,,-,,,,SPA-CR,3104,SPA-CR03104,"System Administrator",Cerrado,"2024-01-18 17:31:41","2024-01-18 18:00:42","0313364511038_CR3104-REV_MTO_15-03-2023.PDF","0313364511038_CR3104-REV_MTO_15-03-2023.PDF","Revision (MTO)",NO,,,,,,,LO,1755,LO-001755,false,,,,,,false,2024-01-18,,,,,,,,,,,,
WO,3602,WO-3602,,,-,,,,SPA-ZX,226,SPA-ZX00226,"System Administrator",Cerrado,"2023-11-14 19:09:56","2023-11-15 12:09:24","0914533510882_ZX0226-REV_MTO_04-07-2022.PDF","0914533510882_ZX0226-REV_MTO_04-07-2022.PDF","Revision (MTO)",NO,,,,,,,LO,7725,LO-007725,false,,,,,,false,2023-11-14,,,,,,,,,,,,
WO,3485,WO-3485,,,-,,,,SPA-TO,213,SPA-TO00213,"System Administrator",Cerrado,"2023-11-14 19:07:15","2023-11-15 12:15:24","181242052085_TO0213-REV__MTO_07-06-2022.PDF","181242052085_TO0213-REV__MTO_07-06-2022.PDF","Revision (MTO)",NO,,,,,,,LO,6700,LO-006700,false,,,,,,false,2023-11-14,,,,,,,,,,,,
WO,4443,WO-4443,SAR,77,SAR-000077,SPA-CS,9637,SPA-CS09637,,,,"Alain Alvarez keskinen",Abierto,"2024-01-24 12:50:02","2024-01-24 12:50:02","EVOLUTIVO ALARMAS","CAMBIO RELÉ PRESENCIA TENSIÓN Y TRASLADAR ALARMAS DIRECTAMENTE A PCR",Normal,NO,"2024-01-25 08:00:00","2024-01-26 18:00:00",,,,,,,-,false,,,,,,false,2024-01-24,,,,,,,,,,,,
WO,3617,WO-3617,,,-,,,,SPA-ZX,563,SPA-ZX00563,"System Administrator",Cerrado,"2023-11-14 19:10:16","2023-11-15 12:12:15","1211251423154_ZX0563_-_AT-Z-13-22_-_EJEA_DE_LOS_CABALLEROS_-_OCA.PDF","1211251423154_ZX0563_-_AT-Z-13-22_-_EJEA_DE_LOS_CABALLEROS_-_OCA.PDF","Inspecciones (OCA)",NO,,,,,,05.07.2025,LO,7790,LO-007790,false,,,,,,false,2023-11-14,,,,,,,,,,,,
WO,2738,WO-2738,,,-,,,,SPA-HX,9474,SPA-HX09474,"System Administrator",Cerrado,"2023-11-14 18:50:05","2023-11-15 12:23:25","2112312725563_HX9474-INSPECCION__OCA_-17-12-2020.PDF","2112312725563_HX9474-INSPECCION__OCA_-17-12-2020.PDF","Inspecciones (OCA)",NO,,,,,,17.12.2023,LO,2931,LO-002931,false,,,,,,false,2023-11-14,,,,,,,,,,,,
WO,4157,WO-4157,,,-,,,,SPA-BU,4229,SPA-BU04229,"System Administrator",Cerrado,"2024-01-18 17:37:38","2024-01-18 18:03:12",0908410331291_BU4229.PDF,0908410331291_BU4229.PDF,"Revision (MTO)",NO,,,,,,28.10.2024,LO,699,LO-000699,false,,,,,,false,2024-01-18,,,,,,,,,,,,
WO,4378,WO-4378,,,-,,,,SPA-TO,32,SPA-TO00032,"System Administrator",Cerrado,"2024-01-18 17:42:38","2024-01-18 18:05:26","190817335168_CERT_AT-TO-027-2_22_TOTEM_TO0032_AÑOVER_CT.PDF","190817335168_CERT_AT-TO-027-2_22_TOTEM_TO0032_AÑOVER_CT.PDF","Inspecciones (OCA)",NO,,,,,,,LO,6643,LO-006643,false,,,,,,false,2024-01-18,,,,,,,,,,,,
WO,3930,WO-3930,,,-,,,,SPA-CU,8323,SPA-CU08323,"System Administrator",Cerrado,"2024-01-18 17:32:05","2024-01-18 18:00:52","031534024027_CU8323-REV_MTO_22-03-2023.PDF","031534024027_CU8323-REV_MTO_22-03-2023.PDF","Revision (MTO)",NO,,,,,,,LO,1982,LO-001982,false,,,,,,false,2024-01-18,,,,,,,,,,,,
WO,3779,WO-3779,,,-,,,,SPA-VA,2266,SPA-VA02266,"System Administrator",Cerrado,"2023-11-14 19:14:10","2023-11-15 12:09:18","250845115157_VA2266-CON_DEFECTOS.PDF","250845115157_VA2266-CON_DEFECTOS.PDF","Revision (MTO)",NO,,,,,,,LO,7087,LO-007087,false,,,,,,false,2023-11-14,,,,,,,,,,,,
WO,3958,WO-3958,,,-,,,,SPA-GU,9169,SPA-GU09169,"System Administrator",Cerrado,"2024-01-18 17:32:47","2024-01-18 18:01:09","1911125222050_GU9169-REV_MTO_30-03-2023.PDF","1911125222050_GU9169-REV_MTO_30-03-2023.PDF","Revision (MTO)",NO,,,,,,,LO,2790,LO-002790,false,,,,,,false,2024-01-18,,,,,,,,,,,,
WO,2776,WO-2776,,,-,,,,SPA-VA,2148,SPA-VA02148,"System Administrator",Cerrado,"2023-11-14 18:50:58","2023-11-15 12:13:12","211234264592_VA2148-INSPECCION__OCA_-03-10-2020.PDF","211234264592_VA2148-INSPECCION__OCA_-03-10-2020.PDF","Inspecciones (OCA)",NO,,,,,,03.10.2023,LO,7014,LO-007014,false,,,,,,false,2023-11-14,,,,,,,,,,,,
WO,2196,WO-2196,,,-,,,,SPA-ZA,6995,SPA-ZA06995,"System Administrator",Cerrado,"2023-11-14 18:37:27","2023-11-15 12:10:14","2112303129271_ZA6995-REVISION__MTO_-08-07-2019.PDF","2112303129271_ZA6995-REVISION__MTO_-08-07-2019.PDF","Revision (MTO)",NO,,,,,,,LO,7658,LO-007658,false,,,,,,false,2023-11-14,,,,,,,,,,,,
WO,2992,WO-2992,,,-,,,,,,,"System Administrator",Cerrado,"2023-11-14 18:56:01","2023-11-15 12:13:38","2209531515923_REVISION_ANUAL_CT_BA0430_2021.PDF","2209531515923_REVISION_ANUAL_CT_BA0430_2021.PDF","Revision (MTO)",NO,,,,,,,,,-,false,,,,,,false,2023-11-14,,,,,,,,,,,,
WO,3748,WO-3748,,,-,,,,SPA-CS,96,SPA-CS00096,"System Administrator",Cerrado,"2023-11-14 19:13:26","2023-11-15 12:14:33","0317042119689_CS0096_INFORME_REVISION_LA_POBLA_TORNESA_2022.PDF","0317042119689_CS0096_INFORME_REVISION_LA_POBLA_TORNESA_2022.PDF","Revision (MTO)",NO,,,,,,,LO,1888,LO-001888,false,,,,,,false,2023-11-14,,,,,,,,,,,,
WO,2158,WO-2158,,,-,,,,SPA-BU,4255,SPA-BU04255,"System Administrator",Cerrado,"2023-11-14 18:36:33","2023-11-15 12:25:00","2112302626018_BU4255-REVISION__MTO_-08-08-2019.PDF","2112302626018_BU4255-REVISION__MTO_-08-08-2019.PDF","Revision (MTO)",NO,,,,,,,LO,713,LO-000713,false,,,,,,false,2023-11-14,,,,,,,,,,,,
WO,2812,WO-2812,,,-,,,,SPA-CX,3053,SPA-CX03053,"System Administrator",Cerrado,"2023-11-14 18:51:48","2023-11-15 12:07:34","2112342814854_CX3053-REVISION__MTO_-11-05-2020.PDF","2112342814854_CX3053-REVISION__MTO_-11-05-2020.PDF","Revision (MTO)",NO,,,,,,,LO,2276,LO-002276,false,,,,,,false,2023-11-14,,,,,,,,,,,,
WO,2575,WO-2575,,,-,,,,SPA-LE,1743,SPA-LE01743,"System Administrator",Cerrado,"2023-11-14 18:46:24","2023-11-15 12:09:54","2112311410663_LE1743-INSPECCION__OCA_-10-08-2020.PDF","2112311410663_LE1743-INSPECCION__OCA_-10-08-2020.PDF","Inspecciones (OCA)",NO,,,,,,10.08.2023,LO,3489,LO-003489,false,,,,,,false,2023-11-14,,,,,,,,,,,,
WO,1938,WO-1938,,,-,,,,SPA-AB,6351,SPA-AB06351,"System Administrator",Cerrado,"2023-11-14 18:31:13","2023-11-15 12:12:16","2610152326914_AB6351_ALMANSA_KM_546_CERTIFICADO_FAVORABLE_2021.PDF","2610152326914_AB6351_ALMANSA_KM_546_CERTIFICADO_FAVORABLE_2021.PDF","Inspecciones (OCA)",NO,,,,,,08.03.2024,LO,75,LO-000075,false,,,,,,false,2023-11-14,,,,,,,,,,,,
WO,4331,WO-4331,,,-,,,,SPA-SE,1328,SPA-SE01328,"System Administrator",Cerrado,"2024-01-18 17:41:34","2024-01-18 18:04:58","2213511329648_01370303_ORANGE_ESPAGNE__SAU_SE1328_CT_PERIO_DESFAV.PDF","2213511329648_01370303_ORANGE_ESPAGNE__SAU_SE1328_CT_PERIO_DESFAV.PDF","Inspecciones (OCA)",NO,,,,,,,LO,5964,LO-005964,false,,,,,,false,2024-01-18,,,,,,,,,,,,
WO,2617,WO-2617,,,-,,,,SPA-JX,8020,SPA-JX08020,"System Administrator",Cerrado,"2023-11-14 18:47:21","2023-11-15 12:12:01","2112311817708_JX8020-INSPECCION__OCA_-15-10-2020.PDF","2112311817708_JX8020-INSPECCION__OCA_-15-10-2020.PDF","Inspecciones (OCA)",NO,,,,,,15.10.2023,LO,3311,LO-003311,false,,,,,,false,2023-11-14,,,,,,,,,,,,
WO,4554,WO-4554,SAR,217,SAR-000217,SPA-MX,642,SPA-MX00642,,,,"Patricia Andreia Enes do Vale Neiva",Abierto,"2024-01-29 11:55:48","2024-01-29 12:59:30",CSG_MX6181RT1_SWAP_IYC,"Estamos solicitando acceso al MX0642 para cambiar de posición dos fibras existentes, dentro del mismo repartidor. Son parcheos para cambiar una conexión con el NE que ahora va a un puerto de 1G y lo cambiamos por un puerto de 10G. El ATN lo instalamos en MX6181",Obsolescencia,NO,,,,,,,,,-,false,,,,,,false,2024-01-29,,,,,,,,,,,,
WO,1946,WO-1946,,,-,,,,SPA-AB,6005,SPA-AB06005,"System Administrator",Cerrado,"2023-11-14 18:31:23","2023-11-15 12:15:13","2610033632189_AB6005_ALBA_PARADOR_CERTIFICADO_FAVORABLE_2021.PDF","2610033632189_AB6005_ALBA_PARADOR_CERTIFICADO_FAVORABLE_2021.PDF","Inspecciones (OCA)",NO,,,,,,09.03.2024,LO,42,LO-000042,false,,,,,,false,2023-11-14,,,,,,,,,,,,
WO,2359,WO-2359,,,-,,,,SPA-TO,541,SPA-TO00541,"System Administrator",Cerrado,"2023-11-14 18:41:19","2023-11-15 12:25:09","2112304725710_TO0541-REVISION__MTO_-04-02-2019.PDF","2112304725710_TO0541-REVISION__MTO_-04-02-2019.PDF","Revision (MTO)",NO,,,,,,,LO,6744,LO-006744,false,,,,,,false,2023-11-14,,,,,,,,,,,,
WO,2468,WO-2468,,,-,,,,SPA-AB,6351,SPA-AB06351,"System Administrator",Cerrado,"2023-11-14 18:43:58","2023-11-15 12:11:25","2112305915433_AB6351-REVISION__MTO_-21-05-2020.DOC","2112305915433_AB6351-REVISION__MTO_-21-05-2020.DOC","Revision (MTO)",NO,,,,,,,LO,75,LO-000075,false,,,,,,false,2023-11-14,,,,,,,,,,,,
WO,2486,WO-2486,,,-,,,,SPA-AX,6310,SPA-AX06310,"System Administrator",Cerrado,"2023-11-14 18:44:23","2023-11-15 12:12:57","2112310320123_AX6310-REVISION__MTO_-18-05-2020.DOC","2112310320123_AX6310-REVISION__MTO_-18-05-2020.DOC","Revision (MTO)",NO,,,,,,,LO,351,LO-000351,false,,,,,,false,2023-11-14,,,,,,,,,,,,
WO,4143,WO-4143,,,-,,,,SPA-AB,6028,SPA-AB06028,"System Administrator",Cerrado,"2024-01-18 17:37:17","2024-01-18 18:03:03","0413385125747_AB6028_-_REV_MTO_27-09-2023.PDF","0413385125747_AB6028_-_REV_MTO_27-09-2023.PDF","Revision (MTO)",NO,,,,,,27.09.2024,LO,51,LO-000051,false,,,,,,false,2024-01-18,,,,,,,,,,,,
WO,3357,WO-3357,,,-,,,,SPA-CR,3219,SPA-CR03219,"System Administrator",Cerrado,"2023-11-14 19:04:18","2023-11-15 12:14:01","1909345125234_CR3219-TOTEM.PDF","1909345125234_CR3219-TOTEM.PDF","Revision (MTO)",NO,,,,,,,LO,1775,LO-001775,false,,,,,,false,2023-11-14,,,,,,,,,,,,
WO,1922,WO-1922,,,-,,,,SPA-AB,6033,SPA-AB06033,"System Administrator",Cerrado,"2023-11-14 18:30:51","2023-11-15 12:21:15","0709452617276_AB6033_INFORME_REVISION_ALCALA_DEL_JUCAR_2021.DOC","0709452617276_AB6033_INFORME_REVISION_ALCALA_DEL_JUCAR_2021.DOC","Revision (MTO)",NO,,,,,,,LO,54,LO-000054,false,,,,,,false,2023-11-14,,,,,,,,,,,,
WO,3064,WO-3064,,,-,,,,,,,"System Administrator",Cerrado,"2023-11-14 18:57:34","2023-11-15 12:24:57","0412043816827_SA6408-REVISION__MTO__-29092014.PDF","0412043816827_SA6408-REVISION__MTO__-29092014.PDF","Revision (MTO)",NO,,,,,,,,,-,false,,,,,,false,2023-11-14,,,,,,,,,,,,
WO,2625,WO-2625,,,-,,,,SPA-BU,4313,SPA-BU04313,"System Administrator",Cerrado,"2023-11-14 18:47:33","2023-11-15 12:24:29","2112311931620_BU4313-REVISION__MTO_-20-07-2020.PDF","2112311931620_BU4313-REVISION__MTO_-20-07-2020.PDF","Revision (MTO)",NO,,,,,,,LO,737,LO-000737,false,,,,,,false,2023-11-14,,,,,,,,,,,,
WO,3058,WO-3058,,,-,,,,,,,"System Administrator",Cerrado,"2023-11-14 18:57:27","2023-11-15 12:22:14","0412043932391_LE1742-REVISION__MTO__-26062014.PDF","0412043932391_LE1742-REVISION__MTO__-26062014.PDF","Revision (MTO)",NO,,,,,,,,,-,false,,,,,,false,2023-11-14,,,,,,,,,,,,
WO,2065,WO-2065,,,-,,,,SPA-ZX,564,SPA-ZX00564,"System Administrator",Cerrado,"2023-11-14 18:34:16","2023-11-15 12:16:19","211230044882_ZX0564-INSPECCION__OCA_-18-06-2019.PDF","211230044882_ZX0564-INSPECCION__OCA_-18-06-2019.PDF","Inspecciones (OCA)",NO,,,,,,18.06.2022,LO,7791,LO-007791,false,,,,,,false,2023-11-14,,,,,,,,,,,,
WO,3821,WO-3821,,,-,,,,SPA-TO,411,SPA-TO00411,"System Administrator",Cerrado,"2024-01-18 17:29:23","2024-01-18 17:59:43","2414212321545_TO0411-REV__MTO_07-06-2022.PDF","2414212321545_TO0411-REV__MTO_07-06-2022.PDF","Revision (MTO)",NO,,,,,,,LO,6717,LO-006717,false,,,,,,false,2024-01-18,,,,,,,,,,,,
WO,4495,WO-4495,SAR,154,SAR-000154,SPA-CO,7131,SPA-CO07131,,,,"DNO acceso OSP",Abierto,"2024-01-26 13:59:31","2024-01-26 14:19:21","SCV   442792  CO7131","SUSTITUCIÓN DE TARJETA EN EQUIPO EXISTENTE / SOLICITAMOS ACCESO A SALA DE EQUIPOS DE ORANGE",Auditoría,NO,,,,,,,,,-,false,,,,,,false,2024-01-26,,,,,,,,,,,,
WO,2536,WO-2536,,,-,,,,SPA-PO,6328,SPA-PO06328,"System Administrator",Cerrado,"2023-11-14 18:45:32","2023-11-15 12:11:44","211231111071_PO6328-REVISION__MTO_-21-04-2020.PDF","211231111071_PO6328-REVISION__MTO_-21-04-2020.PDF","Revision (MTO)",NO,,,,,,,LO,5555,LO-005555,false,,,,,,false,2023-11-14,,,,,,,,,,,,
WO,2675,WO-2675,,,-,,,,SPA-BU,4209,SPA-BU04209,"System Administrator",Cerrado,"2023-11-14 18:48:40","2023-11-15 12:21:46","2112312322570_BU4209-INSPECCION__OCA_-12-10-2020.PDF","2112312322570_BU4209-INSPECCION__OCA_-12-10-2020.PDF","Inspecciones (OCA)",NO,,,,,,12.10.2023,LO,687,LO-000687,false,,,,,,false,2023-11-14,,,,,,,,,,,,
WO,3554,WO-3554,,,-,,,,SPA-SO,9784,SPA-SO09784,"System Administrator",Cerrado,"2023-11-14 19:08:50","2023-11-15 12:24:08",2413424820438_SO9784.PDF,2413424820438_SO9784.PDF,"Revision (MTO)",NO,,,,,,,LO,6127,LO-006127,false,,,,,,false,2023-11-14,,,,,,,,,,,,
WO,1930,WO-1930,,,-,,,,SPA-AB,5901,SPA-AB05901,"System Administrator",Cerrado,"2023-11-14 18:31:02","2023-11-15 12:05:42","0709135227052_AB5901_INFORME_REVISION_ALCARAZ_2021.DOC","0709135227052_AB5901_INFORME_REVISION_ALCARAZ_2021.DOC","Revision (MTO)",NO,,,,,,,LO,27,LO-000027,false,,,,,,false,2023-11-14,,,,,,,,,,,,
WO,2627,WO-2627,,,-,,,,SPA-BU,4295,SPA-BU04295,"System Administrator",Cerrado,"2023-11-14 18:47:35","2023-11-15 12:12:28","211231199578_BU4295-REVISION__MTO_-20-07-2020.PDF","211231199578_BU4295-REVISION__MTO_-20-07-2020.PDF","Revision (MTO)",NO,,,,,,,LO,728,LO-000728,false,,,,,,false,2023-11-14,,,,,,,,,,,,
WO,3854,WO-3854,,,-,,,,SPA-JX,8005,SPA-JX08005,"System Administrator",Cerrado,"2024-01-18 17:30:13","2024-01-18 18:00:04","1713191714009_JX8005-REVISION__MTO_-14-08-2023.PDF","1713191714009_JX8005-REVISION__MTO_-14-08-2023.PDF","Revision (MTO)",NO,,,,,,,LO,3308,LO-003308,false,,,,,,false,2024-01-18,,,,,,,,,,,,
WO,4413,WO-4413,SAR,29,SAR-000029,SPA-CO,7102,SPA-CO07102,,,,"Juan claudio Sitjes",Abierto,"2024-01-22 14:05:56","2024-01-22 14:06:43","New Sharing OSP","Auditoría instalación OSP",Auditoría,NO,,,,,,,,,-,false,,,,,,false,2024-01-22,,,,,,,,,,,,
WO,1888,WO-1888,,,-,,,,SPA-SG,9304,SPA-SG09304,"System Administrator",Cerrado,"2023-11-14 18:30:03","2023-11-15 12:10:26",2310302012289_SG9304.PDF,2310302012289_SG9304.PDF,"Revision (MTO)",NO,,,,,,,LO,6075,LO-006075,false,,,,,,false,2023-11-14,,,,,,,,,,,,
WO,3733,WO-3733,,,-,,,,SPA-TE,8,SPA-TE00008,"System Administrator",Cerrado,"2023-11-14 19:13:04","2023-11-15 12:10:31","2710133122455_TE0008-REV_MTO_23-08-2022.PDF","2710133122455_TE0008-REV_MTO_23-08-2022.PDF","Revision (MTO)",NO,,,,,,,LO,6398,LO-006398,false,,,,,,false,2023-11-14,,,,,,,,,,,,
WO,2931,WO-2931,,,-,,,,SPA-OR,9722,SPA-OR09722,"System Administrator",Cerrado,"2023-11-14 18:54:36","2023-11-15 12:12:00","2009391111141_OR9722-DEFECTOS_CORREGIDOS.PDF","2009391111141_OR9722-DEFECTOS_CORREGIDOS.PDF","Revision (MTO)",NO,,,,,,,LO,5171,LO-005171,false,,,,,,false,2023-11-14,,,,,,,,,,,,
WO,2831,WO-2831,,,-,,,,SPA-CU,8335,SPA-CU08335,"System Administrator",Cerrado,"2023-11-14 18:52:16","2023-11-15 12:09:36","2112343132053_CU8335-INSPECCION__OCA_-21-03-2018.PDF","2112343132053_CU8335-INSPECCION__OCA_-21-03-2018.PDF","Inspecciones (OCA)",NO,,,,,,21.03.2021,LO,1988,LO-001988,false,,,,,,false,2023-11-14,,,,,,,,,,,,
WO,4021,WO-4021,,,-,,,,SPA-MX,3404,SPA-MX03404,"System Administrator",Cerrado,"2024-01-18 17:34:19","2024-01-18 18:01:49","3110401331428_PARTE_INCIDENCIA_MX3404.PDF","3110401331428_PARTE_INCIDENCIA_MX3404.PDF","Revision (MTO)",NO,,,,,,09.01.2023,LO,4704,LO-004704,false,,,,,,false,2024-01-18,,,,,,,,,,,,
WO,4297,WO-4297,,,-,,,,SPA-BU,4230,SPA-BU04230,"System Administrator",Cerrado,"2024-01-18 17:40:49","2024-01-18 18:04:38",090839229778_BU4230.PDF,090839229778_BU4230.PDF,"Inspecciones (OCA)",NO,,,,,,,LO,700,LO-000700,false,,,,,,false,2024-01-18,,,,,,,,,,,,
WO,3049,WO-3049,,,-,,,,SPA-LE,1743,SPA-LE01743,"System Administrator",Cerrado,"2023-11-14 18:57:17","2023-11-15 12:14:30","0412043921726_LE1743-REVISION__MTO_-07-08-2017.PDF","0412043921726_LE1743-REVISION__MTO_-07-08-2017.PDF","Revision (MTO)",NO,,,,,,,LO,3489,LO-003489,false,,,,,,false,2023-11-14,,,,,,,,,,,,
WO,4168,WO-4168,,,-,,,,SPA-HU,7207,SPA-HU07207,"System Administrator",Cerrado,"2024-01-18 17:37:53","2024-01-18 18:03:19","141114328801_HU7281-REV_MTO_29_08_23.PDF","141114328801_HU7281-REV_MTO_29_08_23.PDF","Revision (MTO)",NO,,,,,,29.08.2024,LO,2885,LO-002885,false,,,,,,false,2024-01-18,,,,,,,,,,,,
WO,3841,WO-3841,,,-,,,,SPA-HX,9432,SPA-HX09432,"System Administrator",Cerrado,"2024-01-18 17:29:53","2024-01-18 17:59:56","1109403616769_HX9432-REVISION__MTO_-01-08-2023.PDF","1109403616769_HX9432-REVISION__MTO_-01-08-2023.PDF","Revision (MTO)",NO,,,,,,,LO,2924,LO-002924,false,,,,,,false,2024-01-18,,,,,,,,,,,,
WO,2865,WO-2865,,,-,,,,SPA-VI,8734,SPA-VI08734,"System Administrator",Cerrado,"2023-11-14 18:53:05","2023-11-15 12:19:41",04093059416_VI8734.PDF,04093059416_VI8734.PDF,"Revision (MTO)",NO,,,,,,,LO,7177,LO-007177,false,,,,,,false,2023-11-14,,,,,,,,,,,,
WO,1998,WO-1998,,,-,,,,SPA-SA,5906,SPA-SA05906,"System Administrator",Cerrado,"2023-11-14 18:32:41","2023-11-15 12:12:42","211230014954_SA5906-INSPECCION__OCA_-15-11-2019.PDF","211230014954_SA5906-INSPECCION__OCA_-15-11-2019.PDF","Inspecciones (OCA)",NO,,,,,,15.11.2022,LO,5709,LO-005709,false,,,,,,false,2023-11-14,,,,,,,,,,,,
WO,3758,WO-3758,,,-,,,,SPA-VX,305,SPA-VX00305,"System Administrator",Cerrado,"2023-11-14 19:13:40","2023-11-15 12:11:08","0317294110707_VX0305_RIOLA_INFORME_REVISION_2022.PDF","0317294110707_VX0305_RIOLA_INFORME_REVISION_2022.PDF","Revision (MTO)",NO,,,,,,,LO,7329,LO-007329,false,,,,,,false,2023-11-14,,,,,,,,,,,,
WO,2078,WO-2078,,,-,,,,SPA-HU,7121,SPA-HU07121,"System Administrator",Cerrado,"2023-11-14 18:34:34","2023-11-15 12:14:47","2112300824961_HU7121-INSPECCION__OCA_-12-06-2019.PDF","2112300824961_HU7121-INSPECCION__OCA_-12-06-2019.PDF","Inspecciones (OCA)",NO,,,,,,12.06.2022,LO,2845,LO-002845,false,,,,,,false,2023-11-14,,,,,,,,,,,,
WO,3404,WO-3404,,,-,,,,SPA-CU,8316,SPA-CU08316,"System Administrator",Cerrado,"2023-11-14 19:05:23","2023-11-15 12:17:31","2510173115936_CU8316-TOTEM.PDF","2510173115936_CU8316-TOTEM.PDF","Revision (MTO)",NO,,,,,,,LO,1978,LO-001978,false,,,,,,false,2023-11-14,,,,,,,,,,,,
WO,3325,WO-3325,,,-,,,,SPA-MA,2926,SPA-MA02926,"System Administrator",Cerrado,"2023-11-14 19:03:35","2023-11-15 12:21:59","081359522446_OCA_CT_MA2926_2022.PDF","081359522446_OCA_CT_MA2926_2022.PDF","Inspecciones (OCA)",NO,,,,,,07.03.2025,LO,3930,LO-003930,false,,,,,,false,2023-11-14,,,,,,,,,,,,
WO,4427,WO-4427,SAR,56,SAR-000056,SPA-LE,110,SPA-LE00110,,,,"Diego  rodriguez diaz ",Abierto,"2024-01-23 11:32:35","2024-01-23 13:33:20","Revision SSAA","Revision SSAA","Inspección Preventiva",NO,"2024-01-29 08:00:00","2024-02-02 04:00:00",,,,,,,-,false,,,,,,false,2024-01-23,,,,,,,,,,,,
WO,2679,WO-2679,,,-,,,,SPA-BU,4147,SPA-BU04147,"System Administrator",Cerrado,"2023-11-14 18:48:45","2023-11-15 12:16:18","2112312328440_BU4147-INSPECCION__OCA_-12-10-2020.PDF","2112312328440_BU4147-INSPECCION__OCA_-12-10-2020.PDF","Inspecciones (OCA)",NO,,,,,,12.10.2023,LO,660,LO-000660,false,,,,,,false,2023-11-14,,,,,,,,,,,,
WO,4041,WO-4041,,,-,,,,SPA-TO,1510,SPA-TO01510,"System Administrator",Cerrado,"2024-01-18 17:34:48","2024-01-18 18:02:01","0109055417879_ZX0913-REV_MAT_13_07_23.PDF","0109055417879_ZX0913-REV_MAT_13_07_23.PDF","Revision (MTO)",NO,,,,,,13.07.2024,LO,6766,LO-006766,false,,,,,,false,2024-01-18,,,,,,,,,,,,
WO,3496,WO-3496,,,-,,,,SPA-TO,542,SPA-TO00542,"System Administrator",Cerrado,"2023-11-14 19:07:30","2023-12-21 15:16:14","1812545312011_CERT_AT-TO-008_22_TOTEM_TO0542_VILLACAÑAS_CT.PDF","1812545312011_CERT_AT-TO-008_22_TOTEM_TO0542_VILLACAÑAS_CT.PDF","Inspecciones (OCA)",NO,,,,,,06.06.2025,LO,6745,LO-006745,false,,,,,,false,2023-11-14,,,,,,,,,,,,
WO,2972,WO-2972,,,-,,,,SPA-VI,8715,SPA-VI08715,"System Administrator",Cerrado,"2023-11-14 18:55:33","2023-11-15 12:07:47",0810520512161_VI8715.PDF,0810520512161_VI8715.PDF,"Inspecciones (OCA)",NO,,,,,,15.06.2024,LO,7167,LO-007167,false,,,,,,false,2023-11-14,,,,,,,,,,,,
WO,2160,WO-2160,,,-,,,,SPA-BU,4245,SPA-BU04245,"System Administrator",Cerrado,"2023-11-14 18:36:36","2023-11-15 12:23:33","2112302623717_BU4245-REVISION__MTO_-08-08-2019.PDF","2112302623717_BU4245-REVISION__MTO_-08-08-2019.PDF","Revision (MTO)",NO,,,,,,,LO,710,LO-000710,false,,,,,,false,2023-11-14,,,,,,,,,,,,
WO,3331,WO-3331,,,-,,,,SPA-CO,6821,SPA-CO06821,"System Administrator",Cerrado,"2023-11-14 19:03:43","2023-11-15 12:08:19","111003224268_OCA_LAT_CO6821_2022.PDF","111003224268_OCA_LAT_CO6821_2022.PDF","Inspecciones (OCA)",NO,,,,,,11.03.2025,LO,1606,LO-001606,false,,,,,,false,2023-11-14,,,,,,,,,,,,
WO,4317,WO-4317,,,-,,,,SPA-BU,4300,SPA-BU04300,"System Administrator",Cerrado,"2024-01-18 17:41:16","2024-01-18 18:04:50",1708223719376_BU4300.PDF,1708223719376_BU4300.PDF,"Inspecciones (OCA)",NO,,,,,,,LO,730,LO-000730,false,,,,,,false,2024-01-18,,,,,,,,,,,,
WO,2998,WO-2998,,,-,,,,,,,"System Administrator",Cerrado,"2023-11-14 18:56:09","2023-11-15 12:25:12","220932236023_REVISION_VISUAL_CT_CC6155_2021.PDF","220932236023_REVISION_VISUAL_CT_CC6155_2021.PDF","Revision (MTO)",NO,,,,,,,,,-,false,,,,,,false,2023-11-14,,,,,,,,,,,,
WO,2510,WO-2510,,,-,,,,SPA-OR,9724,SPA-OR09724,"System Administrator",Cerrado,"2023-11-14 18:44:57","2023-11-15 12:21:52","2112310617975_OR9724-INSPECCION__OCA_-07-08-2020.PDF","2112310617975_OR9724-INSPECCION__OCA_-07-08-2020.PDF","Inspecciones (OCA)",NO,,,,,,07.08.2023,LO,5173,LO-005173,false,,,,,,false,2023-11-14,,,,,,,,,,,,
WO,2894,WO-2894,,,-,,,,SPA-AV,8523,SPA-AV08523,"System Administrator",Cerrado,"2023-11-14 18:53:45","2023-11-15 12:07:29",0810480230322_AV8523.PDF,0810480230322_AV8523.PDF,"Revision (MTO)",NO,,,,,,,LO,176,LO-000176,false,,,,,,false,2023-11-14,,,,,,,,,,,,
WO,4196,WO-4196,,,-,,,,SPA-SA,5750,SPA-SA05750,"System Administrator",Cerrado,"2024-01-18 17:38:33","2024-01-18 18:03:36","041318476445_SA5750-FAVORABLE.PDF","041318476445_SA5750-FAVORABLE.PDF","Inspecciones (OCA)",NO,,,,,,,LO,5706,LO-005706,false,,,,,,false,2024-01-18,,,,,,,,,,,,
WO,4090,WO-4090,,,-,,,,SPA-TO,503,SPA-TO00503,"System Administrator",Cerrado,"2024-01-18 17:36:00","2024-01-18 18:02:31","0107400114883_TO0503-REV_MAT_22_06_23.PDF","0107400114883_TO0503-REV_MAT_22_06_23.PDF","Revision (MTO)",NO,,,,,,22.06.2024,LO,6719,LO-006719,false,,,,,,false,2024-01-18,,,,,,,,,,,,
WO,3973,WO-3973,,,-,,,,SPA-TE,4,SPA-TE00004,"System Administrator",Cerrado,"2024-01-18 17:33:09","2024-01-18 18:01:18","1411264927660_TE0004-REV_MTO_01_09_23.PDF","1411264927660_TE0004-REV_MTO_01_09_23.PDF","Revision (MTO)",NO,,,,,,01.09.2024,LO,6396,LO-006396,false,,,,,,false,2024-01-18,,,,,,,,,,,,
WO,3970,WO-3970,,,-,,,,SPA-CU,8316,SPA-CU08316,"System Administrator",Cerrado,"2024-01-18 17:33:05","2024-01-18 18:01:16","0916505321873_CU8316-REV_MTO_23-03-2023.PDF","0916505321873_CU8316-REV_MTO_23-03-2023.PDF","Revision (MTO)",NO,,,,,,,LO,1978,LO-001978,false,,,,,,false,2024-01-18,,,,,,,,,,,,
WO,2827,WO-2827,,,-,,,,SPA-BI,627,SPA-BI00627,"System Administrator",Cerrado,"2023-11-14 18:52:10","2023-11-15 12:19:42","2112343018633_BI0627-REVISION__MTO_-18-01-2021.PDF","2112343018633_BI0627-REVISION__MTO_-18-01-2021.PDF","Revision (MTO)",NO,,,,,,,LO,559,LO-000559,false,,,,,,false,2023-11-14,,,,,,,,,,,,
WO,3109,WO-3109,,,-,,,,SPA-CU,8457,SPA-CU08457,"System Administrator",Cerrado,"2023-11-14 18:58:31","2023-11-15 12:10:59",0915381522351_CU8457.PDF,0915381522351_CU8457.PDF,"Inspecciones (OCA)",NO,,,,,,30.07.2024,LO,2003,LO-002003,false,,,,,,false,2023-11-14,,,,,,,,,,,,
WO,4511,WO-4511,,,-,,,,,,,"Juan claudio Sitjes",Abierto,"2024-01-26 18:11:34","2024-01-26 18:11:34",Auditoría,"Auditoría Totem BQA_PRL",Normal,NO,,,,,,,,,-,false,,,,,,false,2024-01-26,,,,,,,,,,,,
WO,2308,WO-2308,,,-,,,,SPA-HX,9801,SPA-HX09801,"System Administrator",Cerrado,"2023-11-14 18:40:06","2023-11-15 12:08:59","2112304325967_HX9801-REVISION__MTO_-05-03-2020.PDF","2112304325967_HX9801-REVISION__MTO_-05-03-2020.PDF","Revision (MTO)",NO,,,,,,,LO,2993,LO-002993,false,,,,,,false,2023-11-14,,,,,,,,,,,,
WO,2389,WO-2389,,,-,,,,SPA-CR,3221,SPA-CR03221,"System Administrator",Cerrado,"2023-11-14 18:42:01","2023-11-15 12:20:26","2112305028580_CR3221-REVISION__MTO_-11-02-2019.PDF","2112305028580_CR3221-REVISION__MTO_-11-02-2019.PDF","Revision (MTO)",NO,,,,,,,LO,1777,LO-001777,false,,,,,,false,2023-11-14,,,,,,,,,,,,
WO,4608,WO-4608,SAR,269,SAR-000269,SPA-BX,85,SPA-BX00085,,,,"DNO acceso OSP",Abierto,"2024-01-29 22:08:15","2024-01-29 22:14:20","443575    BX0085","REPLANTEO.TOMA DE DATOS Y FOTOGRAFIAS EN SALA DE EQUIPOS Y ANTENAS",Auditoría,NO,,,,,,,,,-,false,,,,,,false,2024-01-29,,,,,,,,,,,,
WO,4022,WO-4022,,,-,,,,SPA-ZA,6987,SPA-ZA06987,"System Administrator",Cerrado,"2024-01-18 17:34:20","2024-01-18 18:01:49",1608423126597_ZA6987.PDF,1608423126597_ZA6987.PDF,"Revision (MTO)",NO,,,,,,10.10.2024,LO,7654,LO-007654,false,,,,,,false,2024-01-18,,,,,,,,,,,,
WO,2317,WO-2317,,,-,,,,SPA-HX,9432,SPA-HX09432,"System Administrator",Cerrado,"2023-11-14 18:40:19","2023-11-15 12:15:00","211230443388_HX9432-REVISION__MTO_-12-02-2020.PDF","211230443388_HX9432-REVISION__MTO_-12-02-2020.PDF","Revision (MTO)",NO,,,,,,,LO,2924,LO-002924,false,,,,,,false,2023-11-14,,,,,,,,,,,,
WO,3817,WO-3817,,,-,,,,SPA-AB,26,SPA-AB00026,"System Administrator",Cerrado,"2024-01-18 17:29:17","2024-01-18 17:59:41","261011524387_AB0026-REV_MTO_08-09-2022.PDF","261011524387_AB0026-REV_MTO_08-09-2022.PDF","Revision (MTO)",NO,,,,,,,LO,5,LO-000005,false,,,,,,false,2024-01-18,,,,,,,,,,,,
WO,3307,WO-3307,,,-,,,,SPA-MX,3404,SPA-MX03404,"System Administrator",Cerrado,"2023-11-14 19:03:09","2023-11-15 12:25:02","0710513021036_PARTE_INCIDENCA.PDF","0710513021036_PARTE_INCIDENCA.PDF","Revision (MTO)",NO,,,,,,,LO,4704,LO-004704,false,,,,,,false,2023-11-14,,,,,,,,,,,,
WO,2883,WO-2883,,,-,,,,SPA-AV,8706,SPA-AV08706,"System Administrator",Cerrado,"2023-11-14 18:53:29","2023-11-15 12:10:44",231323467608_AV8706.PDF,231323467608_AV8706.PDF,"Revision (MTO)",NO,,,,,,,LO,193,LO-000193,false,,,,,,false,2023-11-14,,,,,,,,,,,,
WO,3655,WO-3655,,,-,,,,SPA-BU,4230,SPA-BU04230,"System Administrator",Cerrado,"2023-11-14 19:11:10","2023-11-15 12:13:45","1514140731114_BU4230-CON_DEFECTOS.PDF","1514140731114_BU4230-CON_DEFECTOS.PDF","Revision (MTO)",NO,,,,,,,LO,700,LO-000700,false,,,,,,false,2023-11-14,,,,,,,,,,,,
WO,3419,WO-3419,,,-,,,,SPA-GU,49,SPA-GU00049,"System Administrator",Cerrado,"2023-11-14 19:05:44","2023-11-15 12:14:00","2708590522053_GU0049-TOTEM.PDF","2708590522053_GU0049-TOTEM.PDF","Revision (MTO)",NO,,,,,,,LO,2743,LO-002743,false,,,,,,false,2023-11-14,,,,,,,,,,,,
WO,2693,WO-2693,,,-,,,,SPA-LE,9995,SPA-LE09995,"System Administrator",Cerrado,"2023-11-14 18:49:04","2023-11-15 12:14:28","2112312429756_LE9995-REVISION__MTO_-23-06-2020.PDF","2112312429756_LE9995-REVISION__MTO_-23-06-2020.PDF","Revision (MTO)",NO,,,,,,,LO,3512,LO-003512,false,,,,,,false,2023-11-14,,,,,,,,,,,,
WO,2079,WO-2079,,,-,,,,SPA-SG,9301,SPA-SG09301,"System Administrator",Cerrado,"2023-11-14 18:34:36","2023-11-15 12:15:19","2112300814199_SG9301-INSPECCION__OCA_-23-10-2018.PDF","2112300814199_SG9301-INSPECCION__OCA_-23-10-2018.PDF","Inspecciones (OCA)",NO,,,,,,23.10.2021,LO,6072,LO-006072,false,,,,,,false,2023-11-14,,,,,,,,,,,,
WO,3524,WO-3524,,,-,,,,SPA-CX,427,SPA-CX00427,"System Administrator",Cerrado,"2023-11-14 19:08:09","2023-11-15 12:08:01",0411224332519_CX0427.PDF,0411224332519_CX0427.PDF,"Revision (MTO)",NO,,,,,,,LO,2135,LO-002135,false,,,,,,false,2023-11-14,,,,,,,,,,,,
WO,1907,WO-1907,,,-,,,,SPA-CO,6710,SPA-CO06710,"System Administrator",Cerrado,"2023-11-14 18:30:30","2023-11-15 12:23:47","221259499817_OCA_LAT_CO6710_2021.PDF","221259499817_OCA_LAT_CO6710_2021.PDF","Inspecciones (OCA)",NO,,,,,,09.11.2024,LO,1597,LO-001597,false,,,,,,false,2023-11-14,,,,,,,,,,,,
WO,2977,WO-2977,,,-,,,,SPA-JX,8149,SPA-JX08149,"System Administrator",Cerrado,"2023-11-14 18:55:40","2023-11-15 12:24:31","221234352050_REVISION_ANUAL_CT_JX8149_2021.PDF","221234352050_REVISION_ANUAL_CT_JX8149_2021.PDF","Revision (MTO)",NO,,,,,,,LO,3321,LO-003321,false,,,,,,false,2023-11-14,,,,,,,,,,,,
WO,2307,WO-2307,,,-,,,,,,,"System Administrator",Cerrado,"2023-11-14 18:40:05","2023-11-15 12:18:39","211230439458_LE0451-REVISION__MTO_-10-06-2019.PDF","211230439458_LE0451-REVISION__MTO_-10-06-2019.PDF","Revision (MTO)",NO,,,,,,,,,-,false,,,,,,false,2023-11-14,,,,,,,,,,,,
WO,4198,WO-4198,,,-,,,,SPA-HU,7193,SPA-HU07193,"System Administrator",Cerrado,"2024-01-18 17:38:36","2024-01-18 18:03:37","171155024314_AT-HU-028-22-R2-HU7193_PERALTILLA_2__VISITA_OCA.PDF","171155024314_AT-HU-028-22-R2-HU7193_PERALTILLA_2__VISITA_OCA.PDF","Inspecciones (OCA)",NO,,,,,,,LO,2881,LO-002881,false,,,,,,false,2024-01-18,,,,,,,,,,,,
WO,3755,WO-3755,,,-,,,,SPA-VX,29,SPA-VX00029,"System Administrator",Cerrado,"2023-11-14 19:13:36","2023-11-15 12:16:20","0317151310243_VX0029_INFORME_REVISION_RIBA_ROJA_2022.PDF","0317151310243_VX0029_INFORME_REVISION_RIBA_ROJA_2022.PDF","Revision (MTO)",NO,,,,,,,LO,7221,LO-007221,false,,,,,,false,2023-11-14,,,,,,,,,,,,
WO,4181,WO-4181,,,-,,,,SPA-HU,7133,SPA-HU07133,"System Administrator",Cerrado,"2024-01-18 17:38:12","2024-01-18 18:03:27","0511253611769_HU7133-REV_MTO_30-08-23.PDF","0511253611769_HU7133-REV_MTO_30-08-23.PDF","Revision (MTO)",NO,,,,,,30.08.2024,LO,2850,LO-002850,false,,,,,,false,2024-01-18,,,,,,,,,,,,
WO,4234,WO-4234,,,-,,,,SPA-ZX,1024,SPA-ZX01024,"System Administrator",Cerrado,"2024-01-18 17:39:24","2024-01-18 18:04:01","0114404923784_2__VISITA_AT-Z-08-22_ZX1024_VILLARROYA.PDF","0114404923784_2__VISITA_AT-Z-08-22_ZX1024_VILLARROYA.PDF","Inspecciones (OCA)",NO,,,,,,,LO,7816,LO-007816,false,,,,,,false,2024-01-18,,,,,,,,,,,,
WO,4118,WO-4118,,,-,,,,SPA-SS,5616,SPA-SS05616,"System Administrator",Cerrado,"2024-01-18 17:36:41","2024-01-18 18:02:48","0408023727394_SS5616-REV_MTO_25_07_23.PDF","0408023727394_SS5616-REV_MTO_25_07_23.PDF","Revision (MTO)",NO,,,,,,25.07.2024,LO,6227,LO-006227,false,,,,,,false,2024-01-18,,,,,,,,,,,,
WO,4562,WO-4562,SAR,220,SAR-000220,SPA-MX,642,SPA-MX00642,,,,"DNO acceso OSP",Abierto,"2024-01-29 12:30:05","2024-01-29 12:38:43","439264  //  MX0642","PTN // CSG_MX6181RT1_SWAP_IYC // ACCEDER A SALA ÚNICA (azotea)// Estamos solicitando acceso al MX0642 para cambiar de posición dos fibras existentes, dentro del mismo repartidor. Son parcheos para cambiar una conexión con el NE que ahora va a un puer",Auditoría,NO,,,,,,,,,-,false,,,,,,false,2024-01-29,,,,,,,,,,,,
WO,2277,WO-2277,,,-,,,,SPA-LE,1806,SPA-LE01806,"System Administrator",Cerrado,"2023-11-14 18:39:20","2023-11-15 12:11:47","2112304115891_LE1806-REVISION__MTO_-10-06-2019.PDF","2112304115891_LE1806-REVISION__MTO_-10-06-2019.PDF","Revision (MTO)",NO,,,,,,,LO,3492,LO-003492,false,,,,,,false,2023-11-14,,,,,,,,,,,,
WO,3637,WO-3637,,,-,,,,SPA-SE,1328,SPA-SE01328,"System Administrator",Cerrado,"2023-11-14 19:10:44","2023-11-15 12:24:15","140854358027_SE1328-REVISION__MTO_-01-09-2022.PDF","140854358027_SE1328-REVISION__MTO_-01-09-2022.PDF","Revision (MTO)",NO,,,,,,,LO,5964,LO-005964,false,,,,,,false,2023-11-14,,,,,,,,,,,,
WO,2142,WO-2142,,,-,,,,SPA-AV,8451,SPA-AV08451,"System Administrator",Cerrado,"2023-11-14 18:36:10","2023-11-15 12:14:32","2112302522955_AV8451-REVISION__MTO_-08-08-2019.PDF","2112302522955_AV8451-REVISION__MTO_-08-08-2019.PDF","Revision (MTO)",NO,,,,,,,LO,150,LO-000150,false,,,,,,false,2023-11-14,,,,,,,,,,,,
WO,3085,WO-3085,,,-,,,,SPA-SA,5914,SPA-SA05914,"System Administrator",Cerrado,"2023-11-14 18:57:59","2023-11-15 12:08:48","2812440630047_SA5914-TOTEM-DESFAVORABLE.PDF","2812440630047_SA5914-TOTEM-DESFAVORABLE.PDF","Inspecciones (OCA)",NO,,,,,,08.11.2025,LO,5710,LO-005710,false,,,,,,false,2023-11-14,,,,,,,,,,,,
WO,4126,WO-4126,,,-,,,,SPA-AB,6350,SPA-AB06350,"System Administrator",Cerrado,"2024-01-18 17:36:52","2024-01-18 18:02:53","0415374518014_AB6350-REV_MTO_25-09-2023.PDF","0415374518014_AB6350-REV_MTO_25-09-2023.PDF","Revision (MTO)",NO,,,,,,25.09.2024,LO,74,LO-000074,false,,,,,,false,2024-01-18,,,,,,,,,,,,
WO,3809,WO-3809,,,-,,,,SPA-ZX,561,SPA-ZX00561,"System Administrator",Cerrado,"2024-01-18 17:29:05","2024-01-18 17:59:36","0413202230511_ZX0561_-_REV_MTO_04-07-2022.PDF","0413202230511_ZX0561_-_REV_MTO_04-07-2022.PDF","Revision (MTO)",NO,,,,,,,LO,7788,LO-007788,false,,,,,,false,2024-01-18,,,,,,,,,,,,
WO,2758,WO-2758,,,-,,,,SPA-SO,9844,SPA-SO09844,"System Administrator",Cerrado,"2023-11-14 18:50:33","2023-11-15 12:21:00","211234247028_SO9844-INSPECCION__OCA_-20-08-2020.PDF","211234247028_SO9844-INSPECCION__OCA_-20-08-2020.PDF","Inspecciones (OCA)",NO,,,,,,20.08.2023,LO,6151,LO-006151,false,,,,,,false,2023-11-14,,,,,,,,,,,,
WO,2443,WO-2443,,,-,,,,SPA-GU,9102,SPA-GU09102,"System Administrator",Cerrado,"2023-11-14 18:43:19","2023-11-15 12:05:53","211230548290_GU9102-REVISION__MTO_-06-03-2019.PDF","211230548290_GU9102-REVISION__MTO_-06-03-2019.PDF","Revision (MTO)",NO,,,,,,,LO,2754,LO-002754,false,,,,,,false,2023-11-14,,,,,,,,,,,,
WO,2478,WO-2478,,,-,,,,SPA-AB,5909,SPA-AB05909,"System Administrator",Cerrado,"2023-11-14 18:44:12","2023-11-15 12:14:40","2112310112933_AB5909-REVISION__MTO_-22-04-2020.DOC","2112310112933_AB5909-REVISION__MTO_-22-04-2020.DOC","Revision (MTO)",NO,,,,,,,LO,32,LO-000032,false,,,,,,false,2023-11-14,,,,,,,,,,,,
WO,2052,WO-2052,,,-,,,,SPA-HX,9421,SPA-HX09421,"System Administrator",Cerrado,"2023-11-14 18:33:58","2023-11-15 12:18:43","211230039487_HX9421-REVISION__MTO_-01-07-2019.PDF","211230039487_HX9421-REVISION__MTO_-01-07-2019.PDF","Revision (MTO)",NO,,,,,,,LO,2920,LO-002920,false,,,,,,false,2023-11-14,,,,,,,,,,,,
WO,4377,WO-4377,,,-,,,,SPA-TO,6,SPA-TO00006,"System Administrator",Cerrado,"2024-01-18 17:42:37","2024-01-18 18:05:25","1908140630843_CERT_AT-TO-030-2_22_TOTEM_TO006_OLIAS_DEL_REY_CT.PDF","1908140630843_CERT_AT-TO-030-2_22_TOTEM_TO006_OLIAS_DEL_REY_CT.PDF","Inspecciones (OCA)",NO,,,,,,,LO,6630,LO-006630,false,,,,,,false,2024-01-18,,,,,,,,,,,,
WO,3090,WO-3090,,,-,,,,SPA-CU,8677,SPA-CU08677,"System Administrator",Cerrado,"2023-11-14 18:58:05","2023-11-15 12:05:11",0915513119910_CU8677.PDF,0915513119910_CU8677.PDF,"Inspecciones (OCA)",NO,,,,,,29.07.2024,LO,2058,LO-002058,false,,,,,,false,2023-11-14,,,,,,,,,,,,
WO,2064,WO-2064,,,-,,,,SPA-ZX,372,SPA-ZX00372,"System Administrator",Cerrado,"2023-11-14 18:34:15","2023-11-15 12:05:29","2112300428522_ZX0372-INSPECCION__OCA_-15-06-2019.PDF","2112300428522_ZX0372-INSPECCION__OCA_-15-06-2019.PDF","Inspecciones (OCA)",NO,,,,,,15.06.2022,LO,7757,LO-007757,false,,,,,,false,2023-11-14,,,,,,,,,,,,
WO,3100,WO-3100,,,-,,,,SPA-CU,8323,SPA-CU08323,"System Administrator",Cerrado,"2023-11-14 18:58:19","2023-11-15 12:14:32",0914083325808_CU8323.PDF,0914083325808_CU8323.PDF,"Inspecciones (OCA)",NO,,,,,,02.08.2024,LO,1982,LO-001982,false,,,,,,false,2023-11-14,,,,,,,,,,,,
WO,3981,WO-3981,,,-,,,,SPA-CS,40,SPA-CS00040,"System Administrator",Cerrado,"2024-01-18 17:33:21","2024-01-18 18:01:24","2517280529081_CS0040_INFORME_REVISION_TORREBLANCA_2023.PDF","2517280529081_CS0040_INFORME_REVISION_TORREBLANCA_2023.PDF","Revision (MTO)",NO,,,,,,03.05.2024,LO,1850,LO-001850,false,,,,,,false,2024-01-18,,,,,,,,,,,,
WO,4559,WO-4559,SAR,210,SAR-000210,SPA-MX,6406,SPA-MX06406,,,,"DNO acceso OSP",Abierto,"2024-01-29 12:20:13","2024-01-29 12:26:56","MX6406   443911","MEDIDAS Y FUSIONES DE FIBRA ÓPRICA / PROYECTO FTTN-FTTX.",Auditoría,NO,"2024-02-05 08:00:00","2024-02-16 18:00:00",,,,,,,-,false,,,,,,false,2024-01-29,,,,,,,,,,,,
WO,4611,WO-4611,SAR,274,SAR-000274,SPA-MX,3858,SPA-MX03858,,,,"DNO acceso OSP",Abierto,"2024-01-30 00:51:40","2024-01-30 01:22:59","444425 MX3858","Por favor revisar en local, continuan los cortes intermitentes en el sector S2 de las celdas L2600",Urgente,NO,"2024-01-30 22:00:25",,,,,,,,-,false,,,,,,false,2024-01-30,,,,,,,,,,,,
WO,4137,WO-4137,,,-,,,,SPA-TO,46,SPA-TO00046,"System Administrator",Cerrado,"2024-01-18 17:37:08","2024-01-18 18:03:00","3109214826933_TO0046-REV_MAT_26_06_23.PDF","3109214826933_TO0046-REV_MAT_26_06_23.PDF","Revision (MTO)",NO,,,,,,26.06.2024,LO,6648,LO-006648,false,,,,,,false,2024-01-18,,,,,,,,,,,,
WO,2830,WO-2830,,,-,,,,SPA-CU,8562,SPA-CU08562,"System Administrator",Cerrado,"2023-11-14 18:52:15","2023-11-15 12:07:57","2112343126134_CU8562-INSPECCION__OCA_-21-03-2018.PDF","2112343126134_CU8562-INSPECCION__OCA_-21-03-2018.PDF","Inspecciones (OCA)",NO,,,,,,21.03.2021,LO,2044,LO-002044,false,,,,,,false,2023-11-14,,,,,,,,,,,,
WO,4394,WO-4394,,,-,,,,SPA-TO,72,SPA-TO00072,"System Administrator",Cerrado,"2024-01-18 17:42:59","2024-01-18 18:05:35","1908550032720_CERT_AT-TO-006-2_22_TOTEM_TO0072_VILLATOBAS_CT.PDF","1908550032720_CERT_AT-TO-006-2_22_TOTEM_TO0072_VILLATOBAS_CT.PDF","Inspecciones (OCA)",NO,,,,,,,LO,6660,LO-006660,false,,,,,,false,2024-01-18,,,,,,,,,,,,
WO,3879,WO-3879,,,-,,,,SPA-LE,471,SPA-LE00471,"System Administrator",Cerrado,"2024-01-18 17:30:50","2024-01-18 18:00:20",1910051610826_LE0471.PDF,1910051610826_LE0471.PDF,"Revision (MTO)",NO,,,,,,,LO,3399,LO-003399,false,,,,,,false,2024-01-18,,,,,,,,,,,,
WO,3189,WO-3189,,,-,,,,SPA-GU,9169,SPA-GU09169,"System Administrator",Cerrado,"2023-11-14 19:00:25","2023-11-15 12:22:12",251330385605_GU9169.PDF,251330385605_GU9169.PDF,"Inspecciones (OCA)",NO,,,,,,15.07.2024,LO,2790,LO-002790,false,,,,,,false,2023-11-14,,,,,,,,,,,,
WO,3447,WO-3447,,,-,,,,SPA-HX,9809,SPA-HX09809,"System Administrator",Cerrado,"2023-11-14 19:06:22","2023-11-15 12:20:20","1710594613553_INFORME_CAMBIO_DE_TRAFO_HX9809.PDF","1710594613553_INFORME_CAMBIO_DE_TRAFO_HX9809.PDF","Revision (MTO)",NO,,,,,,,LO,2995,LO-002995,false,,,,,,false,2023-11-14,,,,,,,,,,,,
WO,3912,WO-3912,,,-,,,,SPA-CR,3094,SPA-CR03094,"System Administrator",Cerrado,"2024-01-18 17:31:38","2024-01-18 18:00:41","0313350224397_CR3094-REV_MTO_16-03-2023.PDF","0313350224397_CR3094-REV_MTO_16-03-2023.PDF","Revision (MTO)",NO,,,,,,,LO,1749,LO-001749,false,,,,,,false,2024-01-18,,,,,,,,,,,,
WO,3905,WO-3905,,,-,,,,SPA-LE,1621,SPA-LE01621,"System Administrator",Cerrado,"2024-01-18 17:31:28","2024-01-18 18:00:37","230956229923_LE1621-CON_DEFECTOS.PDF","230956229923_LE1621-CON_DEFECTOS.PDF","Revision (MTO)",NO,,,,,,,LO,3454,LO-003454,false,,,,,,false,2024-01-18,,,,,,,,,,,,
WO,4526,WO-4526,SAR,186,SAR-000186,SPA-BX,580,SPA-BX00580,,,,"Neus Crespo barbera",Abierto,"2024-01-29 07:59:21","2024-01-29 08:01:01","REvisión equipos","REvisión equipos",Urgente,NO,,,,,,,,,-,false,,,,,,false,2024-01-29,,,,,,,,,,,,
WO,2068,WO-2068,,,-,,,,SPA-ZX,574,SPA-ZX00574,"System Administrator",Cerrado,"2023-11-14 18:34:20","2023-11-15 12:23:52","211230057231_ZX0574-INSPECCION__OCA_-18-06-2019.PDF","211230057231_ZX0574-INSPECCION__OCA_-18-06-2019.PDF","Inspecciones (OCA)",NO,,,,,,18.06.2022,LO,7793,LO-007793,false,,,,,,false,2023-11-14,,,,,,,,,,,,
WO,3471,WO-3471,,,-,,,,SPA-TO,55,SPA-TO00055,"System Administrator",Cerrado,"2023-11-14 19:06:56","2023-11-15 12:11:19","181209475587_TO00055-REV__MTO_10-06-2022.PDF","181209475587_TO00055-REV__MTO_10-06-2022.PDF","Revision (MTO)",NO,,,,,,,LO,6654,LO-006654,false,,,,,,false,2023-11-14,,,,,,,,,,,,
WO,3555,WO-3555,,,-,,,,SPA-SO,9844,SPA-SO09844,"System Administrator",Cerrado,"2023-11-14 19:08:52","2023-11-15 12:06:09",2413433122351_SO9844.PDF,2413433122351_SO9844.PDF,"Revision (MTO)",NO,,,,,,,LO,6151,LO-006151,false,,,,,,false,2023-11-14,,,,,,,,,,,,
WO,2449,WO-2449,,,-,,,,SPA-OR,9125,SPA-OR09125,"System Administrator",Cerrado,"2023-11-14 18:43:28","2023-11-15 12:06:18","2112305629250_OR9125-REVISION__MTO_-04-06-2019.PDF","2112305629250_OR9125-REVISION__MTO_-04-06-2019.PDF","Revision (MTO)",NO,,,,,,,LO,5140,LO-005140,false,,,,,,false,2023-11-14,,,,,,,,,,,,
WO,2178,WO-2178,,,-,,,,SPA-BU,4136,SPA-BU04136,"System Administrator",Cerrado,"2023-11-14 18:37:00","2023-11-15 12:09:27","2112302724033_BU4136-REVISION__MTO_-08-08-2019.PDF","2112302724033_BU4136-REVISION__MTO_-08-08-2019.PDF","Revision (MTO)",NO,,,,,,,LO,650,LO-000650,false,,,,,,false,2023-11-14,,,,,,,,,,,,
WO,4584,WO-4584,SAR,244,SAR-000244,SPA-MX,4446,SPA-MX04446,,,,"DNO acceso OSP",Abierto,"2024-01-29 14:18:53","2024-01-29 14:22:03","443766 - MX4446","MEDICION INTERFERENCIAS EN INSTALACIONES ORANGE.","Revision (MTO)",NO,,,,,,,,,-,false,,,,,,false,2024-01-29,,,,,,,,,,,,
WO,3119,WO-3119,,,-,,,,SPA-CR,3093,SPA-CR03093,"System Administrator",Cerrado,"2023-11-14 18:58:45","2023-11-15 12:17:09",1110273717318_CR3093.PDF,1110273717318_CR3093.PDF,"Inspecciones (OCA)",NO,,,,,,26.07.2024,LO,1748,LO-001748,false,,,,,,false,2023-11-14,,,,,,,,,,,,
WO,4486,WO-4486,SAR,144,SAR-000144,SPA-BI,425,SPA-BI00425,,,,"DNO acceso OSP",Abierto,"2024-01-26 12:41:13","2024-01-26 12:51:25","442789 BI0425","ORANGE BI0425 MEDIDAS RADIOELECTRICAS Y FOTOS",Auditoría,NO,,,,,,,,,-,false,,,,,,false,2024-01-26,,,,,,,,,,,,
WO,4461,WO-4461,SAR,96,SAR-000096,SPA-TF,6204,SPA-TF06204,,,,"María Ana Perez Perez",Abierto,"2024-01-25 13:08:56","2024-01-26 11:33:21","PREVENTIVO TF6204",PREVENTIVO,"Inspección Preventiva",NO,"2024-02-01 08:00:00","2024-02-15 16:00:00",,,,,,,-,false,,,,,,false,2024-01-25,,,,,,,,,,,,
WO,1906,WO-1906,,,-,,,,SPA-GR,6007,SPA-GR06007,"System Administrator",Cerrado,"2023-11-14 18:30:29","2023-11-15 12:11:01","2213015330153_OCA_CT_GR6007_2021.PDF","2213015330153_OCA_CT_GR6007_2021.PDF","Inspecciones (OCA)",NO,,,,,,09.11.2024,LO,2698,LO-002698,false,,,,,,false,2023-11-14,,,,,,,,,,,,
WO,4225,WO-4225,,,-,,,,SPA-JX,8511,SPA-JX08511,"System Administrator",Cerrado,"2024-01-18 17:39:11","2024-01-18 18:03:54","2307230622402_JX8511_01290416_TOTEM_TOWERCO_SANTA_ELENA_CT_PERIO_DESFAV.PDF","2307230622402_JX8511_01290416_TOTEM_TOWERCO_SANTA_ELENA_CT_PERIO_DESFAV.PDF","Inspecciones (OCA)",NO,,,,,,,LO,3340,LO-003340,false,,,,,,false,2024-01-18,,,,,,,,,,,,
WO,3244,WO-3244,,,-,,,,SPA-BA,321,SPA-BA00321,"System Administrator",Cerrado,"2023-11-14 19:01:41","2023-11-15 12:16:56",1411103224589_BA0321.PDF,1411103224589_BA0321.PDF,"Revision (MTO)",NO,,,,,,,LO,410,LO-000410,false,,,,,,false,2023-11-14,,,,,,,,,,,,
WO,2461,WO-2461,,,-,,,,SPA-PO,4906,SPA-PO04906,"System Administrator",Cerrado,"2023-11-14 18:43:47","2023-11-15 12:07:36","2112305710700_PO4906-REVISION__MTO_-04-06-2019.PDF","2112305710700_PO4906-REVISION__MTO_-04-06-2019.PDF","Revision (MTO)",NO,,,,,,,LO,5489,LO-005489,false,,,,,,false,2023-11-14,,,,,,,,,,,,
WO,3378,WO-3378,,,-,,,,SPA-TO,415,SPA-TO00415,"System Administrator",Cerrado,"2023-11-14 19:04:47","2023-11-15 12:17:53","1914010824469_TO0415-TOTEM.PDF","1914010824469_TO0415-TOTEM.PDF","Revision (MTO)",NO,,,,,,,LO,6718,LO-006718,false,,,,,,false,2023-11-14,,,,,,,,,,,,
WO,4592,WO-4592,SAR,252,SAR-000252,SPA-LX,9440,SPA-LX09440,,,,"Raquel Cortes Espinilla",Abierto,"2024-01-29 15:50:01","2024-01-29 15:50:18",LX9440_SOFTWARE,"LX9440_ACTUALIZACION_SOFTWARE",Obsolescencia,NO,"2024-01-31 08:00:00","2024-02-09 20:00:00",,,,,,,-,false,,,,,,false,2024-01-29,,,,,,,,,,,,
WO,1973,WO-1973,,,-,,,,SPA-CS,40,SPA-CS00040,"System Administrator",Cerrado,"2023-11-14 18:32:02","2023-11-15 12:20:31","271146511760_460_AT_0052_21-1__CS0040.PDF","271146511760_460_AT_0052_21-1__CS0040.PDF","Inspecciones (OCA)",NO,,,,,,22.04.2024,LO,1850,LO-001850,false,,,,,,false,2023-11-14,,,,,,,,,,,,
WO,2550,WO-2550,,,-,,,,SPA-LU,7720,SPA-LU07720,"System Administrator",Cerrado,"2023-11-14 18:45:50","2023-11-15 12:20:24","211231128692_LU7720-REVISION__MTO_-22-04-2020.PDF","211231128692_LU7720-REVISION__MTO_-22-04-2020.PDF","Revision (MTO)",NO,,,,,,,LO,3608,LO-003608,false,,,,,,false,2023-11-14,,,,,,,,,,,,
WO,2907,WO-2907,,,-,,,,SPA-AV,8434,SPA-AV08434,"System Administrator",Cerrado,"2023-11-14 18:54:02","2023-11-15 12:11:07",081027175585_AV8434.PDF,081027175585_AV8434.PDF,"Revision (MTO)",NO,,,,,,,LO,149,LO-000149,false,,,,,,false,2023-11-14,,,,,,,,,,,,
WO,4307,WO-4307,,,-,,,,SPA-BU,4250,SPA-BU04250,"System Administrator",Cerrado,"2024-01-18 17:41:02","2024-01-18 18:04:44",1408373114379_BU4250.PDF,1408373114379_BU4250.PDF,"Inspecciones (OCA)",NO,,,,,,,LO,711,LO-000711,false,,,,,,false,2024-01-18,,,,,,,,,,,,
WO,3584,WO-3584,,,-,,,,SPA-LE,1546,SPA-LE01546,"System Administrator",Cerrado,"2023-11-14 19:09:32","2023-11-15 12:15:28","301042372657_PARTE_INCIDENCIA.PDF","301042372657_PARTE_INCIDENCIA.PDF","Revision (MTO)",NO,,,,,,,LO,3449,LO-003449,false,,,,,,false,2023-11-14,,,,,,,,,,,,
WO,4052,WO-4052,,,-,,,,SPA-ZX,557,SPA-ZX00557,"System Administrator",Cerrado,"2024-01-18 17:35:04","2024-01-18 18:02:08","300803361249_ZX0557-REV_MTO_14_07_23.PDF","300803361249_ZX0557-REV_MTO_14_07_23.PDF","Revision (MTO)",NO,,,,,,14.07.2024,LO,7787,LO-007787,false,,,,,,false,2024-01-18,,,,,,,,,,,,
WO,3698,WO-3698,,,-,,,,SPA-HU,7128,SPA-HU07128,"System Administrator",Cerrado,"2023-11-14 19:12:15","2023-11-15 12:21:58","220914378250_HU7128_-_AT-HU-15-22_-_ARTIEDA_-_OCA.PDF","220914378250_HU7128_-_AT-HU-15-22_-_ARTIEDA_-_OCA.PDF","Inspecciones (OCA)",NO,,,,,,06.07.2025,LO,2847,LO-002847,false,,,,,,false,2023-11-14,,,,,,,,,,,,
WO,3718,WO-3718,,,-,,,,SPA-AB,5909,SPA-AB05909,"System Administrator",Cerrado,"2023-11-14 19:12:43","2023-11-15 12:13:13","270935318517_AB5909_-_REV_MTO_06-09-2022.PDF","270935318517_AB5909_-_REV_MTO_06-09-2022.PDF","Revision (MTO)",NO,,,,,,,LO,32,LO-000032,false,,,,,,false,2023-11-14,,,,,,,,,,,,
WO,3886,WO-3886,,,-,,,,SPA-LE,1951,SPA-LE01951,"System Administrator",Cerrado,"2024-01-18 17:31:00","2024-01-18 18:00:25",191025296122_LE1951.PDF,191025296122_LE1951.PDF,"Revision (MTO)",NO,,,,,,,LO,3502,LO-003502,false,,,,,,false,2024-01-18,,,,,,,,,,,,
WO,4467,WO-4467,,,-,,,,,,,"Ruben  Benitez tirado",Abierto,"2024-01-25 18:58:49","2024-01-25 18:58:49","AMF SS5452 Acceso-2024-01-25-0009","Solicitamos urgentemente el préstamo de las llaves ubicadas en BI9010 en custodia por parte de CCN para atender incidencia escalada por Totem.",Urgente,NO,"2024-01-25 19:30:00","2024-01-27 19:30:00",,,2309S02093,,,,-,false,,,,,,false,2024-01-25,,,,,,,,,,,,
WO,3088,WO-3088,,,-,,,,SPA-SA,5612,SPA-SA05612,"System Administrator",Cerrado,"2023-11-14 18:58:03","2023-11-15 12:17:59","2812361310294_SA5612-TOTEM.PDF","2812361310294_SA5612-TOTEM.PDF","Inspecciones (OCA)",NO,,,,,,07.11.2025,LO,5693,LO-005693,false,,,,,,false,2023-11-14,,,,,,,,,,,,
WO,3568,WO-3568,,,-,,,,SPA-AL,8920,SPA-AL08920,"System Administrator",Cerrado,"2023-11-14 19:09:10","2023-11-15 12:08:52","2513025016418_AL8920-REVISION__MTO_-23-08-2022.PDF","2513025016418_AL8920-REVISION__MTO_-23-08-2022.PDF","Revision (MTO)",NO,,,,,,,LO,115,LO-000115,false,,,,,,false,2023-11-14,,,,,,,,,,,,
WO,2609,WO-2609,,,-,,,,SPA-AV,8485,SPA-AV08485,"System Administrator",Cerrado,"2023-11-14 18:47:11","2023-11-15 12:18:25","211231176366_AV8485-INSPECCION__OCA_-08-10-2020.PDF","211231176366_AV8485-INSPECCION__OCA_-08-10-2020.PDF","Inspecciones (OCA)",NO,,,,,,08.10.2023,LO,166,LO-000166,false,,,,,,false,2023-11-14,,,,,,,,,,,,
WO,3355,WO-3355,,,-,,,,SPA-CR,3108,SPA-CR03108,"System Administrator",Cerrado,"2023-11-14 19:04:16","2023-11-15 12:05:14","1909332015284_CR3108-TOTEM.PDF","1909332015284_CR3108-TOTEM.PDF","Revision (MTO)",NO,,,,,,,LO,1758,LO-001758,false,,,,,,false,2023-11-14,,,,,,,,,,,,
WO,3855,WO-3855,,,-,,,,SPA-JX,8036,SPA-JX08036,"System Administrator",Cerrado,"2024-01-18 17:30:14","2024-01-18 18:00:05","171349509912_JX8036-REVISION__MTO_-14-08-2023.PDF","171349509912_JX8036-REVISION__MTO_-14-08-2023.PDF","Revision (MTO)",NO,,,,,,,LO,3312,LO-003312,false,,,,,,false,2024-01-18,,,,,,,,,,,,
WO,2526,WO-2526,,,-,,,,SPA-LE,471,SPA-LE00471,"System Administrator",Cerrado,"2023-11-14 18:45:18","2023-11-15 12:07:06","2112310826424_LE0471-INSPECCION__OCA_-10-08-2020.PDF","2112310826424_LE0471-INSPECCION__OCA_-10-08-2020.PDF","Inspecciones (OCA)",NO,,,,,,10.08.2023,LO,3399,LO-003399,false,,,,,,false,2023-11-14,,,,,,,,,,,,
WO,1913,WO-1913,,,-,,,,SPA-IB,417,SPA-IB00417,"System Administrator",Cerrado,"2023-11-14 18:30:38","2023-11-15 12:08:50","1315503432696_ACTAINSPECCION_07-07-F28-2-073400_AT-07-S000362.PDF","1315503432696_ACTAINSPECCION_07-07-F28-2-073400_AT-07-S000362.PDF","Inspecciones (OCA)",NO,,,,,,17.03.2024,LO,3215,LO-003215,false,,,,,,false,2023-11-14,,,,,,,,,,,,
WO,2252,WO-2252,,,-,,,,SPA-CO,7237,SPA-CO07237,"System Administrator",Cerrado,"2023-11-14 18:38:45","2023-11-15 12:04:54","2112303730836_CO7237-REVISION__MTO_-13-02-2020.PDF","2112303730836_CO7237-REVISION__MTO_-13-02-2020.PDF","Revision (MTO)",NO,,,,,,,LO,1657,LO-001657,false,,,,,,false,2023-11-14,,,,,,,,,,,,
WO,3454,WO-3454,,,-,,,,SPA-TO,6,SPA-TO00006,"System Administrator",Cerrado,"2023-11-14 19:06:33","2023-11-15 12:07:40","1514200518743_TO0006-REV__MTO_21-06-2022.PDF","1514200518743_TO0006-REV__MTO_21-06-2022.PDF","Revision (MTO)",NO,,,,,,,LO,6630,LO-006630,false,,,,,,false,2023-11-14,,,,,,,,,,,,
WO,2044,WO-2044,,,-,,,,SPA-JX,8005,SPA-JX08005,"System Administrator",Cerrado,"2023-11-14 18:33:46","2023-11-15 12:10:41","211230035874_JX8005-REVISION__MTO_-22-03-2019.PDF","211230035874_JX8005-REVISION__MTO_-22-03-2019.PDF","Revision (MTO)",NO,,,,,,,LO,3308,LO-003308,false,,,,,,false,2023-11-14,,,,,,,,,,,,
WO,4390,WO-4390,,,-,,,,SPA-TO,415,SPA-TO00415,"System Administrator",Cerrado,"2024-01-18 17:42:54","2024-01-18 18:05:33","1908481231981_CERT_AT-TO-013-2_22_TOTEM_TO0415_CAMUÑAS_CT.PDF","1908481231981_CERT_AT-TO-013-2_22_TOTEM_TO0415_CAMUÑAS_CT.PDF","Inspecciones (OCA)",NO,,,,,,,LO,6718,LO-006718,false,,,,,,false,2024-01-18,,,,,,,,,,,,
WO,2383,WO-2383,,,-,,,,SPA-CR,3314,SPA-CR03314,"System Administrator",Cerrado,"2023-11-14 18:41:53","2023-11-15 12:25:28","2112304925834_CR3314-REVISION__MTO_-11-02-2019.PDF","2112304925834_CR3314-REVISION__MTO_-11-02-2019.PDF","Revision (MTO)",NO,,,,,,,LO,1791,LO-001791,false,,,,,,false,2023-11-14,,,,,,,,,,,,
WO,2657,WO-2657,,,-,,,,SPA-BU,4135,SPA-BU04135,"System Administrator",Cerrado,"2023-11-14 18:48:15","2023-11-15 12:25:06","2112312125402_BU4135-INSPECCION__OCA_-20-10-2020.PDF","2112312125402_BU4135-INSPECCION__OCA_-20-10-2020.PDF","Inspecciones (OCA)",NO,,,,,,20.10.2023,LO,649,LO-000649,false,,,,,,false,2023-11-14,,,,,,,,,,,,
WO,2077,WO-2077,,,-,,,,SPA-VI,8748,SPA-VI08748,"System Administrator",Cerrado,"2023-11-14 18:34:33","2023-11-15 12:19:23","2112300814801_VI8748-INSPECCION__OCA_-17-01-2020.PDF","2112300814801_VI8748-INSPECCION__OCA_-17-01-2020.PDF","Inspecciones (OCA)",NO,,,,,,17.01.2023,LO,7183,LO-007183,false,,,,,,false,2023-11-14,,,,,,,,,,,,
WO,4402,WO-4402,SAR,12,SAR-000012,SPA-SE,1957,SPA-SE01957,,,,"Agustín  Martín grande",Abierto,"2024-01-22 09:35:40","2024-01-22 09:36:23","Replanteo CVE SPA-SE01957","Replanteo CVE SPA-SE01957",Refuerzos,NO,,,,,,,,,-,false,,,,,,false,2024-01-22,,,,,,,,,,,,
WO,2973,WO-2973,,,-,,,,SPA-VI,8812,SPA-VI08812,"System Administrator",Cerrado,"2023-11-14 18:55:35","2023-11-15 12:06:35",0810530423976_VI8812.PDF,0810530423976_VI8812.PDF,"Inspecciones (OCA)",NO,,,,,,15.06.2024,LO,7189,LO-007189,false,,,,,,false,2023-11-14,,,,,,,,,,,,
WO,4431,WO-4431,SAR,52,SAR-000052,SPA-GC,155,SPA-GC00155,,,,"Marino Barrera",Abierto,"2024-01-23 12:41:21","2024-01-23 12:41:28","Visita adecuación infra SPA-GC00155","Visita adecuación infra SPA-GC00155",Infraestructura,NO,,,,,,,,,-,false,,,,,,false,2024-01-23,,,,,,,,,,,,
WO,2652,WO-2652,,,-,,,,SPA-BU,4155,SPA-BU04155,"System Administrator",Cerrado,"2023-11-14 18:48:08","2023-11-15 12:06:55","2112312130412_BU4155-REVISION__MTO_-20-07-2020.PDF","2112312130412_BU4155-REVISION__MTO_-20-07-2020.PDF","Revision (MTO)",NO,,,,,,,LO,664,LO-000664,false,,,,,,false,2023-11-14,,,,,,,,,,,,
WO,4597,WO-4597,SAR,257,SAR-000257,SPA-BX,701,SPA-BX00701,,,,"DNO acceso OSP",Abierto,"2024-01-29 17:13:12","2024-01-29 17:44:51","NLG  444394 BX0701","REVISIÓN AVERIA EN EQUIPOS DE ORANGE",Urgente,SI,,,,,,,,,-,false,,,,,,false,2024-01-29,,,,,,,,,,,,
WO,3385,WO-3385,,,-,,,,SPA-TO,26,SPA-TO00026,"System Administrator",Cerrado,"2023-11-14 19:04:57","2023-11-15 12:08:27","1914062219843_TO0026-TOTEM.PDF","1914062219843_TO0026-TOTEM.PDF","Revision (MTO)",NO,,,,,,,LO,6641,LO-006641,false,,,,,,false,2023-11-14,,,,,,,,,,,,
WO,4558,WO-4558,SAR,216,SAR-000216,SPA-VI,8704,SPA-VI08704,,,,"ROBERTO  MUÑOZ SÁNCHEZ",Abierto,"2024-01-29 12:07:57","2024-01-29 12:07:57",Preventivo,Preventivo,"Inspección Preventiva",NO,"2024-01-30 07:00:00","2024-01-30 13:00:00",,,,,,,-,false,,,,,,false,2024-01-29,,,,,,,,,,,,
WO,4373,WO-4373,,,-,,,,SPA-CO,6748,SPA-CO06748,"System Administrator",Cerrado,"2024-01-18 17:42:31","2024-01-18 18:05:22","2109572115977_OCA_CT_DESFAVORABLE_15-02-2023.PDF","2109572115977_OCA_CT_DESFAVORABLE_15-02-2023.PDF","Inspecciones (OCA)",NO,,,,,,,LO,1601,LO-001601,false,,,,,,false,2024-01-18,,,,,,,,,,,,
WO,2797,WO-2797,,,-,,,,SPA-SG,9194,SPA-SG09194,"System Administrator",Cerrado,"2023-11-14 18:51:27","2023-11-15 12:08:50","2112342718718_SG9194-INSPECCION__OCA_-19-01-2021.PDF","2112342718718_SG9194-INSPECCION__OCA_-19-01-2021.PDF","Inspecciones (OCA)",NO,,,,,,19.01.2024,LO,6066,LO-006066,false,,,,,,false,2023-11-14,,,,,,,,,,,,
WO,3644,WO-3644,,,-,,,,SPA-HX,9809,SPA-HX09809,"System Administrator",Cerrado,"2023-11-14 19:10:54","2023-11-15 12:11:59","151059267206_HX9474-REVISION__MTO_-12-06-2022.PDF","151059267206_HX9474-REVISION__MTO_-12-06-2022.PDF","Revision (MTO)",NO,,,,,,,LO,2995,LO-002995,false,,,,,,false,2023-11-14,,,,,,,,,,,,
WO,4353,WO-4353,,,-,,,,SPA-LE,1715,SPA-LE01715,"System Administrator",Cerrado,"2024-01-18 17:42:04","2024-01-18 18:05:11",0415405930871_LE1715.PDF,0415405930871_LE1715.PDF,"Inspecciones (OCA)",NO,,,,,,,LO,3471,LO-003471,false,,,,,,false,2024-01-18,,,,,,,,,,,,
WO,2683,WO-2683,,,-,,,,SPA-LE,1719,SPA-LE01719,"System Administrator",Cerrado,"2023-11-14 18:48:50","2023-11-15 12:07:00","2112312328607_LE1719-INSPECCION__OCA_-12-08-2020.PDF","2112312328607_LE1719-INSPECCION__OCA_-12-08-2020.PDF","Inspecciones (OCA)",NO,,,,,,12.08.2023,LO,3475,LO-003475,false,,,,,,false,2023-11-14,,,,,,,,,,,,
WO,4436,WO-4436,SAR,67,SAR-000067,SPA-GI,8638,SPA-GI08638,,,,"Raquel Cortes Espinilla",Abierto,"2024-01-24 09:13:03","2024-01-28 11:28:29",GI8638_REVISION_TARJETAS,GI8638_REVISION_TARJETAS,"Revision (MTO)",NO,"2024-01-26 07:56:00","2024-02-02 20:00:00",,,,,,,-,false,,,,,,false,2024-01-24,,,,,,,,,,,,
WO,3580,WO-3580,,,-,,,,SPA-MA,2638,SPA-MA02638,"System Administrator",Cerrado,"2023-11-14 19:09:26","2023-11-15 12:15:31","3009255318450_MA2638-REVISION__MTO_-22-08-2022.PDF","3009255318450_MA2638-REVISION__MTO_-22-08-2022.PDF","Revision (MTO)",NO,,,,,,,LO,3866,LO-003866,false,,,,,,false,2023-11-14,,,,,,,,,,,,
WO,3996,WO-3996,,,-,,,,SPA-LE,1661,SPA-LE01661,"System Administrator",Cerrado,"2024-01-18 17:33:44","2024-01-18 18:01:33",130828032718_LE1661.PDF,130828032718_LE1661.PDF,"Revision (MTO)",NO,,,,,,04.11.2024,LO,3458,LO-003458,false,,,,,,false,2024-01-18,,,,,,,,,,,,
WO,2984,WO-2984,,,-,,,,SPA-CO,7244,SPA-CO07244,"System Administrator",Cerrado,"2023-11-14 18:55:50","2023-11-15 12:04:59","2211172310167_REVISION_VISUAL_CT_CO7244_2021.PDF","2211172310167_REVISION_VISUAL_CT_CO7244_2021.PDF","Revision (MTO)",NO,,,,,,,LO,1661,LO-001661,false,,,,,,false,2023-11-14,,,,,,,,,,,,
WO,3515,WO-3515,,,-,,,,SPA-LU,8042,SPA-LU08042,"System Administrator",Cerrado,"2023-11-14 19:07:56","2023-11-15 12:06:54",041026275574_LU8042.PDF,041026275574_LU8042.PDF,"Revision (MTO)",NO,,,,,,,LO,3634,LO-003634,false,,,,,,false,2023-11-14,,,,,,,,,,,,
WO,4532,WO-4532,,,-,,,,,,,"Yolanda García",Abierto,"2024-01-29 09:21:36","2024-01-29 09:21:36",PREVENTIVOS,"pruebas de alarmas que no conlleven riesgo de caidanen SPA-CX03892","Descarga baterías",NO,"2024-01-29 08:00:00","2024-02-02 23:55:00",,,,,,,-,false,,,,,,false,2024-01-29,,,,,,,,,,,,
WO,2718,WO-2718,,,-,,,,SPA-AL,8920,SPA-AL08920,"System Administrator",Cerrado,"2023-11-14 18:49:38","2023-11-15 12:15:28","2112312616469_AL8920-REVISION__MTO_-16-06-2020.PDF","2112312616469_AL8920-REVISION__MTO_-16-06-2020.PDF","Revision (MTO)",NO,,,,,,,LO,115,LO-000115,false,,,,,,false,2023-11-14,,,,,,,,,,,,
WO,2566,WO-2566,,,-,,,,SPA-LE,1661,SPA-LE01661,"System Administrator",Cerrado,"2023-11-14 18:46:12","2023-11-15 12:07:11","211231139078_LE1661-INSPECCION__OCA_-11-08-2020.PDF","211231139078_LE1661-INSPECCION__OCA_-11-08-2020.PDF","Inspecciones (OCA)",NO,,,,,,11.08.2023,LO,3458,LO-003458,false,,,,,,false,2023-11-14,,,,,,,,,,,,
WO,3289,WO-3289,,,-,,,,SPA-AV,8503,SPA-AV08503,"System Administrator",Cerrado,"2023-11-14 19:02:44","2023-11-15 12:18:10",0409252322291_AV8503.PDF,0409252322291_AV8503.PDF,"Revision (MTO)",NO,,,,,,,LO,171,LO-000171,false,,,,,,false,2023-11-14,,,,,,,,,,,,
WO,3582,WO-3582,,,-,,,,SPA-MA,2854,SPA-MA02854,"System Administrator",Cerrado,"2023-11-14 19:09:29","2023-11-15 12:20:29","301012094754_MA2854-REVISION__MTO_-22-08-2022.PDF","301012094754_MA2854-REVISION__MTO_-22-08-2022.PDF","Revision (MTO)",NO,,,,,,,LO,3910,LO-003910,false,,,,,,false,2023-11-14,,,,,,,,,,,,
WO,4613,WO-4613,SAR,281,SAR-000281,SPA-CX,1775,SPA-CX01775,,,,"DNO acceso OSP",Abierto,"2024-01-30 07:31:56","2024-01-30 07:39:43","442375  //  CX1775","PLAN 700 SHARING 24H1 GAL1775_CX1775_CAMPO DOS NEMOS_SEDES_NARON SALA DE EQUIPOS TELCO",Auditoría,NO,,,,,,,,,-,false,,,,,,false,2024-01-30,,,,,,,,,,,,
WO,1928,WO-1928,,,-,,,,SPA-AB,5925,SPA-AB05925,"System Administrator",Cerrado,"2023-11-14 18:30:59","2023-12-21 15:07:48","0709185429759_AB5925_INFORME_REVISION_SAN_PEDRO_LA_PEÑICA_2021.DOC","0709185429759_AB5925_INFORME_REVISION_SAN_PEDRO_LA_PEÑICA_2021.DOC","Revision (MTO)",NO,,,,,,,LO,37,LO-000037,false,,,,,,false,2023-11-14,,,,,,,,,,,,
WO,2062,WO-2062,,,-,,,,SPA-ZX,557,SPA-ZX00557,"System Administrator",Cerrado,"2023-11-14 18:34:12","2023-11-15 12:14:47","2112300427432_ZX0557-INSPECCION__OCA_-18-06-2019.PDF","2112300427432_ZX0557-INSPECCION__OCA_-18-06-2019.PDF","Inspecciones (OCA)",NO,,,,,,19.06.2022,LO,7787,LO-007787,false,,,,,,false,2023-11-14,,,,,,,,,,,,
WO,2522,WO-2522,,,-,,,,SPA-OR,9030,SPA-OR09030,"System Administrator",Cerrado,"2023-11-14 18:45:13","2023-11-15 12:14:18","211231068187_OR9030-REVISION__MTO_-04-04-2020.PDF","211231068187_OR9030-REVISION__MTO_-04-04-2020.PDF","Revision (MTO)",NO,,,,,,,LO,5134,LO-005134,false,,,,,,false,2023-11-14,,,,,,,,,,,,
WO,2844,WO-2844,,,-,,,,SPA-VX,349,SPA-VX00349,"System Administrator",Cerrado,"2023-11-14 18:52:35","2023-11-15 12:04:53","1319480929425_VX0349_EL_PALOMAR_INFORME_DE_REVISION_2021.PDF","1319480929425_VX0349_EL_PALOMAR_INFORME_DE_REVISION_2021.PDF","Revision (MTO)",NO,,,,,,,LO,7344,LO-007344,false,,,,,,false,2023-11-14,,,,,,,,,,,,
WO,2501,WO-2501,,,-,,,,SPA-VX,305,SPA-VX00305,"System Administrator",Cerrado,"2023-11-14 18:44:44","2023-11-15 12:19:37","2112310530811_VX0305-REVISION__MTO_-17-06-2020.DOC","2112310530811_VX0305-REVISION__MTO_-17-06-2020.DOC","Revision (MTO)",NO,,,,,,,LO,7329,LO-007329,false,,,,,,false,2023-11-14,,,,,,,,,,,,
WO,3163,WO-3163,,,-,,,,SPA-SG,9401,SPA-SG09401,"System Administrator",Cerrado,"2023-11-14 18:59:47","2023-11-15 12:15:58","140959068315_SG9401-CON_DEFECTOS.PDF","140959068315_SG9401-CON_DEFECTOS.PDF","Revision (MTO)",NO,,,,,,,LO,6078,LO-006078,false,,,,,,false,2023-11-14,,,,,,,,,,,,
WO,2604,WO-2604,,,-,,,,SPA-AV,8432,SPA-AV08432,"System Administrator",Cerrado,"2023-11-14 18:47:04","2023-11-15 12:06:21","2112311729669_AV8432-INSPECCION__OCA_-09-10-2020.PDF","2112311729669_AV8432-INSPECCION__OCA_-09-10-2020.PDF","Inspecciones (OCA)",NO,,,,,,09.10.2023,LO,147,LO-000147,false,,,,,,false,2023-11-14,,,,,,,,,,,,
WO,2658,WO-2658,,,-,,,,SPA-BU,4135,SPA-BU04135,"System Administrator",Cerrado,"2023-11-14 18:48:16","2023-11-15 12:10:06","2112312132676_BU4135-REVISION__MTO_-20-07-2020.PDF","2112312132676_BU4135-REVISION__MTO_-20-07-2020.PDF","Revision (MTO)",NO,,,,,,,LO,649,LO-000649,false,,,,,,false,2023-11-14,,,,,,,,,,,,
WO,3713,WO-3713,,,-,,,,SPA-HU,7193,SPA-HU07193,"System Administrator",Cerrado,"2023-11-14 19:12:36","2023-11-15 12:14:07","2709210129686_HU7193_-_AT-HU-028-22_-_PERALTILLA_-_OCA.PDF","2709210129686_HU7193_-_AT-HU-028-22_-_PERALTILLA_-_OCA.PDF","Inspecciones (OCA)",NO,,,,,,18.07.2025,LO,2881,LO-002881,false,,,,,,false,2023-11-14,,,,,,,,,,,,
WO,3719,WO-3719,,,-,,,,SPA-AB,5925,SPA-AB05925,"System Administrator",Cerrado,"2023-11-14 19:12:44","2023-11-15 12:16:41","270936514835_AB5925_-_REV_MTO_25-08-2022.PDF","270936514835_AB5925_-_REV_MTO_25-08-2022.PDF","Revision (MTO)",NO,,,,,,,LO,37,LO-000037,false,,,,,,false,2023-11-14,,,,,,,,,,,,
WO,3894,WO-3894,,,-,,,,SPA-LE,921,SPA-LE00921,"System Administrator",Cerrado,"2024-01-18 17:31:12","2024-01-18 18:00:30",191130159658_LE0921.PDF,191130159658_LE0921.PDF,"Revision (MTO)",NO,,,,,,,LO,3423,LO-003423,false,,,,,,false,2024-01-18,,,,,,,,,,,,
WO,3143,WO-3143,,,-,,,,SPA-GU,49,SPA-GU00049,"System Administrator",Cerrado,"2023-11-14 18:59:17","2023-11-15 12:05:26",131111439580_GU0049.PDF,131111439580_GU0049.PDF,"Inspecciones (OCA)",NO,,,,,,14.07.2024,LO,2743,LO-002743,false,,,,,,false,2023-11-14,,,,,,,,,,,,
WO,2781,WO-2781,,,-,,,,SPA-VA,2266,SPA-VA02266,"System Administrator",Cerrado,"2023-11-14 18:51:05","2023-11-15 12:09:52","211234267171_VA2266-INSPECCION__OCA_-01-10-2020.PDF","211234267171_VA2266-INSPECCION__OCA_-01-10-2020.PDF","Inspecciones (OCA)",NO,,,,,,01.10.2023,LO,7087,LO-007087,false,,,,,,false,2023-11-14,,,,,,,,,,,,
WO,4418,WO-4418,,,-,,,,,,,"Andres Marcos Alises",Abierto,"2024-01-23 07:27:28","2024-01-23 07:27:28","MU0061 PRUEBA DE ALARMAS","PRUEBA DE ALARMAS","Inspección Preventiva",NO,"2024-01-23 08:00:06","2024-01-23 15:00:06","2024-01-23 08:00:06",,,,,,-,false,,,,,,false,2024-01-23,,,,,,,,,,,,
WO,2199,WO-2199,,,-,,,,SPA-ZA,6987,SPA-ZA06987,"System Administrator",Cerrado,"2023-11-14 18:37:31","2023-11-15 12:10:48","2112303124779_ZA6987-REVISION__MTO_-08-07-2019.PDF","2112303124779_ZA6987-REVISION__MTO_-08-07-2019.PDF","Revision (MTO)",NO,,,,,,,LO,7654,LO-007654,false,,,,,,false,2023-11-14,,,,,,,,,,,,
WO,2299,WO-2299,,,-,,,,SPA-LE,1501,SPA-LE01501,"System Administrator",Cerrado,"2023-11-14 18:39:54","2023-11-15 12:14:53","2112304313189_LE1501-REVISION__MTO_-10-06-2019.PDF","2112304313189_LE1501-REVISION__MTO_-10-06-2019.PDF","Revision (MTO)",NO,,,,,,,LO,3437,LO-003437,false,,,,,,false,2023-11-14,,,,,,,,,,,,
WO,3376,WO-3376,,,-,,,,SPA-TO,532,SPA-TO00532,"System Administrator",Cerrado,"2023-11-14 19:04:44","2023-11-15 12:12:11","1913593729859_TO0532-TOTEM.PDF","1913593729859_TO0532-TOTEM.PDF","Revision (MTO)",NO,,,,,,,LO,6737,LO-006737,false,,,,,,false,2023-11-14,,,,,,,,,,,,
WO,2577,WO-2577,,,-,,,,SPA-PO,6326,SPA-PO06326,"System Administrator",Cerrado,"2023-11-14 18:46:27","2023-11-15 12:18:01","2112311421575_PO6326-INSPECCION__OCA_-28-08-2020.PDF","2112311421575_PO6326-INSPECCION__OCA_-28-08-2020.PDF","Inspecciones (OCA)",NO,,,,,,28.08.2023,LO,5553,LO-005553,false,,,,,,false,2023-11-14,,,,,,,,,,,,
WO,4429,WO-4429,SAR,19,SAR-000019,SPA-VX,1033,SPA-VX01033,,,,"Daniel Gaspar Perreira",Abierto,"2024-01-23 12:08:31","2024-01-23 12:08:31","Inspección visual.","Inspección Visual/Toma de datos",Auditoría,NO,,,,,,,,,-,false,,,,,,false,2024-01-23,,,,,,,,,,,,
WO,2395,WO-2395,,,-,,,,SPA-CU,8559,SPA-CU08559,"System Administrator",Cerrado,"2023-11-14 18:42:10","2023-11-15 12:15:30","2112305014615_CU8559-REVISION__MTO_-12-03-2019.PDF","2112305014615_CU8559-REVISION__MTO_-12-03-2019.PDF","Revision (MTO)",NO,,,,,,,LO,2043,LO-002043,false,,,,,,false,2023-11-14,,,,,,,,,,,,
WO,2863,WO-2863,,,-,,,,SPA-BU,4154,SPA-BU04154,"System Administrator",Cerrado,"2023-11-14 18:53:02","2023-11-15 12:18:58","0308400126493_PARTE_DE_INCIDENCIA_BU4154.PDF","0308400126493_PARTE_DE_INCIDENCIA_BU4154.PDF","Revision (MTO)",NO,,,,,,,LO,663,LO-000663,false,,,,,,false,2023-11-14,,,,,,,,,,,,
WO,4268,WO-4268,,,-,,,,SPA-ZX,540,SPA-ZX00540,"System Administrator",Cerrado,"2024-01-18 17:40:10","2024-01-18 18:04:21","1711185821388_AT-Z-019-22-R2_ZX0540_MUEL_2__VISITA_OCA.PDF","1711185821388_AT-Z-019-22-R2_ZX0540_MUEL_2__VISITA_OCA.PDF","Inspecciones (OCA)",NO,,,,,,,LO,7783,LO-007783,false,,,,,,false,2024-01-18,,,,,,,,,,,,
WO,3006,WO-3006,,,-,,,,SPA-MX,3107,SPA-MX03107,"System Administrator",Cerrado,"2023-11-14 18:56:19","2023-11-15 12:07:50",211026074555_MX3107.PDF,211026074555_MX3107.PDF,"Inspecciones (OCA)",NO,,,,,,20.10.2024,LO,4693,LO-004693,false,,,,,,false,2023-11-14,,,,,,,,,,,,
WO,4468,WO-4468,SAR,137,SAR-000137,SPA-SS,5452,SPA-SS05452,,,,"Ruben  Benitez tirado",Abierto,"2024-01-25 19:11:51","2024-01-26 11:38:11","AMF. SS5452. Acceso-2024-01-25-0009","Solicitamos urgentemente el préstamo de las llaves ubicadas en BI9010 en custodia por parte de CCN para atender incidencia escalada por Totem.",Urgente,NO,"2024-01-25 19:30:00","2024-01-27 19:30:00","2024-01-25 19:30:00",,2309S02093,,,,-,false,,,,,,false,2024-01-25,,,,,,,,,,,,
WO,2162,WO-2162,,,-,,,,SPA-BU,4242,SPA-BU04242,"System Administrator",Cerrado,"2023-11-14 18:36:38","2023-11-15 12:22:11","2112302617650_BU4242-REVISION__MTO_-08-08-2019.PDF","2112302617650_BU4242-REVISION__MTO_-08-08-2019.PDF","Revision (MTO)",NO,,,,,,,LO,708,LO-000708,false,,,,,,false,2023-11-14,,,,,,,,,,,,
WO,2682,WO-2682,,,-,,,,SPA-BU,4302,SPA-BU04302,"System Administrator",Cerrado,"2023-11-14 18:48:48","2023-11-15 12:20:42","2112312321409_BU4302-INSPECCION__OCA_-08-10-2020.PDF","2112312321409_BU4302-INSPECCION__OCA_-08-10-2020.PDF","Inspecciones (OCA)",NO,,,,,,08.10.2023,LO,732,LO-000732,false,,,,,,false,2023-11-14,,,,,,,,,,,,
WO,3016,WO-3016,,,-,,,,SPA-MX,231,SPA-MX00231,"System Administrator",Cerrado,"2023-11-14 18:56:34","2023-11-15 12:22:12",21094435376_MX0231.PDF,21094435376_MX0231.PDF,"Inspecciones (OCA)",NO,,,,,,18.10.2024,LO,4304,LO-004304,false,,,,,,false,2023-11-14,,,,,,,,,,,,
WO,3550,WO-3550,,,-,,,,SPA-MX,3104,SPA-MX03104,"System Administrator",Cerrado,"2023-11-14 19:08:45","2023-11-15 12:14:59",0816093126069_MX3104.PDF,0816093126069_MX3104.PDF,"Revision (MTO)",NO,,,,,,,LO,4691,LO-004691,false,,,,,,false,2023-11-14,,,,,,,,,,,,
WO,4001,WO-4001,,,-,,,,SPA-VX,117,SPA-VX00117,"System Administrator",Cerrado,"2024-01-18 17:33:51","2024-01-18 18:01:36","2609304024969_VX0117_INFORME_REVISION_QUART_DE_LES_VALLS_2023.PDF","2609304024969_VX0117_INFORME_REVISION_QUART_DE_LES_VALLS_2023.PDF","Revision (MTO)",NO,,,,,,07.03.2024,LO,7281,LO-007281,false,,,,,,false,2024-01-18,,,,,,,,,,,,
WO,2701,WO-2701,,,-,,,,SPA-PX,8029,SPA-PX08029,"System Administrator",Cerrado,"2023-11-14 18:49:15","2023-11-15 12:20:22","2112312417553_PX8029-INSPECCION__OCA_-11-11-2020.PDF","2112312417553_PX8029-INSPECCION__OCA_-11-11-2020.PDF","Inspecciones (OCA)",NO,,,,,,11.11.2023,LO,5645,LO-005645,false,,,,,,false,2023-11-14,,,,,,,,,,,,
WO,4125,WO-4125,,,-,,,,SPA-AB,6017,SPA-AB06017,"System Administrator",Cerrado,"2024-01-18 17:36:50","2024-01-18 18:02:52","0412483720318_AB6017_-_REV_MTO_25-09-2023.PDF","0412483720318_AB6017_-_REV_MTO_25-09-2023.PDF","Revision (MTO)",NO,,,,,,25.09.2024,LO,48,LO-000048,false,,,,,,false,2024-01-18,,,,,,,,,,,,
WO,1919,WO-1919,,,-,,,,SPA-AB,6350,SPA-AB06350,"System Administrator",Cerrado,"2023-11-14 18:30:47","2023-11-15 12:12:06","070955278123_AB6350_INFORME_REVISION_ALMANSA_2021.DOC","070955278123_AB6350_INFORME_REVISION_ALMANSA_2021.DOC","Revision (MTO)",NO,,,,,,,LO,74,LO-000074,false,,,,,,false,2023-11-14,,,,,,,,,,,,
WO,2304,WO-2304,,,-,,,,SPA-LE,651,SPA-LE00651,"System Administrator",Cerrado,"2023-11-14 18:40:01","2023-11-15 12:09:00","2112304331203_LE0651-REVISION__MTO_-10-06-2019.PDF","2112304331203_LE0651-REVISION__MTO_-10-06-2019.PDF","Revision (MTO)",NO,,,,,,,LO,3412,LO-003412,false,,,,,,false,2023-11-14,,,,,,,,,,,,
WO,4319,WO-4319,,,-,,,,SPA-BU,4178,SPA-BU04178,"System Administrator",Cerrado,"2024-01-18 17:41:18","2024-01-18 18:04:51",170826258239_BU4178.PDF,170826258239_BU4178.PDF,"Inspecciones (OCA)",NO,,,,,,,LO,677,LO-000677,false,,,,,,false,2024-01-18,,,,,,,,,,,,
WO,4354,WO-4354,,,-,,,,SPA-CX,427,SPA-CX00427,"System Administrator",Cerrado,"2024-01-18 17:42:05","2024-01-18 18:05:11",0415562917908_CX0427.PDF,0415562917908_CX0427.PDF,"Inspecciones (OCA)",NO,,,,,,,LO,2135,LO-002135,false,,,,,,false,2024-01-18,,,,,,,,,,,,
WO,1914,WO-1914,,,-,,,,SPA-AB,6420,SPA-AB06420,"System Administrator",Cerrado,"2023-11-14 18:30:40","2023-11-15 12:15:23","071011022474_AB6420_INFORME_REVISION_LA_RODA_TRAZADO_ALARIS_2021.DOC","071011022474_AB6420_INFORME_REVISION_LA_RODA_TRAZADO_ALARIS_2021.DOC","Revision (MTO)",NO,,,,,,,LO,86,LO-000086,false,,,,,,false,2023-11-14,,,,,,,,,,,,
WO,2759,WO-2759,,,-,,,,SPA-SO,9812,SPA-SO09812,"System Administrator",Cerrado,"2023-11-14 18:50:34","2023-11-15 12:23:38","2112342431453_SO9812-INSPECCION__OCA_-20-08-2020.PDF","2112342431453_SO9812-INSPECCION__OCA_-20-08-2020.PDF","Inspecciones (OCA)",NO,,,,,,20.08.2023,LO,6138,LO-006138,false,,,,,,false,2023-11-14,,,,,,,,,,,,
WO,4035,WO-4035,,,-,,,,SPA-LE,9995,SPA-LE09995,"System Administrator",Cerrado,"2024-01-18 17:34:40","2024-01-18 18:01:57",0508252122393_LE9995.PDF,0508252122393_LE9995.PDF,"Revision (MTO)",NO,,,,,,11.11.2024,LO,3512,LO-003512,false,,,,,,false,2024-01-18,,,,,,,,,,,,
WO,3075,WO-3075,,,-,,,,,,,"System Administrator",Cerrado,"2023-11-14 18:57:46","2023-11-15 12:18:59","0412043741_AV8472-INSPECCION___OCA__-21082014.PDF","0412043741_AV8472-INSPECCION___OCA__-21082014.PDF","Inspecciones (OCA)",NO,,,,,,21.08.2017,,,-,false,,,,,,false,2023-11-14,,,,,,,,,,,,
WO,2222,WO-2222,,,-,,,,SPA-SG,9124,SPA-SG09124,"System Administrator",Cerrado,"2023-11-14 18:38:03","2023-11-15 12:04:49","2112303324227_SG9124-REVISION__MTO_-08-08-2019.PDF","2112303324227_SG9124-REVISION__MTO_-08-08-2019.PDF","Revision (MTO)",NO,,,,,,,LO,6042,LO-006042,false,,,,,,false,2023-11-14,,,,,,,,,,,,
WO,3488,WO-3488,,,-,,,,SPA-TO,415,SPA-TO00415,"System Administrator",Cerrado,"2023-11-14 19:07:19","2023-12-21 15:14:59","181245354899_CERT_AT-TO-013_22_TOTEM_TO0415_CAMUÑAS_CT.PDF","181245354899_CERT_AT-TO-013_22_TOTEM_TO0415_CAMUÑAS_CT.PDF","Inspecciones (OCA)",NO,,,,,,07.06.2025,LO,6718,LO-006718,false,,,,,,false,2023-11-14,,,,,,,,,,,,
WO,2325,WO-2325,,,-,,,,,,,"System Administrator",Cerrado,"2023-11-14 18:40:31","2023-11-15 12:06:19","211230442257_MX3302-REVISION__MTO_-04-02-2019.PDF","211230442257_MX3302-REVISION__MTO_-04-02-2019.PDF","Revision (MTO)",NO,,,,,,,,,-,false,,,,,,false,2023-11-14,,,,,,,,,,,,
WO,4031,WO-4031,,,-,,,,SPA-TO,32,SPA-TO00032,"System Administrator",Cerrado,"2024-01-18 17:34:34","2024-01-18 18:01:55","300719484241_ZX0374-REV_MTO_11_07_23.PDF","300719484241_ZX0374-REV_MTO_11_07_23.PDF","Revision (MTO)",NO,,,,,,11.07.2024,LO,6643,LO-006643,false,,,,,,false,2024-01-18,,,,,,,,,,,,
WO,4121,WO-4121,,,-,,,,SPA-LE,152,SPA-LE00152,"System Administrator",Cerrado,"2024-01-18 17:36:45","2024-01-18 18:02:50",0408463914007_LE0152.PDF,0408463914007_LE0152.PDF,"Revision (MTO)",NO,,,,,,25.09.2024,LO,3377,LO-003377,false,,,,,,false,2024-01-18,,,,,,,,,,,,
WO,3366,WO-3366,,,-,,,,,,,"System Administrator",Cerrado,"2023-11-14 19:04:30","2023-11-15 12:15:12","1909420214633_CR3426-TOTEM.PDF","1909420214633_CR3426-TOTEM.PDF","Revision (MTO)",NO,,,,,,,,,-,false,,,,,,false,2023-11-14,,,,,,,,,,,,
WO,4531,WO-4531,SAR,193,SAR-000193,SPA-MX,957,SPA-MX00957,,,,"DNO acceso OSP",Abierto,"2024-01-29 09:12:57","2024-01-29 09:27:44","443411 - MX0957","cambiar de posición dos fibras existentes, dentro del mismo repartidor. Son parcheos para cambiar una conexión con el NE que ahora va a un puerto de 1G",Infraestructura,NO,,,,,,,,,-,false,,,,,,false,2024-01-29,,,,,,,,,,,,
WO,3270,WO-3270,,,-,,,,SPA-LE,921,SPA-LE00921,"System Administrator",Cerrado,"2023-11-14 19:02:17","2023-11-15 12:11:12",141033542677_LE0921.PDF,141033542677_LE0921.PDF,"Revision (MTO)",NO,,,,,,,LO,3423,LO-003423,false,,,,,,false,2023-11-14,,,,,,,,,,,,
WO,4197,WO-4197,,,-,,,,SPA-SA,5736,SPA-SA05736,"System Administrator",Cerrado,"2024-01-18 17:38:34","2024-01-18 18:03:37","0413191611095_SA5736-_FAVORABLE.PDF","0413191611095_SA5736-_FAVORABLE.PDF","Inspecciones (OCA)",NO,,,,,,,LO,5705,LO-005705,false,,,,,,false,2024-01-18,,,,,,,,,,,,
WO,3993,WO-3993,,,-,,,,SPA-VX,1408,SPA-VX01408,"System Administrator",Cerrado,"2024-01-18 17:33:40","2024-01-18 18:01:31","2609190226499_VX1408_BUÑOL_INFORME_DE_REVISION_2023.PDF","2609190226499_VX1408_BUÑOL_INFORME_DE_REVISION_2023.PDF","Revision (MTO)",NO,,,,,,04.05.2024,LO,7521,LO-007521,false,,,,,,false,2024-01-18,,,,,,,,,,,,
WO,2254,WO-2254,,,-,,,,SPA-CO,7209,SPA-CO07209,"System Administrator",Cerrado,"2023-11-14 18:38:48","2023-11-15 12:24:36","2112303712737_CO7209-REVISION__MTO_-26-02-2020.PDF","2112303712737_CO7209-REVISION__MTO_-26-02-2020.PDF","Revision (MTO)",NO,,,,,,,LO,1647,LO-001647,false,,,,,,false,2023-11-14,,,,,,,,,,,,
WO,2086,WO-2086,,,-,,,,SPA-TE,60,SPA-TE00060,"System Administrator",Cerrado,"2023-11-14 18:34:45","2023-11-15 12:20:13","2112301024353_TE0060-REVISION__MTO_-26-02-2020.DOC","2112301024353_TE0060-REVISION__MTO_-26-02-2020.DOC","Revision (MTO)",NO,,,,,,,LO,6424,LO-006424,false,,,,,,false,2023-11-14,,,,,,,,,,,,
WO,3878,WO-3878,,,-,,,,SPA-LE,651,SPA-LE00651,"System Administrator",Cerrado,"2024-01-18 17:30:49","2024-01-18 18:00:20","1910041126109_LE0651-CON_DEFECTOS.PDF","1910041126109_LE0651-CON_DEFECTOS.PDF","Revision (MTO)",NO,,,,,,,LO,3412,LO-003412,false,,,,,,false,2024-01-18,,,,,,,,,,,,
WO,3679,WO-3679,,,-,,,,SPA-BU,4241,SPA-BU04241,"System Administrator",Cerrado,"2023-11-14 19:11:46","2023-11-15 12:09:25","1608393617051_BU4241-_CON_DEFECTOS.PDF","1608393617051_BU4241-_CON_DEFECTOS.PDF","Revision (MTO)",NO,,,,,,,LO,707,LO-000707,false,,,,,,false,2023-11-14,,,,,,,,,,,,
WO,3789,WO-3789,,,-,,,,SPA-HX,9803,SPA-HX09803,"System Administrator",Cerrado,"2023-11-14 19:14:24","2023-11-15 12:16:53","021322092813_HX9803-INSPECCION__OCA_-20-10-2022.PDF","021322092813_HX9803-INSPECCION__OCA_-20-10-2022.PDF","Inspecciones (OCA)",NO,,,,,,20.10.2025,LO,2994,LO-002994,false,,,,,,false,2023-11-14,,,,,,,,,,,,
WO,2612,WO-2612,,,-,,,,SPA-AV,8929,SPA-AV08929,"System Administrator",Cerrado,"2023-11-14 18:47:15","2023-11-15 12:14:09","2112311712600_AV8929-INSPECCION__OCA_-07-10-2020.PDF","2112311712600_AV8929-INSPECCION__OCA_-07-10-2020.PDF","Inspecciones (OCA)",NO,,,,,,07.10.2023,LO,217,LO-000217,false,,,,,,false,2023-11-14,,,,,,,,,,,,
WO,1918,WO-1918,,,-,,,,SPA-AB,6351,SPA-AB06351,"System Administrator",Cerrado,"2023-11-14 18:30:45","2023-11-15 12:10:39","070957216924_AB6351_INFORME_REVISION_ALMANSA_N430_2021.DOC","070957216924_AB6351_INFORME_REVISION_ALMANSA_N430_2021.DOC","Revision (MTO)",NO,,,,,,,LO,75,LO-000075,false,,,,,,false,2023-11-14,,,,,,,,,,,,
WO,4260,WO-4260,,,-,,,,SPA-ZA,6972,SPA-ZA06972,"System Administrator",Cerrado,"2024-01-18 17:40:00","2024-01-18 18:04:16",1608524718728_ZA6972.PDF,1608524718728_ZA6972.PDF,"Inspecciones (OCA)",NO,,,,,,,LO,7648,LO-007648,false,,,,,,false,2024-01-18,,,,,,,,,,,,
WO,2238,WO-2238,,,-,,,,SPA-PX,8226,SPA-PX08226,"System Administrator",Cerrado,"2023-11-14 18:38:26","2023-11-15 12:21:26","211230353822_PX8226-REVISION__MTO_-07-10-2019.PDF","211230353822_PX8226-REVISION__MTO_-07-10-2019.PDF","Revision (MTO)",NO,,,,,,,LO,5664,LO-005664,false,,,,,,false,2023-11-14,,,,,,,,,,,,
WO,2472,WO-2472,,,-,,,,SPA-AB,6033,SPA-AB06033,"System Administrator",Cerrado,"2023-11-14 18:44:04","2023-11-15 12:22:49","2112310012759_AB6033-REVISION__MTO_-23-04-2020.DOC","2112310012759_AB6033-REVISION__MTO_-23-04-2020.DOC","Revision (MTO)",NO,,,,,,,LO,54,LO-000054,false,,,,,,false,2023-11-14,,,,,,,,,,,,
WO,3706,WO-3706,,,-,,,,SPA-HU,7139,SPA-HU07139,"System Administrator",Cerrado,"2023-11-14 19:12:26","2023-11-15 12:12:36","270910385895_HU7139-REV_MTO_08-07-2022.PDF","270910385895_HU7139-REV_MTO_08-07-2022.PDF","Revision (MTO)",NO,,,,,,,LO,2852,LO-002852,false,,,,,,false,2023-11-14,,,,,,,,,,,,
WO,2043,WO-2043,,,-,,,,SPA-JX,8020,SPA-JX08020,"System Administrator",Cerrado,"2023-11-14 18:33:45","2023-11-15 12:22:37","2112300329916_JX8020-REVISION__MTO_-26-03-2019.PDF","2112300329916_JX8020-REVISION__MTO_-26-03-2019.PDF","Revision (MTO)",NO,,,,,,,LO,3311,LO-003311,false,,,,,,false,2023-11-14,,,,,,,,,,,,
WO,2749,WO-2749,,,-,,,,SPA-ZA,6995,SPA-ZA06995,"System Administrator",Cerrado,"2023-11-14 18:50:20","2023-11-15 12:13:49","211234233832_ZA6995-INSPECCION__OCA_-11-09-2020.PDF","211234233832_ZA6995-INSPECCION__OCA_-11-09-2020.PDF","Inspecciones (OCA)",NO,,,,,,11.09.2023,LO,7658,LO-007658,false,,,,,,false,2023-11-14,,,,,,,,,,,,
WO,4189,WO-4189,,,-,,,,SPA-TE,52,SPA-TE00052,"System Administrator",Cerrado,"2024-01-18 17:38:23","2024-01-18 18:03:32","1120300522249_TE0052-REV_MTO_31-08-23.PDF","1120300522249_TE0052-REV_MTO_31-08-23.PDF","Revision (MTO)",NO,,,,,,31.08.2024,LO,6419,LO-006419,false,,,,,,false,2024-01-18,,,,,,,,,,,,
WO,2924,WO-2924,,,-,,,,SPA-PO,6639,SPA-PO06639,"System Administrator",Cerrado,"2023-11-14 18:54:26","2023-11-15 12:13:36","2109503716647_PO6639-DEFECTOS_CORREGIDOS.PDF","2109503716647_PO6639-DEFECTOS_CORREGIDOS.PDF","Revision (MTO)",NO,,,,,,,LO,5605,LO-005605,false,,,,,,false,2023-11-14,,,,,,,,,,,,
WO,4383,WO-4383,,,-,,,,SPA-TO,112,SPA-TO00112,"System Administrator",Cerrado,"2024-01-18 17:42:45","2024-01-18 18:05:29","190826207767_CERT_AT-TO-019-2_22_TOTEM_TO0112_TALAVERA_DE_LA_REINA_CT.PDF","190826207767_CERT_AT-TO-019-2_22_TOTEM_TO0112_TALAVERA_DE_LA_REINA_CT.PDF","Inspecciones (OCA)",NO,,,,,,,LO,6678,LO-006678,false,,,,,,false,2024-01-18,,,,,,,,,,,,
WO,4037,WO-4037,,,-,,,,SPA-ZX,1024,SPA-ZX01024,"System Administrator",Cerrado,"2024-01-18 17:34:43","2024-01-18 18:01:59","3007335028382_ZX1024-REV_MTO_12_07_23.PDF","3007335028382_ZX1024-REV_MTO_12_07_23.PDF","Revision (MTO)",NO,,,,,,12.07.2024,LO,7816,LO-007816,false,,,,,,false,2024-01-18,,,,,,,,,,,,
WO,4321,WO-4321,,,-,,,,SPA-MA,2636,SPA-MA02636,"System Administrator",Cerrado,"2024-01-18 17:41:21","2024-01-18 18:04:52","17082742620_01370314_ORANGE_ESPAGNE__SA_MA2636_LAMT_PERIO_FAV__1.PDF","17082742620_01370314_ORANGE_ESPAGNE__SA_MA2636_LAMT_PERIO_FAV__1.PDF","Inspecciones (OCA)",NO,,,,,,,LO,3864,LO-003864,false,,,,,,false,2024-01-18,,,,,,,,,,,,
WO,3724,WO-3724,,,-,,,,SPA-AB,6028,SPA-AB06028,"System Administrator",Cerrado,"2023-11-14 19:12:51","2023-11-15 12:09:12","270947001196_AB6028_-_REV_MTO_08-09-2022.PDF","270947001196_AB6028_-_REV_MTO_08-09-2022.PDF","Revision (MTO)",NO,,,,,,,LO,51,LO-000051,false,,,,,,false,2023-11-14,,,,,,,,,,,,
WO,3774,WO-3774,,,-,,,,SPA-VA,2283,SPA-VA02283,"System Administrator",Cerrado,"2023-11-14 19:14:03","2023-11-15 12:16:15",2508414411688_VA2283.PDF,2508414411688_VA2283.PDF,"Revision (MTO)",NO,,,,,,,LO,7098,LO-007098,false,,,,,,false,2023-11-14,,,,,,,,,,,,
WO,3335,WO-3335,,,-,,,,SPA-MA,2633,SPA-MA02633,"System Administrator",Cerrado,"2023-11-14 19:03:48","2023-11-15 12:15:05","1313184911486_OCA_LAT_MA2633_2022.PDF","1313184911486_OCA_LAT_MA2633_2022.PDF","Inspecciones (OCA)",NO,,,,,,09.03.2025,LO,3863,LO-003863,false,,,,,,false,2023-11-14,,,,,,,,,,,,
WO,2099,WO-2099,,,-,,,,SPA-LE,1715,SPA-LE01715,"System Administrator",Cerrado,"2023-11-14 18:35:04","2023-11-15 12:11:27","211230193343_LE1715-REVISION__MTO_-04-08-2018.PDF","211230193343_LE1715-REVISION__MTO_-04-08-2018.PDF","Revision (MTO)",NO,,,,,,,LO,3471,LO-003471,false,,,,,,false,2023-11-14,,,,,,,,,,,,
WO,3908,WO-3908,,,-,,,,SPA-CR,3025,SPA-CR03025,"System Administrator",Cerrado,"2024-01-18 17:31:32","2024-01-18 18:00:39","0313320614876_CR3025-REV_MTO_13-03-2023.PDF","0313320614876_CR3025-REV_MTO_13-03-2023.PDF","Revision (MTO)",NO,,,,,,,LO,1708,LO-001708,false,,,,,,false,2024-01-18,,,,,,,,,,,,
WO,2971,WO-2971,,,-,,,,SPA-SS,5721,SPA-SS05721,"System Administrator",Cerrado,"2023-11-14 18:55:32","2023-11-15 12:20:02",0810453022865_SS5721.PDF,0810453022865_SS5721.PDF,"Inspecciones (OCA)",NO,,,,,,15.06.2024,LO,6256,LO-006256,false,,,,,,false,2023-11-14,,,,,,,,,,,,
WO,3433,WO-3433,,,-,,,,SPA-GU,9169,SPA-GU09169,"System Administrator",Cerrado,"2023-11-14 19:06:03","2023-11-15 12:24:49","2711182014750_GU9169-TOTEM.PDF","2711182014750_GU9169-TOTEM.PDF","Revision (MTO)",NO,,,,,,,LO,2790,LO-002790,false,,,,,,false,2023-11-14,,,,,,,,,,,,
WO,4316,WO-4316,,,-,,,,SPA-BU,4302,SPA-BU04302,"System Administrator",Cerrado,"2024-01-18 17:41:14","2024-01-18 18:04:49",1708202519465_BU4302.PDF,1708202519465_BU4302.PDF,"Inspecciones (OCA)",NO,,,,,,,LO,732,LO-000732,false,,,,,,false,2024-01-18,,,,,,,,,,,,
WO,2935,WO-2935,,,-,,,,SPA-MA,2926,SPA-MA02926,"System Administrator",Cerrado,"2023-11-14 18:54:41","2023-11-15 12:12:36","2217250914342_REVISION_ANUAL_CT_MA2926_2021.PDF","2217250914342_REVISION_ANUAL_CT_MA2926_2021.PDF","Revision (MTO)",NO,,,,,,,LO,3930,LO-003930,false,,,,,,false,2023-11-14,,,,,,,,,,,,
WO,3122,WO-3122,,,-,,,,SPA-CR,3219,SPA-CR03219,"System Administrator",Cerrado,"2023-11-14 18:58:49","2023-11-15 12:09:40",1110183225423_CR3219.PDF,1110183225423_CR3219.PDF,"Inspecciones (OCA)",NO,,,,,,27.07.2024,LO,1775,LO-001775,false,,,,,,false,2023-11-14,,,,,,,,,,,,
WO,1896,WO-1896,,,-,,,,SPA-JX,8120,SPA-JX08120,"System Administrator",Cerrado,"2023-11-14 18:30:15","2023-11-15 12:12:13","2213224322920_OCA_CT_JX8120_2021.PDF","2213224322920_OCA_CT_JX8120_2021.PDF","Inspecciones (OCA)",NO,,,,,,08.11.2024,LO,3317,LO-003317,false,,,,,,false,2023-11-14,,,,,,,,,,,,
WO,3820,WO-3820,,,-,,,,SPA-HU,7281,SPA-HU07281,"System Administrator",Cerrado,"2024-01-18 17:29:21","2024-01-18 17:59:43","2413415426880_HU7281_-_REV_MTO_07-07-2022.PDF","2413415426880_HU7281_-_REV_MTO_07-07-2022.PDF","Revision (MTO)",NO,,,,,,,LO,2900,LO-002900,false,,,,,,false,2024-01-18,,,,,,,,,,,,
WO,2010,WO-2010,,,-,,,,SPA-TO,32,SPA-TO00032,"System Administrator",Cerrado,"2023-11-14 18:32:58","2023-11-15 12:07:22","2112300117006_TO0032-INSPECCION__OCA_-15-05-2019.PDF","2112300117006_TO0032-INSPECCION__OCA_-15-05-2019.PDF","Inspecciones (OCA)",NO,,,,,,15.05.2022,LO,6643,LO-006643,false,,,,,,false,2023-11-14,,,,,,,,,,,,
WO,2302,WO-2302,,,-,,,,SPA-JX,124,SPA-JX00124,"System Administrator",Cerrado,"2023-11-14 18:39:58","2023-11-15 12:12:22","2112304325023_JX0124-REVISION__MTO_-16-03-2020.PDF","2112304325023_JX0124-REVISION__MTO_-16-03-2020.PDF","Revision (MTO)",NO,,,,,,,LO,3288,LO-003288,false,,,,,,false,2023-11-14,,,,,,,,,,,,
WO,3330,WO-3330,,,-,,,,SPA-CO,7237,SPA-CO07237,"System Administrator",Cerrado,"2023-11-14 19:03:41","2023-11-15 12:13:21","1110021611179_OCA_LAT_CO7237_2022.PDF","1110021611179_OCA_LAT_CO7237_2022.PDF","Inspecciones (OCA)",NO,,,,,,10.03.2025,LO,1657,LO-001657,false,,,,,,false,2023-11-14,,,,,,,,,,,,
WO,3940,WO-3940,,,-,,,,SPA-CU,8532,SPA-CU08532,"System Administrator",Cerrado,"2024-01-18 17:32:20","2024-01-18 18:00:58","031547083540_CU8532-REV_MTO_20-03-2023.PDF","031547083540_CU8532-REV_MTO_20-03-2023.PDF","Revision (MTO)",NO,,,,,,,LO,2038,LO-002038,false,,,,,,false,2024-01-18,,,,,,,,,,,,
WO,2426,WO-2426,,,-,,,,SPA-GU,9188,SPA-GU09188,"System Administrator",Cerrado,"2023-11-14 18:42:54","2023-11-15 12:10:08","2112305229681_GU9188-REVISION__MTO_-06-03-2019.PDF","2112305229681_GU9188-REVISION__MTO_-06-03-2019.PDF","Revision (MTO)",NO,,,,,,,LO,2798,LO-002798,false,,,,,,false,2023-11-14,,,,,,,,,,,,
WO,2888,WO-2888,,,-,,,,SPA-AV,8461,SPA-AV08461,"System Administrator",Cerrado,"2023-11-14 18:53:37","2023-11-15 12:14:07",2313201327338_AV8461.PDF,2313201327338_AV8461.PDF,"Revision (MTO)",NO,,,,,,,LO,153,LO-000153,false,,,,,,false,2023-11-14,,,,,,,,,,,,
WO,3338,WO-3338,,,-,,,,SPA-MX,3404,SPA-MX03404,"System Administrator",Cerrado,"2023-11-14 19:03:52","2023-11-15 12:10:16",1811350115826_MX3404.PDF,1811350115826_MX3404.PDF,"Revision (MTO)",NO,,,,,,,LO,4704,LO-004704,false,,,,,,false,2023-11-14,,,,,,,,,,,,
WO,2081,WO-2081,,,-,,,,SPA-SG,9194,SPA-SG09194,"System Administrator",Cerrado,"2023-11-14 18:34:38","2023-11-15 12:10:53","2112300826363_SG9194-INSPECCION__OCA_-23-10-2018.PDF","2112300826363_SG9194-INSPECCION__OCA_-23-10-2018.PDF","Inspecciones (OCA)",NO,,,,,,23.10.2021,LO,6066,LO-006066,false,,,,,,false,2023-11-14,,,,,,,,,,,,
WO,4286,WO-4286,,,-,,,,SPA-SG,9157,SPA-SG09157,"System Administrator",Cerrado,"2024-01-18 17:40:34","2024-01-18 18:04:32",2712433716534_SG9157.PDF,2712433716534_SG9157.PDF,"Inspecciones (OCA)",NO,,,,,,,LO,6054,LO-006054,false,,,,,,false,2024-01-18,,,,,,,,,,,,
WO,3860,WO-3860,,,-,,,,SPA-MA,2926,SPA-MA02926,"System Administrator",Cerrado,"2024-01-18 17:30:22","2024-01-18 18:00:08","1814013923646_MA2926-REVISION__MTO_-16-08-2023.PDF","1814013923646_MA2926-REVISION__MTO_-16-08-2023.PDF","Revision (MTO)",NO,,,,,,,LO,3930,LO-003930,false,,,,,,false,2024-01-18,,,,,,,,,,,,
WO,4483,WO-4483,SAR,141,SAR-000141,SPA-MU,576,SPA-MU00576,,,,"Ana belén Barranco ureña ",Abierto,"2024-01-26 12:05:23","2024-01-26 12:13:19","442784  MU0576","INSERTAR SFP EN EQUIPO EXISTENTE / SOLICITAMOS ACCESO A SALA DE EQUIPOS ORANGE Y ANTENAS",Auditoría,NO,,,,,,,,,-,false,,,,,,false,2024-01-26,,,,,,,,,,,,
WO,3219,WO-3219,,,-,,,,SPA-SS,5622,SPA-SS05622,"System Administrator",Cerrado,"2023-11-14 19:01:07","2023-11-15 12:16:02","0312231921052_SS5622-REV_MTO_17-08-2022.PDF","0312231921052_SS5622-REV_MTO_17-08-2022.PDF","Revision (MTO)",NO,,,,,,,LO,6231,LO-006231,false,,,,,,false,2023-11-14,,,,,,,,,,,,
WO,3931,WO-3931,,,-,,,,SPA-CU,8325,SPA-CU08325,"System Administrator",Cerrado,"2024-01-18 17:32:06","2024-01-18 18:00:53","0315344029689_CU8325-REV_MTO_22-03-2023.PDF","0315344029689_CU8325-REV_MTO_22-03-2023.PDF","Revision (MTO)",NO,,,,,,,LO,1984,LO-001984,false,,,,,,false,2024-01-18,,,,,,,,,,,,
WO,2647,WO-2647,,,-,,,,SPA-BU,4360,SPA-BU04360,"System Administrator",Cerrado,"2023-11-14 18:48:01","2023-11-15 12:13:25","2112312114489_BU4360-INSPECCION__OCA_-15-10-2020.PDF","2112312114489_BU4360-INSPECCION__OCA_-15-10-2020.PDF","Inspecciones (OCA)",NO,,,,,,15.10.2023,LO,747,LO-000747,false,,,,,,false,2023-11-14,,,,,,,,,,,,
WO,4256,WO-4256,,,-,,,,SPA-ZA,6952,SPA-ZA06952,"System Administrator",Cerrado,"2024-01-18 17:39:54","2024-01-18 18:04:14",1010343929393_ZA6952.PDF,1010343929393_ZA6952.PDF,"Inspecciones (OCA)",NO,,,,,,,LO,7642,LO-007642,false,,,,,,false,2024-01-18,,,,,,,,,,,,
WO,2462,WO-2462,,,-,,,,SPA-MX,3404,SPA-MX03404,"System Administrator",Cerrado,"2023-11-14 18:43:48","2023-11-15 12:21:51","211230572461_MX3404-INCIDENCIA-01-06-2020.PDF","211230572461_MX3404-INCIDENCIA-01-06-2020.PDF","Revision (MTO)",NO,,,,,,,LO,4704,LO-004704,false,,,,,,false,2023-11-14,,,,,,,,,,,,
WO,4253,WO-4253,,,-,,,,SPA-ZA,6946,SPA-ZA06946,"System Administrator",Cerrado,"2024-01-18 17:39:51","2024-01-18 18:04:12",0609020974_ZA6946.PDF,0609020974_ZA6946.PDF,"Inspecciones (OCA)",NO,,,,,,,LO,7638,LO-007638,false,,,,,,false,2024-01-18,,,,,,,,,,,,
WO,3494,WO-3494,,,-,,,,SPA-TO,541,SPA-TO00541,"System Administrator",Cerrado,"2023-11-14 19:07:27","2023-11-15 12:20:18","181253175424_CERT_AT-TO-017_22_TOTEM_TO0541_CARRICHES_CT.PDF","181253175424_CERT_AT-TO-017_22_TOTEM_TO0541_CARRICHES_CT.PDF","Inspecciones (OCA)",NO,,,,,,08.06.2025,LO,6744,LO-006744,false,,,,,,false,2023-11-14,,,,,,,,,,,,
WO,3116,WO-3116,,,-,,,,SPA-CR,3222,SPA-CR03222,"System Administrator",Cerrado,"2023-11-14 18:58:41","2023-11-15 12:06:23",1110300329598_CR3222.PDF,1110300329598_CR3222.PDF,"Inspecciones (OCA)",NO,,,,,,28.07.2024,LO,1778,LO-001778,false,,,,,,false,2023-11-14,,,,,,,,,,,,
WO,4240,WO-4240,,,-,,,,SPA-OR,9724,SPA-OR09724,"System Administrator",Cerrado,"2024-01-18 17:39:33","2024-01-18 18:04:04","1910023532703_OCA_OR9724.PDF","1910023532703_OCA_OR9724.PDF","Inspecciones (OCA)",NO,,,,,,,LO,5173,LO-005173,false,,,,,,false,2024-01-18,,,,,,,,,,,,
WO,2036,WO-2036,,,-,,,,SPA-SE,2202,SPA-SE02202,"System Administrator",Cerrado,"2023-11-14 18:33:35","2023-11-15 12:15:16","2112300213608_SE2202-REVISION__MTO_-29-08-2019.PDF","2112300213608_SE2202-REVISION__MTO_-29-08-2019.PDF","Revision (MTO)",NO,,,,,,,LO,6001,LO-006001,false,,,,,,false,2023-11-14,,,,,,,,,,,,
WO,3464,WO-3464,,,-,,,,SPA-LX,57,SPA-LX00057,"System Administrator",Cerrado,"2023-11-14 19:06:46","2023-11-15 12:16:12",1809453025595_LX0057.PDF,1809453025595_LX0057.PDF,"Revision (MTO)",NO,,,,,,,LO,3673,LO-003673,false,,,,,,false,2023-11-14,,,,,,,,,,,,
WO,3044,WO-3044,,,-,,,,,,,"System Administrator",Cerrado,"2023-11-14 18:57:11","2023-11-15 12:08:16","0412044026299_PX7860-REVISION__MTO_-27-10-2017.PDF","0412044026299_PX7860-REVISION__MTO_-27-10-2017.PDF","Revision (MTO)",NO,,,,,,,,,-,false,,,,,,false,2023-11-14,,,,,,,,,,,,
WO,4129,WO-4129,,,-,,,,SPA-BU,4135,SPA-BU04135,"System Administrator",Cerrado,"2024-01-18 17:36:56","2024-01-18 18:02:55",0610070410477_BU4135.PDF,0610070410477_BU4135.PDF,"Revision (MTO)",NO,,,,,,25.10.2024,LO,649,LO-000649,false,,,,,,false,2024-01-18,,,,,,,,,,,,
WO,4610,WO-4610,SAR,271,SAR-000271,SPA-OX,23,SPA-OX00023,,,,"DNO acceso OSP",Abierto,"2024-01-29 23:01:50","2024-01-29 23:05:50","443567   OX0023","Trabajos de ingeniería consistentes en tomar medidas y fotografías de las antenas y equipos de telefonía, estos trabajos no implican riesgos ni cortes en el servicio. Solicitamos acceso a la casta de equipos de telefonñia móvil",Auditoría,NO,,,,,,,,,-,false,,,,,,false,2024-01-29,,,,,,,,,,,,
WO,3917,WO-3917,,,-,,,,SPA-CR,3219,SPA-CR03219,"System Administrator",Cerrado,"2024-01-18 17:31:46","2024-01-18 18:00:44","031338579601_CR3219-REV_MTO_14-03-2023.PDF","031338579601_CR3219-REV_MTO_14-03-2023.PDF","Revision (MTO)",NO,,,,,,,LO,1775,LO-001775,false,,,,,,false,2024-01-18,,,,,,,,,,,,
WO,4560,WO-4560,SAR,218,SAR-000218,SPA-CX,3861,SPA-CX03861,,,,"DNO acceso OSP",Abierto,"2024-01-29 12:23:48","2024-01-29 12:27:40","443457 - CX3861","TRABAJOS DE REPLANTEO",Infraestructura,NO,,,,,,,,,-,false,,,,,,false,2024-01-29,,,,,,,,,,,,
WO,1892,WO-1892,,,-,,,,SPA-SG,9402,SPA-SG09402,"System Administrator",Cerrado,"2023-11-14 18:30:09","2023-11-15 12:15:39",231018443713_SG9402.PDF,231018443713_SG9402.PDF,"Revision (MTO)",NO,,,,,,,LO,6079,LO-006079,false,,,,,,false,2023-11-14,,,,,,,,,,,,
WO,2332,WO-2332,,,-,,,,SPA-MX,2055,SPA-MX02055,"System Administrator",Cerrado,"2023-11-14 18:40:41","2023-11-15 12:19:12","2112304410722_MX2055-REVISION__MTO_-04-02-2019.PDF","2112304410722_MX2055-REVISION__MTO_-04-02-2019.PDF","Revision (MTO)",NO,,,,,,,LO,4614,LO-004614,false,,,,,,false,2023-11-14,,,,,,,,,,,,
WO,2841,WO-2841,,,-,,,,SPA-VX,1435,SPA-VX01435,"System Administrator",Cerrado,"2023-11-14 18:52:31","2023-11-15 12:21:15","1319500617456_VX1435_VILLARGORDO_DEL_CABRIEL_INFORME_REVISION_2021.PDF","1319500617456_VX1435_VILLARGORDO_DEL_CABRIEL_INFORME_REVISION_2021.PDF","Revision (MTO)",NO,,,,,,,LO,7525,LO-007525,false,,,,,,false,2023-11-14,,,,,,,,,,,,
WO,1995,WO-1995,,,-,,,,SPA-SA,6435,SPA-SA06435,"System Administrator",Cerrado,"2023-11-14 18:32:37","2023-11-15 12:08:45","2112300112890_SA6435-INSPECCION__OCA_-14-11-2019.PDF","2112300112890_SA6435-INSPECCION__OCA_-14-11-2019.PDF","Inspecciones (OCA)",NO,,,,,,14.11.2022,LO,5720,LO-005720,false,,,,,,false,2023-11-14,,,,,,,,,,,,
WO,3445,WO-3445,,,-,,,,SPA-TO,115,SPA-TO00115,"System Administrator",Cerrado,"2023-11-14 19:06:19","2023-11-15 12:09:19","0808252015116_TO0115-TOTEM.PDF","0808252015116_TO0115-TOTEM.PDF","Revision (MTO)",NO,,,,,,,LO,6681,LO-006681,false,,,,,,false,2023-11-14,,,,,,,,,,,,
WO,2128,WO-2128,,,-,,,,SPA-AV,8921,SPA-AV08921,"System Administrator",Cerrado,"2023-11-14 18:35:49","2023-11-15 12:19:07","2112302410080_AV8921-REVISION__MTO_-08-08-2019.PDF","2112302410080_AV8921-REVISION__MTO_-08-08-2019.PDF","Revision (MTO)",NO,,,,,,,LO,215,LO-000215,false,,,,,,false,2023-11-14,,,,,,,,,,,,
WO,3603,WO-3603,,,-,,,,SPA-ZX,372,SPA-ZX00372,"System Administrator",Cerrado,"2023-11-14 19:09:57","2023-11-15 12:21:03","0915024211381_ZX0372_-_AT-Z-14-22_-_UNCASTILLO_-_OCA.PDF","0915024211381_ZX0372_-_AT-Z-14-22_-_UNCASTILLO_-_OCA.PDF","Inspecciones (OCA)",NO,,,,,,05.07.2025,LO,7757,LO-007757,false,,,,,,false,2023-11-14,,,,,,,,,,,,
WO,2823,WO-2823,,,-,,,,SPA-CU,8542,SPA-CU08542,"System Administrator",Cerrado,"2023-11-14 18:52:04","2023-11-15 12:23:31","2112342916366_CU8542-INCIDENCIA-12-03-2021.PDF","2112342916366_CU8542-INCIDENCIA-12-03-2021.PDF","Revision (MTO)",NO,,,,,,,LO,2042,LO-002042,false,,,,,,false,2023-11-14,,,,,,,,,,,,
WO,4139,WO-4139,,,-,,,,SPA-AB,5925,SPA-AB05925,"System Administrator",Cerrado,"2024-01-18 17:37:11","2024-01-18 18:03:01","040956432469_AB5925_-_REV_MTO-26-09-2023.PDF","040956432469_AB5925_-_REV_MTO-26-09-2023.PDF","Revision (MTO)",NO,,,,,,26.09.2024,LO,37,LO-000037,false,,,,,,false,2024-01-18,,,,,,,,,,,,
WO,4222,WO-4222,,,-,,,,SPA-SE,1325,SPA-SE01325,"System Administrator",Cerrado,"2024-01-18 17:39:07","2024-01-18 18:03:52","2414470121569_SE1325-INSPECCION__OCA_-17-10-2022_FAVORABLE.PDF","2414470121569_SE1325-INSPECCION__OCA_-17-10-2022_FAVORABLE.PDF","Inspecciones (OCA)",NO,,,,,,,LO,5963,LO-005963,false,,,,,,false,2024-01-18,,,,,,,,,,,,
WO,4437,WO-4437,SAR,68,SAR-000068,SPA-BX,2621,SPA-BX02621,,,,"Neus Crespo barbera",Abierto,"2024-01-24 09:27:29","2024-01-24 09:37:09","Estación caída","Revisión equipos",Urgente,NO,,,,,2401A21287,,,,-,false,,,,,,false,2024-01-24,,,,,,,,,,,,
WO,4470,WO-4470,SAR,121,SAR-000121,SPA-IB,91,SPA-IB00091,,,,"Juan Colom  ferrer",Abierto,"2024-01-26 09:27:34","2024-01-26 09:27:34","Auditoría Equipos.","Auditoría de equipos Huawei -",Auditoría,NO,,,,,,,,,-,false,,,,,,false,2024-01-26,,,,,,,,,,,,
WO,2237,WO-2237,,,-,,,,SPA-PX,8090,SPA-PX08090,"System Administrator",Cerrado,"2023-11-14 18:38:24","2023-11-15 12:21:54","2112303512654_PX8090-REVISION__MTO_-07-10-2019.PDF","2112303512654_PX8090-REVISION__MTO_-07-10-2019.PDF","Revision (MTO)",NO,,,,,,,LO,5661,LO-005661,false,,,,,,false,2023-11-14,,,,,,,,,,,,
WO,3715,WO-3715,,,-,,,,SPA-HU,7207,SPA-HU07207,"System Administrator",Cerrado,"2023-11-14 19:12:39","2023-12-21 15:18:14","2709235416618_HU7207_-_AT-HU-21-22_-_BOLTAÑA_-_OCA.PDF","2709235416618_HU7207_-_AT-HU-21-22_-_BOLTAÑA_-_OCA.PDF","Inspecciones (OCA)",NO,,,,,,07.07.2025,LO,2885,LO-002885,false,,,,,,false,2023-11-14,,,,,,,,,,,,
WO,4077,WO-4077,,,-,,,,SPA-TO,415,SPA-TO00415,"System Administrator",Cerrado,"2024-01-18 17:35:40","2024-01-18 18:02:23","0107370520572_TO0415-REV_MAT_21_06_23.PDF","0107370520572_TO0415-REV_MAT_21_06_23.PDF","Revision (MTO)",NO,,,,,,21.06.2024,LO,6718,LO-006718,false,,,,,,false,2024-01-18,,,,,,,,,,,,
WO,1894,WO-1894,,,-,,,,SPA-SG,9405,SPA-SG09405,"System Administrator",Cerrado,"2023-11-14 18:30:12","2023-11-15 12:21:01",2310161924759_SG9405.PDF,2310161924759_SG9405.PDF,"Revision (MTO)",NO,,,,,,,LO,6081,LO-006081,false,,,,,,false,2023-11-14,,,,,,,,,,,,
WO,4337,WO-4337,,,-,,,,SPA-BU,4244,SPA-BU04244,"System Administrator",Cerrado,"2024-01-18 17:41:42","2024-01-18 18:05:01",2408062131238_BU4244.PDF,2408062131238_BU4244.PDF,"Inspecciones (OCA)",NO,,,,,,,LO,709,LO-000709,false,,,,,,false,2024-01-18,,,,,,,,,,,,
WO,2251,WO-2251,,,-,,,,SPA-CO,7244,SPA-CO07244,"System Administrator",Cerrado,"2023-11-14 18:38:44","2023-11-15 12:22:30","2112303720667_CO7244-REVISION__MTO_-21-02-2020.PDF","2112303720667_CO7244-REVISION__MTO_-21-02-2020.PDF","Revision (MTO)",NO,,,,,,,LO,1661,LO-001661,false,,,,,,false,2023-11-14,,,,,,,,,,,,
WO,3674,WO-3674,,,-,,,,SPA-BU,4295,SPA-BU04295,"System Administrator",Cerrado,"2023-11-14 19:11:38","2023-11-15 12:15:27","1608344824243_BU-4295_NOTIFICAR_PROPIEDAD.PDF","1608344824243_BU-4295_NOTIFICAR_PROPIEDAD.PDF","Revision (MTO)",NO,,,,,,,LO,728,LO-000728,false,,,,,,false,2023-11-14,,,,,,,,,,,,
WO,2243,WO-2243,,,-,,,,SPA-PX,15,SPA-PX00015,"System Administrator",Cerrado,"2023-11-14 18:38:32","2023-11-15 12:07:15","211230364987_PX0015-REVISION__MTO_-07-10-2019.PDF","211230364987_PX0015-REVISION__MTO_-07-10-2019.PDF","Revision (MTO)",NO,,,,,,,LO,5618,LO-005618,false,,,,,,false,2023-11-14,,,,,,,,,,,,
WO,3351,WO-3351,,,-,,,,SPA-CR,3041,SPA-CR03041,"System Administrator",Cerrado,"2023-11-14 19:04:10","2023-11-15 12:21:45","190929504422_CR3041-TOTEM.PDF","190929504422_CR3041-TOTEM.PDF","Revision (MTO)",NO,,,,,,,LO,1714,LO-001714,false,,,,,,false,2023-11-14,,,,,,,,,,,,
WO,2066,WO-2066,,,-,,,,SPA-ZX,519,SPA-ZX00519,"System Administrator",Cerrado,"2023-11-14 18:34:18","2023-11-15 12:13:11","2112300531810_ZX0519-INSPECCION__OCA_-15-06-2019.PDF","2112300531810_ZX0519-INSPECCION__OCA_-15-06-2019.PDF","Inspecciones (OCA)",NO,,,,,,15.06.2022,LO,7776,LO-007776,false,,,,,,false,2023-11-14,,,,,,,,,,,,
WO,3214,WO-3214,,,-,,,,SPA-HX,9470,SPA-HX09470,"System Administrator",Cerrado,"2023-11-14 19:01:00","2023-11-15 12:12:08","0313141818943_HX9470-INSPECCION__OCA_-20-10-2022.PDF","0313141818943_HX9470-INSPECCION__OCA_-20-10-2022.PDF","Inspecciones (OCA)",NO,,,,,,20.10.2025,LO,2930,LO-002930,false,,,,,,false,2023-11-14,,,,,,,,,,,,
WO,3436,WO-3436,,,-,,,,SPA-AV,8929,SPA-AV08929,"System Administrator",Cerrado,"2023-11-14 19:06:07","2023-11-15 12:14:37","311055183661_PARTE_INCIDENCIA.PDF","311055183661_PARTE_INCIDENCIA.PDF","Revision (MTO)",NO,,,,,,,LO,217,LO-000217,false,,,,,,false,2023-11-14,,,,,,,,,,,,
WO,3665,WO-3665,,,-,,,,SPA-BU,4122,SPA-BU04122,"System Administrator",Cerrado,"2023-11-14 19:11:25","2023-11-15 12:10:30","1608224715442_BU4122-CON_DEFECTOS.PDF","1608224715442_BU4122-CON_DEFECTOS.PDF","Revision (MTO)",NO,,,,,,,LO,641,LO-000641,false,,,,,,false,2023-11-14,,,,,,,,,,,,
WO,2802,WO-2802,,,-,,,,SPA-SG,9405,SPA-SG09405,"System Administrator",Cerrado,"2023-11-14 18:51:34","2023-11-15 12:11:17","2112342728119_SG9405-INSPECCION__OCA_-15-09-2020.PDF","2112342728119_SG9405-INSPECCION__OCA_-15-09-2020.PDF","Inspecciones (OCA)",NO,,,,,,15.09.2023,LO,6081,LO-006081,false,,,,,,false,2023-11-14,,,,,,,,,,,,
WO,3452,WO-3452,,,-,,,,SPA-TO,5,SPA-TO00005,"System Administrator",Cerrado,"2023-11-14 19:06:30","2023-11-15 12:08:29","1514181719173_TO0005-REV__MTO_21-06-2022.PDF","1514181719173_TO0005-REV__MTO_21-06-2022.PDF","Revision (MTO)",NO,,,,,,,LO,6629,LO-006629,false,,,,,,false,2023-11-14,,,,,,,,,,,,
WO,2197,WO-2197,,,-,,,,SPA-ZA,7002,SPA-ZA07002,"System Administrator",Cerrado,"2023-11-14 18:37:28","2023-11-15 12:21:58","2112303129221_ZA7002-REVISION__MTO_-08-07-2019.PDF","2112303129221_ZA7002-REVISION__MTO_-08-07-2019.PDF","Revision (MTO)",NO,,,,,,,LO,7660,LO-007660,false,,,,,,false,2023-11-14,,,,,,,,,,,,
WO,1989,WO-1989,,,-,,,,SPA-IB,417,SPA-IB00417,"System Administrator",Cerrado,"2023-11-14 18:32:28","2023-11-15 12:07:44","2908145325507_2021_TERMOGRAFIA_ET_TELEFONICA__SON_REUS.PDF","2908145325507_2021_TERMOGRAFIA_ET_TELEFONICA__SON_REUS.PDF","Revision (MTO)",NO,,,,,,,LO,3215,LO-003215,false,,,,,,false,2023-11-14,,,,,,,,,,,,
WO,2139,WO-2139,,,-,,,,SPA-AV,8478,SPA-AV08478,"System Administrator",Cerrado,"2023-11-14 18:36:06","2023-11-15 12:08:07","2112302511072_AV8478-REVISION__MTO_-08-08-2019.PDF","2112302511072_AV8478-REVISION__MTO_-08-08-2019.PDF","Revision (MTO)",NO,,,,,,,LO,161,LO-000161,false,,,,,,false,2023-11-14,,,,,,,,,,,,
WO,2706,WO-2706,,,-,,,,SPA-LE,1621,SPA-LE01621,"System Administrator",Cerrado,"2023-11-14 18:49:22","2023-11-15 12:15:46","2112312531687_LE1621-REVISION__MTO_-23-06-2020.PDF","2112312531687_LE1621-REVISION__MTO_-23-06-2020.PDF","Revision (MTO)",NO,,,,,,,LO,3454,LO-003454,false,,,,,,false,2023-11-14,,,,,,,,,,,,
WO,2943,WO-2943,,,-,,,,SPA-SE,1331,SPA-SE01331,"System Administrator",Cerrado,"2023-11-14 18:54:52","2023-11-15 12:18:19","2216295412646_REVISION_ANUAL_CT_SE1331_2021.PDF","2216295412646_REVISION_ANUAL_CT_SE1331_2021.PDF","Revision (MTO)",NO,,,,,,,LO,5966,LO-005966,false,,,,,,false,2023-11-14,,,,,,,,,,,,
WO,2173,WO-2173,,,-,,,,SPA-BU,4156,SPA-BU04156,"System Administrator",Cerrado,"2023-11-14 18:36:53","2023-11-15 12:07:10","2112302724791_BU4156-REVISION__MTO_-08-08-2019.PDF","2112302724791_BU4156-REVISION__MTO_-08-08-2019.PDF","Revision (MTO)",NO,,,,,,,LO,665,LO-000665,false,,,,,,false,2023-11-14,,,,,,,,,,,,
WO,3240,WO-3240,,,-,,,,SPA-SG,9202,SPA-SG09202,"System Administrator",Cerrado,"2023-11-14 19:01:36","2023-11-15 12:12:46",031040163369_SG9202.PDF,031040163369_SG9202.PDF,"Revision (MTO)",NO,,,,,,,LO,6068,LO-006068,false,,,,,,false,2023-11-14,,,,,,,,,,,,
WO,2337,WO-2337,,,-,,,,SPA-HX,9654,SPA-HX09654,"System Administrator",Cerrado,"2023-11-14 18:40:48","2023-11-15 12:22:56","21123045479_HX9654-REVISION__MTO_-12-03-2020.PDF","21123045479_HX9654-REVISION__MTO_-12-03-2020.PDF","Revision (MTO)",NO,,,,,,,LO,2969,LO-002969,false,,,,,,false,2023-11-14,,,,,,,,,,,,
WO,1899,WO-1899,,,-,,,,SPA-JX,7952,SPA-JX07952,"System Administrator",Cerrado,"2023-11-14 18:30:18","2023-11-15 12:07:02","2213134917888_OCA_LAT_JX7952_2021.PDF","2213134917888_OCA_LAT_JX7952_2021.PDF","Inspecciones (OCA)",NO,,,,,,11.11.2024,LO,3304,LO-003304,false,,,,,,false,2023-11-14,,,,,,,,,,,,
WO,4187,WO-4187,,,-,,,,SPA-HU,7128,SPA-HU07128,"System Administrator",Cerrado,"2024-01-18 17:38:20","2024-01-18 18:03:30","1015423326490_HU7128-REV_MTO_31-08-23.PDF","1015423326490_HU7128-REV_MTO_31-08-23.PDF","Revision (MTO)",NO,,,,,,31.08.2024,LO,2847,LO-002847,false,,,,,,false,2024-01-18,,,,,,,,,,,,
WO,3676,WO-3676,,,-,,,,SPA-BU,4255,SPA-BU04255,"System Administrator",Cerrado,"2023-11-14 19:11:42","2023-11-15 12:05:09",1608365032239_BU4255.PDF,1608365032239_BU4255.PDF,"Revision (MTO)",NO,,,,,,,LO,713,LO-000713,false,,,,,,false,2023-11-14,,,,,,,,,,,,
WO,3885,WO-3885,,,-,,,,SPA-LE,1734,SPA-LE01734,"System Administrator",Cerrado,"2024-01-18 17:30:59","2024-01-18 18:00:24","191021242044_LE1734-CON_DEFECTOS.PDF","191021242044_LE1734-CON_DEFECTOS.PDF","Revision (MTO)",NO,,,,,,,LO,3486,LO-003486,false,,,,,,false,2024-01-18,,,,,,,,,,,,
WO,3001,WO-3001,,,-,,,,SPA-MX,3505,SPA-MX03505,"System Administrator",Cerrado,"2023-11-14 18:56:12","2023-11-15 12:18:44",2110294515386_MX3505.PDF,2110294515386_MX3505.PDF,"Inspecciones (OCA)",NO,,,,,,21.10.2024,LO,4709,LO-004709,false,,,,,,false,2023-11-14,,,,,,,,,,,,
WO,4503,WO-4503,SAR,165,SAR-000165,SPA-BX,919,SPA-BX00919,,,,"DNO acceso OSP",Abierto,"2024-01-26 15:04:54","2024-01-26 15:24:38","SCV   442819    BX0919","REPLANTEO (TOMA DE DATOS Y FOTOS) SOLICITAMOS ACCESO A SALAS DE EQUIPOS ORANGE, TORRE Y ANTENAS",Auditoría,NO,,,,,,,,,-,false,,,,,,false,2024-01-26,,,,,,,,,,,,
WO,1984,WO-1984,,,-,,,,SPA-VX,29,SPA-VX00029,"System Administrator",Cerrado,"2023-11-14 18:32:20","2023-11-15 12:11:47","2711055225953_460_AT_0041_21-1__VX0029.PDF","2711055225953_460_AT_0041_21-1__VX0029.PDF","Inspecciones (OCA)",NO,,,,,,20.04.2024,LO,7221,LO-007221,false,,,,,,false,2023-11-14,,,,,,,,,,,,
WO,2513,WO-2513,,,-,,,,SPA-OR,9722,SPA-OR09722,"System Administrator",Cerrado,"2023-11-14 18:45:01","2023-11-15 12:04:56","211231062503_OR9722-INSPECCION__OCA_-07-08-2020.PDF","211231062503_OR9722-INSPECCION__OCA_-07-08-2020.PDF","Inspecciones (OCA)",NO,,,,,,07.08.2023,LO,5171,LO-005171,false,,,,,,false,2023-11-14,,,,,,,,,,,,
WO,2929,WO-2929,,,-,,,,SPA-OR,9830,SPA-OR09830,"System Administrator",Cerrado,"2023-11-14 18:54:33","2023-11-15 12:24:39","2009484318731_OR9830-DEFECTOS_CORREGIDOS.PDF","2009484318731_OR9830-DEFECTOS_CORREGIDOS.PDF","Revision (MTO)",NO,,,,,,,LO,5189,LO-005189,false,,,,,,false,2023-11-14,,,,,,,,,,,,
WO,2879,WO-2879,,,-,,,,SPA-AV,8725,SPA-AV08725,"System Administrator",Cerrado,"2023-11-14 18:53:24","2023-11-15 12:12:59",231326577099_AV8725.PDF,231326577099_AV8725.PDF,"Revision (MTO)",NO,,,,,,,LO,202,LO-000202,false,,,,,,false,2023-11-14,,,,,,,,,,,,
WO,3020,WO-3020,,,-,,,,SPA-SA,5620,SPA-SA05620,"System Administrator",Cerrado,"2023-11-14 18:56:40","2023-11-15 12:16:30",1810482811136_SA5620.PDF,1810482811136_SA5620.PDF,"Revision (MTO)",NO,,,,,,,LO,5694,LO-005694,false,,,,,,false,2023-11-14,,,,,,,,,,,,
WO,3071,WO-3071,,,-,,,,,,,"System Administrator",Cerrado,"2023-11-14 18:57:42","2023-11-15 12:22:18","0412043815724_SA5602-INSPECCION___OCA__-18092013.PDF","0412043815724_SA5602-INSPECCION___OCA__-18092013.PDF","Inspecciones (OCA)",NO,,,,,,,,,-,false,,,,,,false,2023-11-14,,,,,,,,,,,,
WO,4007,WO-4007,,,-,,,,SPA-LE,991,SPA-LE00991,"System Administrator",Cerrado,"2024-01-18 17:33:59","2024-01-18 18:01:40",180914525307_LE0991.PDF,180914525307_LE0991.PDF,"Revision (MTO)",NO,,,,,,07.10.2024,LO,3428,LO-003428,false,,,,,,false,2024-01-18,,,,,,,,,,,,
WO,3883,WO-3883,,,-,,,,SPA-LE,1743,SPA-LE01743,"System Administrator",Cerrado,"2024-01-18 17:30:56","2024-01-18 18:00:23",191019049717_LE1743.PDF,191019049717_LE1743.PDF,"Revision (MTO)",NO,,,,,,,LO,3489,LO-003489,false,,,,,,false,2024-01-18,,,,,,,,,,,,
WO,3985,WO-3985,,,-,,,,SPA-VX,74,SPA-VX00074,"System Administrator",Cerrado,"2024-01-18 17:33:27","2024-01-18 18:01:26","2517464129646_VX0074_INFORME_REVISION_CASTELLO_DE_RUGAT_2023.PDF","2517464129646_VX0074_INFORME_REVISION_CASTELLO_DE_RUGAT_2023.PDF","Revision (MTO)",NO,,,,,,03.05.2024,LO,7254,LO-007254,false,,,,,,false,2024-01-18,,,,,,,,,,,,
WO,2248,WO-2248,,,-,,,,SPA-SA,5914,SPA-SA05914,"System Administrator",Cerrado,"2023-11-14 18:38:40","2023-11-15 12:09:38","2112303728382_SA5914-REVISION__MTO_-20-09-2018.PDF","2112303728382_SA5914-REVISION__MTO_-20-09-2018.PDF","Revision (MTO)",NO,,,,,,,LO,5710,LO-005710,false,,,,,,false,2023-11-14,,,,,,,,,,,,
WO,3751,WO-3751,,,-,,,,SPA-CS,170,SPA-CS00170,"System Administrator",Cerrado,"2023-11-14 19:13:30","2023-11-15 12:06:50","0317084932001_CS0170_IMFORME_REVISION_CASTELLON_COSCOLLOSA_2022.PDF","0317084932001_CS0170_IMFORME_REVISION_CASTELLON_COSCOLLOSA_2022.PDF","Revision (MTO)",NO,,,,,,,LO,1909,LO-001909,false,,,,,,false,2023-11-14,,,,,,,,,,,,
WO,4320,WO-4320,,,-,,,,SPA-MA,2636,SPA-MA02636,"System Administrator",Cerrado,"2024-01-18 17:41:20","2024-01-18 18:04:51","17082717897_01370305__ORANGE_ESPAGNE__SA_MA2636_CT_PERIO_DESFAV__1.PDF","17082717897_01370305__ORANGE_ESPAGNE__SA_MA2636_CT_PERIO_DESFAV__1.PDF","Inspecciones (OCA)",NO,,,,,,,LO,3864,LO-003864,false,,,,,,false,2024-01-18,,,,,,,,,,,,
WO,3094,WO-3094,,,-,,,,SPA-CU,8542,SPA-CU08542,"System Administrator",Cerrado,"2023-11-14 18:58:11","2023-11-15 12:07:54",0915473819255_CU8542.PDF,0915473819255_CU8542.PDF,"Inspecciones (OCA)",NO,,,,,,29.07.2024,LO,2042,LO-002042,false,,,,,,false,2023-11-14,,,,,,,,,,,,
WO,3328,WO-3328,,,-,,,,SPA-MA,2854,SPA-MA02854,"System Administrator",Cerrado,"2023-11-14 19:03:39","2023-11-15 12:15:50","110940098018_OCA_LAT_MA2854_2022.PDF","110940098018_OCA_LAT_MA2854_2022.PDF","Inspecciones (OCA)",NO,,,,,,18.03.2025,LO,3910,LO-003910,false,,,,,,false,2023-11-14,,,,,,,,,,,,
WO,3535,WO-3535,,,-,,,,,,,"System Administrator",Cerrado,"2023-11-14 19:08:24","2023-11-15 12:10:05",0810185611898_OR9301.PDF,0810185611898_OR9301.PDF,"Revision (MTO)",NO,,,,,,,,,-,false,,,,,,false,2023-11-14,,,,,,,,,,,,
WO,2767,WO-2767,,,-,,,,SPA-SO,9803,SPA-SO09803,"System Administrator",Cerrado,"2023-11-14 18:50:45","2023-11-15 12:23:27","2112342525367_SO9803-INSPECCION__OCA_-17-08-2020.PDF","2112342525367_SO9803-INSPECCION__OCA_-17-08-2020.PDF","Inspecciones (OCA)",NO,,,,,,17.08.2023,LO,6135,LO-006135,false,,,,,,false,2023-11-14,,,,,,,,,,,,
WO,3547,WO-3547,,,-,,,,SPA-MX,231,SPA-MX00231,"System Administrator",Cerrado,"2023-11-14 19:08:40","2023-11-15 12:05:18",081557427895_MX0231.PDF,081557427895_MX0231.PDF,"Revision (MTO)",NO,,,,,,,LO,4304,LO-004304,false,,,,,,false,2023-11-14,,,,,,,,,,,,
WO,3115,WO-3115,,,-,,,,,,,"System Administrator",Cerrado,"2023-11-14 18:58:40","2023-11-15 12:11:13",1110315222011_CR3425.PDF,1110315222011_CR3425.PDF,"Inspecciones (OCA)",NO,,,,,,28.07.2024,,,-,false,,,,,,false,2023-11-14,,,,,,,,,,,,
WO,2544,WO-2544,,,-,,,,SPA-LU,8182,SPA-LU08182,"System Administrator",Cerrado,"2023-11-14 18:45:42","2023-11-15 12:18:30","211231124712_LU8182-REVISION__MTO_-22-04-2020.PDF","211231124712_LU8182-REVISION__MTO_-22-04-2020.PDF","Revision (MTO)",NO,,,,,,,LO,3658,LO-003658,false,,,,,,false,2023-11-14,,,,,,,,,,,,
WO,2868,WO-2868,,,-,,,,SPA-LO,504,SPA-LO00504,"System Administrator",Cerrado,"2023-11-14 18:53:09","2023-11-15 12:15:00",0410093518237_LO0504.PDF,0410093518237_LO0504.PDF,"Revision (MTO)",NO,,,,,,,LO,3537,LO-003537,false,,,,,,false,2023-11-14,,,,,,,,,,,,
WO,3683,WO-3683,,,-,,,,SPA-BU,4154,SPA-BU04154,"System Administrator",Cerrado,"2023-11-14 19:11:53","2023-11-15 12:18:25","1608453326701_BU4154-CON_DEFECTOS.PDF","1608453326701_BU4154-CON_DEFECTOS.PDF","Revision (MTO)",NO,,,,,,,LO,663,LO-000663,false,,,,,,false,2023-11-14,,,,,,,,,,,,
WO,2837,WO-2837,,,-,,,,SPA-SS,5721,SPA-SS05721,"System Administrator",Cerrado,"2023-11-14 18:52:25","2023-11-15 12:05:03",0915172118817_SS5721.PDF,0915172118817_SS5721.PDF,"Revision (MTO)",NO,,,,,,,LO,6256,LO-006256,false,,,,,,false,2023-11-14,,,,,,,,,,,,
WO,4175,WO-4175,,,-,,,,SPA-PO,6637,SPA-PO06637,"System Administrator",Cerrado,"2024-01-18 17:38:03","2024-01-18 18:03:23",0515085126672_PO6637.PDF,0515085126672_PO6637.PDF,"Revision (MTO)",NO,,,,,,29.11.2024,LO,5604,LO-005604,false,,,,,,false,2024-01-18,,,,,,,,,,,,
WO,3872,WO-3872,,,-,,,,SPA-BU,4229,SPA-BU04229,"System Administrator",Cerrado,"2024-01-18 17:30:40","2024-01-18 18:00:16","2013053628717_PARTE_INCIDENCIA.PDF","2013053628717_PARTE_INCIDENCIA.PDF","Revision (MTO)",NO,,,,,,,LO,699,LO-000699,false,,,,,,false,2024-01-18,,,,,,,,,,,,
WO,4491,WO-4491,SAR,151,SAR-000151,SPA-IB,217,SPA-IB00217,,,,"Patricia  Valero palacios",Abierto,"2024-01-26 13:31:07","2024-01-26 14:24:50","CAMBIAR UN AA","CAMBIAR UN AA",Obsolescencia,NO,,,,,,,,,-,false,,,,,,false,2024-01-26,,,,,,,,,,,,
WO,3203,WO-3203,,,-,,,,SPA-SE,309,SPA-SE00309,"System Administrator",Cerrado,"2023-11-14 19:00:45","2023-11-15 12:09:08","0314025932674_SE0309-INSPECCION__OCA_-17-10-2022.PDF","0314025932674_SE0309-INSPECCION__OCA_-17-10-2022.PDF","Inspecciones (OCA)",NO,,,,,,17.10.2025,LO,5828,LO-005828,false,,,,,,false,2023-11-14,,,,,,,,,,,,
WO,2958,WO-2958,,,-,,,,SPA-HX,9611,SPA-HX09611,"System Administrator",Cerrado,"2023-11-14 18:55:14","2023-11-15 12:19:57","221353225359_REVISION_ANUAL_CT_HX9611_2021.PDF","221353225359_REVISION_ANUAL_CT_HX9611_2021.PDF","Revision (MTO)",NO,,,,,,,LO,2952,LO-002952,false,,,,,,false,2023-11-14,,,,,,,,,,,,
WO,3316,WO-3316,,,-,,,,SPA-MA,2638,SPA-MA02638,"System Administrator",Cerrado,"2023-11-14 19:03:22","2023-11-15 12:22:58","08134343686_OCA_CT_MA2638_2022.PDF","08134343686_OCA_CT_MA2638_2022.PDF","Inspecciones (OCA)",NO,,,,,,09.03.2025,LO,3866,LO-003866,false,,,,,,false,2023-11-14,,,,,,,,,,,,
WO,1969,WO-1969,,,-,,,,SPA-CS,129,SPA-CS00129,"System Administrator",Cerrado,"2023-11-14 18:31:56","2023-11-15 12:24:18","2711500522567_460_AT_0057_21-1__CS0129.PDF","2711500522567_460_AT_0057_21-1__CS0129.PDF","Inspecciones (OCA)",NO,,,,,,22.04.2024,LO,1896,LO-001896,false,,,,,,false,2023-11-14,,,,,,,,,,,,
WO,2974,WO-2974,,,-,,,,SPA-VI,8734,SPA-VI08734,"System Administrator",Cerrado,"2023-11-14 18:55:36","2023-11-15 12:08:47",0810534528042_VI8734.PDF,0810534528042_VI8734.PDF,"Inspecciones (OCA)",NO,,,,,,15.06.2024,LO,7177,LO-007177,false,,,,,,false,2023-11-14,,,,,,,,,,,,
WO,2286,WO-2286,,,-,,,,SPA-LE,1713,SPA-LE01713,"System Administrator",Cerrado,"2023-11-14 18:39:34","2023-11-15 12:11:51","2112304119410_LE1713-REVISION__MTO_-10-06-2019.PDF","2112304119410_LE1713-REVISION__MTO_-10-06-2019.PDF","Revision (MTO)",NO,,,,,,,LO,3470,LO-003470,false,,,,,,false,2023-11-14,,,,,,,,,,,,
WO,2775,WO-2775,,,-,,,,SPA-VA,2147,SPA-VA02147,"System Administrator",Cerrado,"2023-11-14 18:50:56","2023-11-15 12:23:53","2112342626115_VA2147-INSPECCION__OCA_-03-10-2020.PDF","2112342626115_VA2147-INSPECCION__OCA_-03-10-2020.PDF","Inspecciones (OCA)",NO,,,,,,03.10.2023,LO,7013,LO-007013,false,,,,,,false,2023-11-14,,,,,,,,,,,,
WO,2255,WO-2255,,,-,,,,SPA-SA,5750,SPA-SA05750,"System Administrator",Cerrado,"2023-11-14 18:38:49","2023-11-15 12:05:59","2112303718028_SA5750-REVISION__MTO_-20-09-2018.XLS","2112303718028_SA5750-REVISION__MTO_-20-09-2018.XLS","Revision (MTO)",NO,,,,,,,LO,5706,LO-005706,false,,,,,,false,2023-11-14,,,,,,,,,,,,
WO,3486,WO-3486,,,-,,,,SPA-TO,411,SPA-TO00411,"System Administrator",Cerrado,"2023-11-14 19:07:16","2023-11-15 12:12:34","1812425012360_CERT_AT-TO-012_22_TOTEM_TO0411_MADRILEJOS_CT.PDF","1812425012360_CERT_AT-TO-012_22_TOTEM_TO0411_MADRILEJOS_CT.PDF","Inspecciones (OCA)",NO,,,,,,07.06.2025,LO,6717,LO-006717,false,,,,,,false,2023-11-14,,,,,,,,,,,,
WO,2256,WO-2256,,,-,,,,SPA-SA,5736,SPA-SA05736,"System Administrator",Cerrado,"2023-11-14 18:38:51","2023-11-15 12:14:48","2112303720577_SA5736-REVISION__MTO_-20-09-2018.PDF","2112303720577_SA5736-REVISION__MTO_-20-09-2018.PDF","Revision (MTO)",NO,,,,,,,LO,5705,LO-005705,false,,,,,,false,2023-11-14,,,,,,,,,,,,
WO,4392,WO-4392,,,-,,,,SPA-TO,2123,SPA-TO02123,"System Administrator",Cerrado,"2024-01-18 17:42:57","2024-01-18 18:05:34","1908512619180_CERT_AT-TO-010-2_22_TOTEM_TO2123_LA_GUARDIA_CT.PDF","1908512619180_CERT_AT-TO-010-2_22_TOTEM_TO2123_LA_GUARDIA_CT.PDF","Inspecciones (OCA)",NO,,,,,,,LO,6786,LO-006786,false,,,,,,false,2024-01-18,,,,,,,,,,,,
WO,4117,WO-4117,,,-,,,,SPA-BU,4295,SPA-BU04295,"System Administrator",Cerrado,"2024-01-18 17:36:39","2024-01-18 18:02:47",1708234021853_BU4295.PDF,1708234021853_BU4295.PDF,"Revision (MTO)",NO,,,,,,24.10.2024,LO,728,LO-000728,false,,,,,,false,2024-01-18,,,,,,,,,,,,
WO,2470,WO-2470,,,-,,,,SPA-AB,6326,SPA-AB06326,"System Administrator",Cerrado,"2023-11-14 18:44:01","2023-11-15 12:05:54","2112305929065_AB6326-REVISION__MTO_-28-04-2020.DOC","2112305929065_AB6326-REVISION__MTO_-28-04-2020.DOC","Revision (MTO)",NO,,,,,,,LO,68,LO-000068,false,,,,,,false,2023-11-14,,,,,,,,,,,,
WO,2357,WO-2357,,,-,,,,SPA-TO,14,SPA-TO00014,"System Administrator",Cerrado,"2023-11-14 18:41:16","2023-11-15 12:08:00","2112304731913_TO0014-REVISION__MTO_-04-02-2019.PDF","2112304731913_TO0014-REVISION__MTO_-04-02-2019.PDF","Revision (MTO)",NO,,,,,,,LO,6635,LO-006635,false,,,,,,false,2023-11-14,,,,,,,,,,,,
WO,4408,WO-4408,,,-,,,,,,,"Raul Granado escudero",Abierto,"2024-01-22 12:23:24","2024-01-22 12:59:51","Instalación de PCR","Instalación de PCR",Normal,NO,,,,,,,,,-,false,,,,,,false,2024-01-22,,,,,,,,,,,,
WO,2025,WO-2025,,,-,,,,SPA-SA,5806,SPA-SA05806,"System Administrator",Cerrado,"2023-11-14 18:33:19","2023-11-15 12:09:01","2112300225058_SA5806-INSPECCION__OCA_-13-11-2019.PDF","2112300225058_SA5806-INSPECCION__OCA_-13-11-2019.PDF","Inspecciones (OCA)",NO,,,,,,13.11.2022,LO,5707,LO-005707,false,,,,,,false,2023-11-14,,,,,,,,,,,,
WO,3491,WO-3491,,,-,,,,SPA-TO,503,SPA-TO00503,"System Administrator",Cerrado,"2023-11-14 19:07:23","2023-11-15 12:24:38","1812482031350_TO0503-REV__MTO_20-06-2022.PDF","1812482031350_TO0503-REV__MTO_20-06-2022.PDF","Revision (MTO)",NO,,,,,,,LO,6719,LO-006719,false,,,,,,false,2023-11-14,,,,,,,,,,,,
WO,4420,WO-4420,,,-,,,,,,,"Raul Rueda hernandez",Abierto,"2024-01-23 08:39:20","2024-01-23 08:39:38","REVISION DE EXTINTOR","REVISION DE EXTINTOR",Normal,NO,,,,,,,,,-,false,,,,,,false,2024-01-23,,,,,,,,,,,,
WO,4505,WO-4505,SAR,167,SAR-000167,SPA-CX,3801,SPA-CX03801,,,,"DNO acceso OSP",Abierto,"2024-01-26 15:42:35","2024-01-26 15:56:48","442829     CX3801","INSTALACION RADIOENLACE",Auditoría,NO,,,,,,,,,-,false,,,,,,false,2024-01-26,,,,,,,,,,,,
WO,1985,WO-1985,,,-,,,,SPA-MU,306,SPA-MU00306,"System Administrator",Cerrado,"2023-11-14 18:32:22","2023-11-15 12:14:02","271101581194_300_AT_0003_21-1__MU0306.PDF","271101581194_300_AT_0003_21-1__MU0306.PDF","Inspecciones (OCA)",NO,,,,,,15.04.2024,LO,4110,LO-004110,false,,,,,,false,2023-11-14,,,,,,,,,,,,
WO,2875,WO-2875,,,-,,,,SPA-AV,8929,SPA-AV08929,"System Administrator",Cerrado,"2023-11-14 18:53:18","2023-11-15 12:23:43",2313312613919_AV8929.PDF,2313312613919_AV8929.PDF,"Revision (MTO)",NO,,,,,,,LO,217,LO-000217,false,,,,,,false,2023-11-14,,,,,,,,,,,,
WO,4018,WO-4018,,,-,,,,SPA-SG,9545,SPA-SG09545,"System Administrator",Cerrado,"2024-01-18 17:34:15","2024-01-18 18:01:47",2712390926220_SG9154.PDF,2712390926220_SG9154.PDF,"Revision (MTO)",NO,,,,,,07.10.2024,LO,6087,LO-006087,false,,,,,,false,2024-01-18,,,,,,,,,,,,
WO,3575,WO-3575,,,-,,,,SPA-CU,8401,SPA-CU08401,"System Administrator",Cerrado,"2023-11-14 19:09:19","2023-11-15 12:06:45","0311494724919_CU8401-REV__MTO_09-09-2022.PDF","0311494724919_CU8401-REV__MTO_09-09-2022.PDF","Revision (MTO)",NO,,,,,,,LO,1991,LO-001991,false,,,,,,false,2023-11-14,,,,,,,,,,,,
WO,2769,WO-2769,,,-,,,,SPA-VA,2217,SPA-VA02217,"System Administrator",Cerrado,"2023-11-14 18:50:48","2023-11-15 12:11:23","211234253687_VA2217-INSPECCION__OCA_-26-10-2020.PDF","211234253687_VA2217-INSPECCION__OCA_-26-10-2020.PDF","Inspecciones (OCA)",NO,,,,,,26.10.2023,LO,7060,LO-007060,false,,,,,,false,2023-11-14,,,,,,,,,,,,
WO,2942,WO-2942,,,-,,,,SPA-SE,2063,SPA-SE02063,"System Administrator",Cerrado,"2023-11-14 18:54:51","2023-11-15 12:22:11","221632178819_REVISION_ANUAL_CT_SE2063_2021.PDF","221632178819_REVISION_ANUAL_CT_SE2063_2021.PDF","Revision (MTO)",NO,,,,,,,LO,5990,LO-005990,false,,,,,,false,2023-11-14,,,,,,,,,,,,
WO,4025,WO-4025,,,-,,,,SPA-ZA,6972,SPA-ZA06972,"System Administrator",Cerrado,"2024-01-18 17:34:25","2024-01-18 18:01:51",160852111667_ZA6972.PDF,160852111667_ZA6972.PDF,"Revision (MTO)",NO,,,,,,10.10.2024,LO,7648,LO-007648,false,,,,,,false,2024-01-18,,,,,,,,,,,,
WO,4006,WO-4006,,,-,,,,SPA-LE,1676,SPA-LE01676,"System Administrator",Cerrado,"2024-01-18 17:33:58","2024-01-18 18:01:39",1809125016619_LE1676.PDF,1809125016619_LE1676.PDF,"Revision (MTO)",NO,,,,,,07.10.2024,LO,3463,LO-003463,false,,,,,,false,2024-01-18,,,,,,,,,,,,
WO,4448,WO-4448,SAR,84,SAR-000084,SPA-IB,68,SPA-IB00068,,,,"Patricia  Valero palacios",Abierto,"2024-01-24 14:41:28","2024-01-24 14:41:28","Configurar AA  por alarma","Configurar AA  por alarma",Normal,NO,,,,,,,,,-,false,,,,,,false,2024-01-24,,,,,,,,,,,,
WO,2669,WO-2669,,,-,,,,SPA-BU,4225,SPA-BU04225,"System Administrator",Cerrado,"2023-11-14 18:48:32","2023-11-15 12:10:52","2112312232729_BU4225-INSPECCION__OCA_-13-10-2020.PDF","2112312232729_BU4225-INSPECCION__OCA_-13-10-2020.PDF","Inspecciones (OCA)",NO,,,,,,13.10.2023,LO,696,LO-000696,false,,,,,,false,2023-11-14,,,,,,,,,,,,
WO,4104,WO-4104,,,-,,,,SPA-LU,8042,SPA-LU08042,"System Administrator",Cerrado,"2024-01-18 17:36:20","2024-01-18 18:02:40",0408150817312_LU8042.PDF,0408150817312_LU8042.PDF,"Revision (MTO)",NO,,,,,,23.12.2024,LO,3634,LO-003634,false,,,,,,false,2024-01-18,,,,,,,,,,,,
WO,4471,WO-4471,SAR,123,SAR-000123,SPA-BX,557,SPA-BX00557,,,,"Neus Crespo barbera",Abierto,"2024-01-26 09:35:36","2024-01-26 09:35:36","Trabajos preventivos","Trabajos preventivos","Inspección Preventiva",NO,,,,,,,,,-,false,,,,,,false,2024-01-26,,,,,,,,,,,,
WO,3651,WO-3651,,,-,,,,SPA-BU,4135,SPA-BU04135,"System Administrator",Cerrado,"2023-11-14 19:11:04","2023-11-15 12:07:12","1514101417944_BU4135-_CON_DEFECTOS.PDF","1514101417944_BU4135-_CON_DEFECTOS.PDF","Revision (MTO)",NO,,,,,,,LO,649,LO-000649,false,,,,,,false,2023-11-14,,,,,,,,,,,,
WO,3629,WO-3629,,,-,,,,SPA-GU,49,SPA-GU00049,"System Administrator",Cerrado,"2023-11-14 19:10:33","2023-11-15 12:12:25","1211422612962_GU0049_22.PDF","1211422612962_GU0049_22.PDF","Revision (MTO)",NO,,,,,,,LO,2743,LO-002743,false,,,,,,false,2023-11-14,,,,,,,,,,,,
WO,3687,WO-3687,,,-,,,,SPA-ZX,1024,SPA-ZX01024,"System Administrator",Cerrado,"2023-11-14 19:11:59","2023-11-15 12:13:08","2208355223397_ZX0913_-_REV_MTO_19-07-2022.PDF","2208355223397_ZX0913_-_REV_MTO_19-07-2022.PDF","Revision (MTO)",NO,,,,,,,LO,7816,LO-007816,false,,,,,,false,2023-11-14,,,,,,,,,,,,
WO,3561,WO-3561,,,-,,,,SPA-SO,9888,SPA-SO09888,"System Administrator",Cerrado,"2023-11-14 19:09:00","2023-11-15 12:18:18","2413471632263_SO9888-CON_DEFECTOS.PDF","2413471632263_SO9888-CON_DEFECTOS.PDF","Revision (MTO)",NO,,,,,,,LO,6163,LO-006163,false,,,,,,false,2023-11-14,,,,,,,,,,,,
WO,2422,WO-2422,,,-,,,,SPA-GU,9201,SPA-GU09201,"System Administrator",Cerrado,"2023-11-14 18:42:49","2023-11-15 12:06:24","2112305219864_GU9201-REVISION__MTO_-06-03-2019.PDF","2112305219864_GU9201-REVISION__MTO_-06-03-2019.PDF","Revision (MTO)",NO,,,,,,,LO,2804,LO-002804,false,,,,,,false,2023-11-14,,,,,,,,,,,,
WO,2504,WO-2504,,,-,,,,SPA-VX,44,SPA-VX00044,"System Administrator",Cerrado,"2023-11-14 18:44:49","2023-11-15 12:08:23","211231055427_VX0044-REVISION__MTO_-17-06-2020.DOC","211231055427_VX0044-REVISION__MTO_-17-06-2020.DOC","Revision (MTO)",NO,,,,,,,LO,7232,LO-007232,false,,,,,,false,2023-11-14,,,,,,,,,,,,
WO,1912,WO-1912,,,-,,,,SPA-AL,8920,SPA-AL08920,"System Administrator",Cerrado,"2023-11-14 18:30:37","2023-11-15 12:19:18","2212412615166_OCA_CT_AL8920_2021.PDF","2212412615166_OCA_CT_AL8920_2021.PDF","Inspecciones (OCA)",NO,,,,,,10.11.2024,LO,115,LO-000115,false,,,,,,false,2023-11-14,,,,,,,,,,,,
WO,3443,WO-3443,,,-,,,,SPA-TO,213,SPA-TO00213,"System Administrator",Cerrado,"2023-11-14 19:06:17","2023-11-15 12:04:58","071015251469_TO0213-TOTEM.PDF","071015251469_TO0213-TOTEM.PDF","Revision (MTO)",NO,,,,,,,LO,6700,LO-006700,false,,,,,,false,2023-11-14,,,,,,,,,,,,
WO,4020,WO-4020,,,-,,,,SPA-TO,2123,SPA-TO02123,"System Administrator",Cerrado,"2024-01-18 17:34:17","2024-01-18 18:01:48","3007220824167_TO2123-REV_MTO_11_07_23.PDF","3007220824167_TO2123-REV_MTO_11_07_23.PDF","Revision (MTO)",NO,,,,,,07.11.2024,LO,6786,LO-006786,false,,,,,,false,2024-01-18,,,,,,,,,,,,
WO,3042,WO-3042,,,-,,,,,,,"System Administrator",Cerrado,"2023-11-14 18:57:09","2023-11-15 12:05:21","041204409894_MX-3107-REVISION__MTO_-08102015.PDF","041204409894_MX-3107-REVISION__MTO_-08102015.PDF","Revision (MTO)",NO,,,,,,,,,-,false,,,,,,false,2023-11-14,,,,,,,,,,,,
WO,3753,WO-3753,,,-,,,,SPA-MU,290,SPA-MU00290,"System Administrator",Cerrado,"2023-11-14 19:13:33","2023-11-15 12:23:49","031712131277_MU0290_INFORME_REVISION_SUCINA_2022.PDF","031712131277_MU0290_INFORME_REVISION_SUCINA_2022.PDF","Revision (MTO)",NO,,,,,,,LO,4105,LO-004105,false,,,,,,false,2023-11-14,,,,,,,,,,,,
WO,2182,WO-2182,,,-,,,,SPA-BU,4122,SPA-BU04122,"System Administrator",Cerrado,"2023-11-14 18:37:06","2023-11-15 12:22:45","2112302826253_BU4122-REVISION__MTO_-08-08-2019.PDF","2112302826253_BU4122-REVISION__MTO_-08-08-2019.PDF","Revision (MTO)",NO,,,,,,,LO,641,LO-000641,false,,,,,,false,2023-11-14,,,,,,,,,,,,
WO,2428,WO-2428,,,-,,,,SPA-GU,9169,SPA-GU09169,"System Administrator",Cerrado,"2023-11-14 18:42:57","2023-11-15 12:13:10","2112305226610_GU9169-REVISION__MTO_-06-03-2019.PDF","2112305226610_GU9169-REVISION__MTO_-06-03-2019.PDF","Revision (MTO)",NO,,,,,,,LO,2790,LO-002790,false,,,,,,false,2023-11-14,,,,,,,,,,,,
WO,4221,WO-4221,,,-,,,,SPA-SE,309,SPA-SE00309,"System Administrator",Cerrado,"2024-01-18 17:39:06","2024-01-18 18:03:51","1815555116008_SE0309-INSPECCION__OCA_-17-10-2022___CT_FAVORABLE.PDF","1815555116008_SE0309-INSPECCION__OCA_-17-10-2022___CT_FAVORABLE.PDF","Inspecciones (OCA)",NO,,,,,,,LO,5828,LO-005828,false,,,,,,false,2024-01-18,,,,,,,,,,,,
WO,3838,WO-3838,,,-,,,,SPA-HX,408,SPA-HX00408,"System Administrator",Cerrado,"2024-01-18 17:29:49","2024-01-18 17:59:54","1108484632430_HX0408-REVISION__MTO_-01-08-2023.PDF","1108484632430_HX0408-REVISION__MTO_-01-08-2023.PDF","Revision (MTO)",NO,,,,,,,LO,2906,LO-002906,false,,,,,,false,2024-01-18,,,,,,,,,,,,
WO,4577,WO-4577,SAR,234,SAR-000234,SPA-MX,4029,SPA-MX04029,,,,"DNO acceso OSP",Abierto,"2024-01-29 13:35:33","2024-01-29 13:38:28","444335  MX4029","ESTACION CAIDA, REVISION DE EQUIPOS DE ORANGE",Urgente,NO,,,,,,,,,-,false,,,,,,false,2024-01-29,,,,,,,,,,,,
WO,2244,WO-2244,,,-,,,,SPA-MX,3041,SPA-MX03041,"System Administrator",Cerrado,"2023-11-14 18:38:34","2023-11-15 12:19:54","2112303621963_MX3041-INCIDENCIA-16-04-2020.PDF","2112303621963_MX3041-INCIDENCIA-16-04-2020.PDF","Revision (MTO)",NO,,,,,,,LO,4683,LO-004683,false,,,,,,false,2023-11-14,,,,,,,,,,,,
WO,2140,WO-2140,,,-,,,,SPA-AV,8476,SPA-AV08476,"System Administrator",Cerrado,"2023-11-14 18:36:07","2023-11-15 12:09:43","2112302523400_AV8476-REVISION__MTO_-08-08-2019.PDF","2112302523400_AV8476-REVISION__MTO_-08-08-2019.PDF","Revision (MTO)",NO,,,,,,,LO,159,LO-000159,false,,,,,,false,2023-11-14,,,,,,,,,,,,
WO,3388,WO-3388,,,-,,,,SPA-LE,1501,SPA-LE01501,"System Administrator",Cerrado,"2023-11-14 19:05:01","2023-11-15 12:10:46","200811371273_PARTE_INCIDENCIA.PDF","200811371273_PARTE_INCIDENCIA.PDF","Revision (MTO)",NO,,,,,,,LO,3437,LO-003437,false,,,,,,false,2023-11-14,,,,,,,,,,,,
WO,3567,WO-3567,,,-,,,,SPA-AL,9901,SPA-AL09901,"System Administrator",Cerrado,"2023-11-14 19:09:09","2023-11-15 12:07:26","251141076295_AL9901-REVISION__MTO_-23-08-2022.PDF","251141076295_AL9901-REVISION__MTO_-23-08-2022.PDF","Revision (MTO)",NO,,,,,,,LO,134,LO-000134,false,,,,,,false,2023-11-14,,,,,,,,,,,,
WO,4362,WO-4362,,,-,,,,SPA-HX,9477,SPA-HX09477,"System Administrator",Cerrado,"2024-01-18 17:42:16","2024-01-18 18:05:16","3014583124513_HX9803-INSPECCION__OCA_-20-10-2022_CT.PDF","3014583124513_HX9803-INSPECCION__OCA_-20-10-2022_CT.PDF","Inspecciones (OCA)",NO,,,,,,,LO,2932,LO-002932,false,,,,,,false,2024-01-18,,,,,,,,,,,,
WO,4360,WO-4360,,,-,,,,SPA-ZX,913,SPA-ZX00913,"System Administrator",Cerrado,"2024-01-18 17:42:13","2024-01-18 18:05:15","2008231829770_ZX0913_-_AT-Z-018-22_-_ZARAGOZA_-_OCA.PDF","2008231829770_ZX0913_-_AT-Z-018-22_-_ZARAGOZA_-_OCA.PDF","Inspecciones (OCA)",NO,,,,,,,LO,7805,LO-007805,false,,,,,,false,2024-01-18,,,,,,,,,,,,
WO,2854,WO-2854,,,-,,,,SPA-CS,96,SPA-CS00096,"System Administrator",Cerrado,"2023-11-14 18:52:49","2023-11-15 12:19:50","131937307627_CS0096_INFORME_REVISION_LA_POBLA_TORNESA_2021.PDF","131937307627_CS0096_INFORME_REVISION_LA_POBLA_TORNESA_2021.PDF","Revision (MTO)",NO,,,,,,,LO,1888,LO-001888,false,,,,,,false,2023-11-14,,,,,,,,,,,,
WO,3955,WO-3955,,,-,,,,SPA-GU,9161,SPA-GU09161,"System Administrator",Cerrado,"2024-01-18 17:32:43","2024-01-18 18:01:07","1911092623552_GU9161-REV_MTO_28-03-2023.PDF","1911092623552_GU9161-REV_MTO_28-03-2023.PDF","Revision (MTO)",NO,,,,,,,LO,2786,LO-002786,false,,,,,,false,2024-01-18,,,,,,,,,,,,
WO,4510,WO-4510,SAR,173,SAR-000173,SPA-BX,6016,SPA-BX06016,,,,"Ismael Revestido Plaza",Abierto,"2024-01-26 16:50:44","2024-01-26 16:50:44",BX6016,"servicio afectado",Urgente,NO,"2024-01-26 18:00:00","2024-01-27 18:00:46",,,,,,,-,false,,,,,,false,2024-01-26,,,,,,,,,,,,
WO,3605,WO-3605,,,-,,,,SPA-JX,7952,SPA-JX07952,"System Administrator",Cerrado,"2023-11-14 19:10:00","2023-11-15 12:04:47","120944291503_JX7952-REVISION__MTO_-27-08-2022.PDF","120944291503_JX7952-REVISION__MTO_-27-08-2022.PDF","Revision (MTO)",NO,,,,,,,LO,3304,LO-003304,false,,,,,,false,2023-11-14,,,,,,,,,,,,
WO,4578,WO-4578,SAR,237,SAR-000237,SPA-TX,7747,SPA-TX07747,,,,"Jennifer Montiel fernandez",Abierto,"2024-01-29 13:35:58","2024-01-29 13:43:02",REPLANTEO,"Visita / replanteo toma de datos","Inspección Preventiva",NO,,,,,,,,,-,false,,,,,,false,2024-01-29,,,,,,,,,,,,
WO,2333,WO-2333,,,-,,,,SPA-MX,2051,SPA-MX02051,"System Administrator",Cerrado,"2023-11-14 18:40:42","2023-11-15 12:20:35","2112304424271_MX2051-REVISION__MTO_-04-02-2019.PDF","2112304424271_MX2051-REVISION__MTO_-04-02-2019.PDF","Revision (MTO)",NO,,,,,,,LO,4612,LO-004612,false,,,,,,false,2023-11-14,,,,,,,,,,,,
WO,2386,WO-2386,,,-,,,,SPA-CR,3301,SPA-CR03301,"System Administrator",Cerrado,"2023-11-14 18:41:57","2023-11-15 12:06:58","211230507240_CR3301-REVISION__MTO_-11-02-2019.PDF","211230507240_CR3301-REVISION__MTO_-11-02-2019.PDF","Revision (MTO)",NO,,,,,,,LO,1783,LO-001783,false,,,,,,false,2023-11-14,,,,,,,,,,,,
WO,3541,WO-3541,,,-,,,,SPA-PO,6057,SPA-PO06057,"System Administrator",Cerrado,"2023-11-14 19:08:32","2023-11-15 12:19:13",081328262688_PO6057.PDF,081328262688_PO6057.PDF,"Revision (MTO)",NO,,,,,,,LO,5514,LO-005514,false,,,,,,false,2023-11-14,,,,,,,,,,,,
WO,2438,WO-2438,,,-,,,,SPA-GU,9134,SPA-GU09134,"System Administrator",Cerrado,"2023-11-14 18:43:12","2023-11-15 12:10:22","2112305320274_GU9134-REVISION__MTO_-06-03-2019.PDF","2112305320274_GU9134-REVISION__MTO_-06-03-2019.PDF","Revision (MTO)",NO,,,,,,,LO,2769,LO-002769,false,,,,,,false,2023-11-14,,,,,,,,,,,,
WO,2082,WO-2082,,,-,,,,SPA-ZX,561,SPA-ZX00561,"System Administrator",Cerrado,"2023-11-14 18:34:40","2023-11-15 12:24:35","211230095716_ZX0561-INSPECCION__OCA_-18-06-2019.PDF","211230095716_ZX0561-INSPECCION__OCA_-18-06-2019.PDF","Inspecciones (OCA)",NO,,,,,,18.06.2022,LO,7788,LO-007788,false,,,,,,false,2023-11-14,,,,,,,,,,,,
WO,2214,WO-2214,,,-,,,,SPA-SG,9301,SPA-SG09301,"System Administrator",Cerrado,"2023-11-14 18:37:52","2023-11-15 12:20:27","211230338563_SG9301-REVISION__MTO_-08-08-2019.PDF","211230338563_SG9301-REVISION__MTO_-08-08-2019.PDF","Revision (MTO)",NO,,,,,,,LO,6072,LO-006072,false,,,,,,false,2023-11-14,,,,,,,,,,,,
WO,1993,WO-1993,,,-,,,,SPA-SA,6411,SPA-SA06411,"System Administrator",Cerrado,"2023-11-14 18:32:34","2023-11-15 12:12:22","2112300114196_SA6411-INSPECCION__OCA_-11-11-2019.PDF","2112300114196_SA6411-INSPECCION__OCA_-11-11-2019.PDF","Inspecciones (OCA)",NO,,,,,,11.11.2022,LO,5715,LO-005715,false,,,,,,false,2023-11-14,,,,,,,,,,,,
WO,2665,WO-2665,,,-,,,,SPA-BU,4230,SPA-BU04230,"System Administrator",Cerrado,"2023-11-14 18:48:26","2023-11-15 12:13:18","21123121532_BU4230-INSPECCION__OCA_-13-10-2020.PDF","21123121532_BU4230-INSPECCION__OCA_-13-10-2020.PDF","Inspecciones (OCA)",NO,,,,,,13.10.2023,LO,700,LO-000700,false,,,,,,false,2023-11-14,,,,,,,,,,,,
WO,4555,WO-4555,SAR,214,SAR-000214,SPA-JX,8143,SPA-JX08143,,,,"Juan claudio Sitjes",Abierto,"2024-01-29 12:02:08","2024-01-29 12:02:08","Auditoría PRL Tótem","Auditoría Totem BQA_PRL",Auditoría,NO,,,,,,,,,-,false,,,,,,false,2024-01-29,,,,,,,,,,,,
WO,2870,WO-2870,,,-,,,,SPA-BI,634,SPA-BI00634,"System Administrator",Cerrado,"2023-11-14 18:53:12","2023-11-15 12:23:45",0510054014775_BI0634.PDF,0510054014775_BI0634.PDF,"Revision (MTO)",NO,,,,,,,LO,562,LO-000562,false,,,,,,false,2023-11-14,,,,,,,,,,,,
WO,1965,WO-1965,,,-,,,,SPA-TE,4,SPA-TE00004,"System Administrator",Cerrado,"2023-11-14 18:31:49","2023-11-15 12:16:11","1819190414342_TE0004_LA_PUEBLA_DE_VALVERDE_INF__REVISION_2021.PDF","1819190414342_TE0004_LA_PUEBLA_DE_VALVERDE_INF__REVISION_2021.PDF","Revision (MTO)",NO,,,,,,,LO,6396,LO-006396,false,,,,,,false,2023-11-14,,,,,,,,,,,,
WO,2857,WO-2857,,,-,,,,SPA-MU,306,SPA-MU00306,"System Administrator",Cerrado,"2023-11-14 18:52:53","2023-11-15 12:14:53","1319301514391_MU0306_INFORME_REVISION_MURCIA_2021.PDF","1319301514391_MU0306_INFORME_REVISION_MURCIA_2021.PDF","Revision (MTO)",NO,,,,,,,LO,4110,LO-004110,false,,,,,,false,2023-11-14,,,,,,,,,,,,
WO,3352,WO-3352,,,-,,,,SPA-CR,3093,SPA-CR03093,"System Administrator",Cerrado,"2023-11-14 19:04:12","2023-11-15 12:15:10","190930356020_CR3093-TOTEM.PDF","190930356020_CR3093-TOTEM.PDF","Revision (MTO)",NO,,,,,,,LO,1748,LO-001748,false,,,,,,false,2023-11-14,,,,,,,,,,,,
WO,2893,WO-2893,,,-,,,,SPA-AV,8604,SPA-AV08604,"System Administrator",Cerrado,"2023-11-14 18:53:44","2023-11-15 12:16:35",0810495923009_AV8604.PDF,0810495923009_AV8604.PDF,"Revision (MTO)",NO,,,,,,,LO,186,LO-000186,false,,,,,,false,2023-11-14,,,,,,,,,,,,
WO,3937,WO-3937,,,-,,,,SPA-CU,8474,SPA-CU08474,"System Administrator",Cerrado,"2024-01-18 17:32:15","2024-01-18 18:00:57","031545144128_CU8474-REV_MTO_22-03-2023.PDF","031545144128_CU8474-REV_MTO_22-03-2023.PDF","Revision (MTO)",NO,,,,,,,LO,2004,LO-002004,false,,,,,,false,2024-01-18,,,,,,,,,,,,
WO,4459,WO-4459,SAR,103,SAR-000103,SPA-IB,397,SPA-IB00397,,,,"Patricia  Valero palacios",Abierto,"2024-01-25 11:47:01","2024-01-25 11:47:01","Configurar AA  por alarma","Configurar AA  por alarma",Infraestructura,NO,,,,,,,,,-,false,,,,,,false,2024-01-25,,,,,,,,,,,,
WO,2067,WO-2067,,,-,,,,SPA-ZX,563,SPA-ZX00563,"System Administrator",Cerrado,"2023-11-14 18:34:19","2023-11-15 12:08:51","2112300517641_ZX0563-INSPECCION__OCA_-18-06-2019.PDF","2112300517641_ZX0563-INSPECCION__OCA_-18-06-2019.PDF","Inspecciones (OCA)",NO,,,,,,18.06.2022,LO,7790,LO-007790,false,,,,,,false,2023-11-14,,,,,,,,,,,,
WO,2500,WO-2500,,,-,,,,SPA-VX,349,SPA-VX00349,"System Administrator",Cerrado,"2023-11-14 18:44:43","2023-11-15 12:20:22","2112310513930_VX0349-REVISION__MTO_-17-06-2020.DOC","2112310513930_VX0349-REVISION__MTO_-17-06-2020.DOC","Revision (MTO)",NO,,,,,,,LO,7344,LO-007344,false,,,,,,false,2023-11-14,,,,,,,,,,,,
WO,4338,WO-4338,,,-,,,,SPA-LU,7590,SPA-LU07590,"System Administrator",Cerrado,"2024-01-18 17:41:44","2024-01-18 18:05:02",2808272520582_LU7590.PDF,2808272520582_LU7590.PDF,"Inspecciones (OCA)",NO,,,,,,,LO,3601,LO-003601,false,,,,,,false,2024-01-18,,,,,,,,,,,,
WO,4628,WO-4628,SAR,296,SAR-000296,SPA-MX,4297,SPA-MX04297,,,,"Rebeca Romón sánchez",Abierto,"2024-01-30 10:47:26","2024-01-30 10:47:26","CAMBIO DE EQUIPOS OSP","CAMBIO DE EQUIPOS OSP",Urgente,NO,,,,,,,,,-,false,,,,,,false,2024-01-30,,,,,,,,,,,,
WO,3332,WO-3332,,,-,,,,SPA-CO,6835,SPA-CO06835,"System Administrator",Cerrado,"2023-11-14 19:03:44","2023-11-15 12:09:37","111004236628_OCA_LAT_CO6835_2022.PDF","111004236628_OCA_LAT_CO6835_2022.PDF","Inspecciones (OCA)",NO,,,,,,11.03.2025,LO,1609,LO-001609,false,,,,,,false,2023-11-14,,,,,,,,,,,,
WO,4509,WO-4509,SAR,172,SAR-000172,SPA-BX,901,SPA-BX00901,,,,"Gissep Brecia Asencios Fernandez",Abierto,"2024-01-26 16:37:02","2024-01-26 16:37:02",AX0205,"Solicitamos acceso para revisar equipos",Urgente,NO,"2024-01-26 17:00:26","2024-01-26 20:00:26",,,,,,,-,false,,,,,,false,2024-01-26,,,,,,,,,,,,
WO,1923,WO-1923,,,-,,,,SPA-AB,6028,SPA-AB06028,"System Administrator",Cerrado,"2023-11-14 18:30:53","2023-11-15 12:19:22","070943593005_AB6028_INFORME_REVISION_TARAZONA_2021.DOC","070943593005_AB6028_INFORME_REVISION_TARAZONA_2021.DOC","Revision (MTO)",NO,,,,,,,LO,51,LO-000051,false,,,,,,false,2023-11-14,,,,,,,,,,,,
WO,3630,WO-3630,,,-,,,,SPA-CR,3221,SPA-CR03221,"System Administrator",Cerrado,"2023-11-14 19:10:34","2023-11-15 12:08:55","1211442768_CR3221-REV__MTO_21-06-2022.PDF","1211442768_CR3221-REV__MTO_21-06-2022.PDF","Revision (MTO)",NO,,,,,,,LO,1777,LO-001777,false,,,,,,false,2023-11-14,,,,,,,,,,,,
WO,3556,WO-3556,,,-,,,,SPA-SO,9812,SPA-SO09812,"System Administrator",Cerrado,"2023-11-14 19:08:53","2023-11-15 12:15:02",2413440715307_SO9812.PDF,2413440715307_SO9812.PDF,"Revision (MTO)",NO,,,,,,,LO,6138,LO-006138,false,,,,,,false,2023-11-14,,,,,,,,,,,,
WO,3525,WO-3525,,,-,,,,SPA-CX,3501,SPA-CX03501,"System Administrator",Cerrado,"2023-11-14 19:08:10","2023-11-15 12:14:14",0411232419606_CX3501.PDF,0411232419606_CX3501.PDF,"Revision (MTO)",NO,,,,,,,LO,2287,LO-002287,false,,,,,,false,2023-11-14,,,,,,,,,,,,
WO,2452,WO-2452,,,-,,,,SPA-OR,8920,SPA-OR08920,"System Administrator",Cerrado,"2023-11-14 18:43:33","2023-11-15 12:18:51","21123056175_OR8920-REVISION__MTO_-04-06-2019.PDF","21123056175_OR8920-REVISION__MTO_-04-06-2019.PDF","Revision (MTO)",NO,,,,,,,LO,5126,LO-005126,false,,,,,,false,2023-11-14,,,,,,,,,,,,
WO,2912,WO-2912,,,-,,,,SPA-CX,460,SPA-CX00460,"System Administrator",Cerrado,"2023-11-14 18:54:09","2023-11-15 12:24:29","2116145120065_CX0460-DEFECTOS_CORREGIDOS.PDF","2116145120065_CX0460-DEFECTOS_CORREGIDOS.PDF","Revision (MTO)",NO,,,,,,,LO,2155,LO-002155,false,,,,,,false,2023-11-14,,,,,,,,,,,,
WO,3621,WO-3621,,,-,,,,SPA-ZX,574,SPA-ZX00574,"System Administrator",Cerrado,"2023-11-14 19:10:22","2023-11-15 12:23:34","1211293316715_ZX0574-REV_MTO_05-07-2022.PDF","1211293316715_ZX0574-REV_MTO_05-07-2022.PDF","Revision (MTO)",NO,,,,,,,LO,7793,LO-007793,false,,,,,,false,2023-11-14,,,,,,,,,,,,
WO,4403,WO-4403,SAR,14,SAR-000014,SPA-SE,1304,SPA-SE01304,,,,"Rafael Sánchez Velasco",Abierto,"2024-01-22 09:35:46","2024-01-22 09:36:17","Replanteo CVE - SPA - SE01304","Replanteo CVE - SPA - SE01304",Infraestructura,NO,,,,,,,,,-,false,,,,,,false,2024-01-22,,,,,,,,,,,,
WO,3564,WO-3564,,,-,,,,SPA-GR,6007,SPA-GR06007,"System Administrator",Cerrado,"2023-11-14 19:09:04","2023-11-15 12:20:25","2509530318632_GR6007-REVISION__MTO_-09-08-2022-_14148.DOCX","2509530318632_GR6007-REVISION__MTO_-09-08-2022-_14148.DOCX","Revision (MTO)",NO,,,,,,,LO,2698,LO-002698,false,,,,,,false,2023-11-14,,,,,,,,,,,,
WO,2508,WO-2508,,,-,,,,SPA-JX,67,SPA-JX00067,"System Administrator",Cerrado,"2023-11-14 18:44:55","2023-11-15 12:19:32","2112310517889_JX0067-INSPECCION__OCA_-01-07-2020.PDF","2112310517889_JX0067-INSPECCION__OCA_-01-07-2020.PDF","Inspecciones (OCA)",NO,,,,,,01.07.2023,LO,3286,LO-003286,false,,,,,,false,2023-11-14,,,,,,,,,,,,
WO,3752,WO-3752,,,-,,,,SPA-MU,75,SPA-MU00075,"System Administrator",Cerrado,"2023-11-14 19:13:31","2023-11-15 12:20:56","0317110011579_MU0075_INFORME_REVISION_CEHEGIN_2022.PDF","0317110011579_MU0075_INFORME_REVISION_CEHEGIN_2022.PDF","Revision (MTO)",NO,,,,,,,LO,4054,LO-004054,false,,,,,,false,2023-11-14,,,,,,,,,,,,
WO,2923,WO-2923,,,-,,,,SPA-PO,6326,SPA-PO06326,"System Administrator",Cerrado,"2023-11-14 18:54:24","2023-11-15 12:14:34","2109510124745_PO6326-DEFECTOS_CORREGIDOS.PDF","2109510124745_PO6326-DEFECTOS_CORREGIDOS.PDF","Revision (MTO)",NO,,,,,,,LO,5553,LO-005553,false,,,,,,false,2023-11-14,,,,,,,,,,,,
WO,4049,WO-4049,,,-,,,,SPA-ZX,574,SPA-ZX00574,"System Administrator",Cerrado,"2024-01-18 17:35:00","2024-01-18 18:02:06","300801053071_ZX0574-REV_MTO_14_07_23.PDF","300801053071_ZX0574-REV_MTO_14_07_23.PDF","Revision (MTO)",NO,,,,,,14.07.2024,LO,7793,LO-007793,false,,,,,,false,2024-01-18,,,,,,,,,,,,
WO,4141,WO-4141,,,-,,,,SPA-AB,6411,SPA-AB06411,"System Administrator",Cerrado,"2024-01-18 17:37:14","2024-01-18 18:03:02","0416005025872_AB6411-REV_MTO_26-09-2023.PDF","0416005025872_AB6411-REV_MTO_26-09-2023.PDF","Revision (MTO)",NO,,,,,,26.09.2024,LO,84,LO-000084,false,,,,,,false,2024-01-18,,,,,,,,,,,,
WO,3025,WO-3025,,,-,,,,SPA-SA,6411,SPA-SA06411,"System Administrator",Cerrado,"2023-11-14 18:56:46","2023-11-15 12:06:15",1810433719841_SA6411.PDF,1810433719841_SA6411.PDF,"Revision (MTO)",NO,,,,,,,LO,5715,LO-005715,false,,,,,,false,2023-11-14,,,,,,,,,,,,
WO,4232,WO-4232,,,-,,,,SPA-ZX,226,SPA-ZX00226,"System Administrator",Cerrado,"2024-01-18 17:39:22","2024-01-18 18:03:59","1716294123240_2__VISITA_AT-Z-06-22_ZX0226_CUBEL.PDF","1716294123240_2__VISITA_AT-Z-06-22_ZX0226_CUBEL.PDF","Inspecciones (OCA)",NO,,,,,,,LO,7725,LO-007725,false,,,,,,false,2024-01-18,,,,,,,,,,,,
WO,3727,WO-3727,,,-,,,,SPA-AB,6350,SPA-AB06350,"System Administrator",Cerrado,"2023-11-14 19:12:55","2023-11-15 12:08:58","2709562518319_AB6350-REV_MTO_24-08-2022.PDF","2709562518319_AB6350-REV_MTO_24-08-2022.PDF","Revision (MTO)",NO,,,,,,,LO,74,LO-000074,false,,,,,,false,2023-11-14,,,,,,,,,,,,
WO,3336,WO-3336,,,-,,,,SPA-MX,2063,SPA-MX02063,"System Administrator",Cerrado,"2023-11-14 19:03:49","2023-11-15 12:16:40",1811304416126_MX0231.PDF,1811304416126_MX0231.PDF,"Revision (MTO)",NO,,,,,,,LO,4619,LO-004619,false,,,,,,false,2023-11-14,,,,,,,,,,,,
WO,2927,WO-2927,,,-,,,,SPA-LU,4,SPA-LU00004,"System Administrator",Cerrado,"2023-11-14 18:54:30","2023-11-15 12:07:31","2109311219452_LU0004-DEFECTOS_CORREGIDOS.PDF","2109311219452_LU0004-DEFECTOS_CORREGIDOS.PDF","Revision (MTO)",NO,,,,,,,LO,3558,LO-003558,false,,,,,,false,2023-11-14,,,,,,,,,,,,
WO,2920,WO-2920,,,-,,,,SPA-SG,9544,SPA-SG09544,"System Administrator",Cerrado,"2023-11-14 18:54:20","2023-11-15 12:12:01","211015239951_SG9544-DEFECTOS_CORREGIDOS.PDF","211015239951_SG9544-DEFECTOS_CORREGIDOS.PDF","Revision (MTO)",NO,,,,,,,LO,6086,LO-006086,false,,,,,,false,2023-11-14,,,,,,,,,,,,
WO,4063,WO-4063,,,-,,,,SPA-AV,8432,SPA-AV08432,"System Administrator",Cerrado,"2024-01-18 17:35:20","2024-01-18 18:02:15",300836339490_AV8432.PDF,300836339490_AV8432.PDF,"Revision (MTO)",NO,,,,,,18.11.2024,LO,147,LO-000147,false,,,,,,false,2024-01-18,,,,,,,,,,,,
WO,2908,WO-2908,,,-,,,,SPA-BU,4360,SPA-BU04360,"System Administrator",Cerrado,"2023-11-14 18:54:03","2023-11-15 12:12:02","2212362820519_BU4360-DEFECTOS_CORREGIDOS.PDF","2212362820519_BU4360-DEFECTOS_CORREGIDOS.PDF","Revision (MTO)",NO,,,,,,,LO,747,LO-000747,false,,,,,,false,2023-11-14,,,,,,,,,,,,
WO,2779,WO-2779,,,-,,,,SPA-VA,2168,SPA-VA02168,"System Administrator",Cerrado,"2023-11-14 18:51:02","2023-11-15 12:08:37","211234261405_VA2168-INSPECCION__OCA_-02-10-2020.PDF","211234261405_VA2168-INSPECCION__OCA_-02-10-2020.PDF","Inspecciones (OCA)",NO,,,,,,02.10.2023,LO,7026,LO-007026,false,,,,,,false,2023-11-14,,,,,,,,,,,,
WO,2978,WO-2978,,,-,,,,,,,"System Administrator",Cerrado,"2023-11-14 18:55:42","2023-11-15 12:21:51","2212265323079_REVISION_ANUAL_CT_JX8108_2021.PDF","2212265323079_REVISION_ANUAL_CT_JX8108_2021.PDF","Revision (MTO)",NO,,,,,,,,,-,false,,,,,,false,2023-11-14,,,,,,,,,,,,
WO,4093,WO-4093,,,-,,,,SPA-GU,9112,SPA-GU09112,"System Administrator",Cerrado,"2024-01-18 17:36:04","2024-01-18 18:02:33","1014005711592_GU9112-REV__MTO_22-08-2023.PDF","1014005711592_GU9112-REV__MTO_22-08-2023.PDF","Revision (MTO)",NO,,,,,,22.08.2024,LO,2759,LO-002759,false,,,,,,false,2024-01-18,,,,,,,,,,,,
WO,3511,WO-3511,,,-,,,,SPA-LU,4,SPA-LU00004,"System Administrator",Cerrado,"2023-11-14 19:07:51","2023-11-15 12:09:02",0410222119395_LU0004.PDF,0410222119395_LU0004.PDF,"Revision (MTO)",NO,,,,,,,LO,3558,LO-003558,false,,,,,,false,2023-11-14,,,,,,,,,,,,
WO,3835,WO-3835,,,-,,,,SPA-CO,7244,SPA-CO07244,"System Administrator",Cerrado,"2024-01-18 17:29:44","2024-01-18 17:59:52","1012571531772_CO7244-REVISION__MTO_-08-08-2023.PDF","1012571531772_CO7244-REVISION__MTO_-08-08-2023.PDF","Revision (MTO)",NO,,,,,,,LO,1661,LO-001661,false,,,,,,false,2024-01-18,,,,,,,,,,,,
WO,2872,WO-2872,,,-,,,,SPA-AV,8943,SPA-AV08943,"System Administrator",Cerrado,"2023-11-14 18:53:15","2023-11-15 12:22:51",231333202968_AV8943.PDF,231333202968_AV8943.PDF,"Revision (MTO)",NO,,,,,,,LO,222,LO-000222,false,,,,,,false,2023-11-14,,,,,,,,,,,,
WO,3978,WO-3978,,,-,,,,SPA-CS,170,SPA-CS00170,"System Administrator",Cerrado,"2024-01-18 17:33:17","2024-01-18 18:01:22","2517353525380_CS0170_IMFORME_REVISION_CASTELLON_COSCOLLOSA_2023.PDF","2517353525380_CS0170_IMFORME_REVISION_CASTELLON_COSCOLLOSA_2023.PDF","Revision (MTO)",NO,,,,,,02.05.2024,LO,1909,LO-001909,false,,,,,,false,2024-01-18,,,,,,,,,,,,
WO,3052,WO-3052,,,-,,,,SPA-LE,1743,SPA-LE01743,"System Administrator",Cerrado,"2023-11-14 18:57:21","2023-11-15 12:23:57","0412043918716_LE1743-INSPECCION___OCA__-26062014.PDF","0412043918716_LE1743-INSPECCION___OCA__-26062014.PDF","Inspecciones (OCA)",NO,,,,,,26.06.2017,LO,3489,LO-003489,false,,,,,,false,2023-11-14,,,,,,,,,,,,
WO,4182,WO-4182,,,-,,,,SPA-ZA,6913,SPA-ZA06913,"System Administrator",Cerrado,"2024-01-18 17:38:13","2024-01-18 18:03:27",0608565617815_ZA6913.PDF,0608565617815_ZA6913.PDF,"Revision (MTO)",NO,,,,,,30.09.2024,LO,7627,LO-007627,false,,,,,,false,2024-01-18,,,,,,,,,,,,
WO,3478,WO-3478,,,-,,,,SPA-TO,112,SPA-TO00112,"System Administrator",Cerrado,"2023-11-14 19:07:05","2023-11-15 12:15:11","1812301413028_CERT_AT-TO-019_22_TOTEM_TO0112_TALAVERA_DE_LA_REINA_CT.PDF","1812301413028_CERT_AT-TO-019_22_TOTEM_TO0112_TALAVERA_DE_LA_REINA_CT.PDF","Inspecciones (OCA)",NO,,,,,,09.06.2025,LO,6678,LO-006678,false,,,,,,false,2023-11-14,,,,,,,,,,,,
WO,2231,WO-2231,,,-,,,,SPA-VA,2150,SPA-VA02150,"System Administrator",Cerrado,"2023-11-14 18:38:16","2023-11-15 12:16:13","21123034495_VA2150-REVISION__MTO_-08-10-2019.PDF","21123034495_VA2150-REVISION__MTO_-08-10-2019.PDF","Revision (MTO)",NO,,,,,,,LO,7016,LO-007016,false,,,,,,false,2023-11-14,,,,,,,,,,,,
WO,2177,WO-2177,,,-,,,,SPA-BU,4138,SPA-BU04138,"System Administrator",Cerrado,"2023-11-14 18:36:59","2023-11-15 12:06:05","211230278753_BU4138-REVISION__MTO_-08-08-2019.PDF","211230278753_BU4138-REVISION__MTO_-08-08-2019.PDF","Revision (MTO)",NO,,,,,,,LO,651,LO-000651,false,,,,,,false,2023-11-14,,,,,,,,,,,,
WO,2340,WO-2340,,,-,,,,SPA-SE,375,SPA-SE00375,"System Administrator",Cerrado,"2023-11-14 18:40:52","2023-11-15 12:09:21","211230464422_SE0375-REVISION__MTO_-22-04-2020.PDF","211230464422_SE0375-REVISION__MTO_-22-04-2020.PDF","Revision (MTO)",NO,,,,,,,LO,5866,LO-005866,false,,,,,,false,2023-11-14,,,,,,,,,,,,
WO,4308,WO-4308,,,-,,,,SPA-BU,4272,SPA-BU04272,"System Administrator",Cerrado,"2024-01-18 17:41:04","2024-01-18 18:04:44",1408423613286_BU4272.PDF,1408423613286_BU4272.PDF,"Inspecciones (OCA)",NO,,,,,,,LO,720,LO-000720,false,,,,,,false,2024-01-18,,,,,,,,,,,,
WO,3144,WO-3144,,,-,,,,SPA-GU,9102,SPA-GU09102,"System Administrator",Cerrado,"2023-11-14 18:59:19","2023-11-15 12:20:28",131112354524_GU9102.PDF,131112354524_GU9102.PDF,"Inspecciones (OCA)",NO,,,,,,14.07.2024,LO,2754,LO-002754,false,,,,,,false,2023-11-14,,,,,,,,,,,,
WO,3864,WO-3864,,,-,,,,SPA-SE,309,SPA-SE00309,"System Administrator",Cerrado,"2024-01-18 17:30:28","2024-01-18 18:00:11","0714283715656_REVISION_MTO_09-10-23.PDF","0714283715656_REVISION_MTO_09-10-23.PDF","Revision (MTO)",NO,,,,,,,LO,5828,LO-005828,false,,,,,,false,2024-01-18,,,,,,,,,,,,
WO,4424,WO-4424,SAR,46,SAR-000046,SPA-MX,6288,SPA-MX06288,,,,"Noemia josilda fátima  Gomes dos santos",Abierto,"2024-01-23 10:22:05","2024-01-23 10:51:36",SPA-MX06288,"SUSTITUCION SSAA",Normal,NO,"2024-01-25 08:00:00","2024-02-01 18:00:00",,,,,,,-,false,,,,,,false,2024-01-23,,,,,,,,,,,,
WO,4450,WO-4450,SAR,92,SAR-000092,SPA-BX,460,SPA-BX00460,,,,"Jose María Arias López",Abierto,"2024-01-24 20:06:06","2024-01-26 14:22:39","Neon_INFRA:P1:Barcelona:BX0460:ENERGIA_AC:BTS:1","Revisar equipos de Orange",Urgente,SI,"2024-01-24 19:12:00","2024-01-26 21:00:00","2024-01-24 21:00:00",,2401A55432,,,,-,false,,,,,,false,2024-01-24,,,,,,,,,,,,
WO,2896,WO-2896,,,-,,,,SPA-AV,8485,SPA-AV08485,"System Administrator",Cerrado,"2023-11-14 18:53:48","2023-11-15 12:14:39",0810460310741_AV8485.PDF,0810460310741_AV8485.PDF,"Revision (MTO)",NO,,,,,,,LO,166,LO-000166,false,,,,,,false,2023-11-14,,,,,,,,,,,,
WO,4595,WO-4595,SAR,254,SAR-000254,SPA-MX,6343,SPA-MX06343,,,,"DNO acceso OSP",Abierto,"2024-01-29 16:23:26","2024-01-29 16:28:58","443104 - MX6343","REPLANTEO INSTALACIÓN EQUIPOS",Infraestructura,NO,,,,,,,,,-,false,,,,,,false,2024-01-29,,,,,,,,,,,,
WO,2001,WO-2001,,,-,,,,SPA-TO,415,SPA-TO00415,"System Administrator",Cerrado,"2023-11-14 18:32:45","2023-11-15 12:19:49","211230012599_TO0415-INSPECCION__OCA_-17-05-2019.PDF","211230012599_TO0415-INSPECCION__OCA_-17-05-2019.PDF","Inspecciones (OCA)",NO,,,,,,17.05.2022,LO,6718,LO-006718,false,,,,,,false,2023-11-14,,,,,,,,,,,,
WO,4601,WO-4601,SAR,261,SAR-000261,SPA-MX,413,SPA-MX00413,,,,"DNO acceso OSP",Abierto,"2024-01-29 18:53:10","2024-01-29 18:57:02","443812 - MX0413","Revision equipo en la azotea dentro de la caseta",Infraestructura,NO,,,,,,,,,-,false,,,,,,false,2024-01-29,,,,,,,,,,,,
WO,2987,WO-2987,,,-,,,,SPA-CO,7209,SPA-CO07209,"System Administrator",Cerrado,"2023-11-14 18:55:55","2023-11-15 12:22:35","2211074319841_REVISION_VISUAL_CT_CO7209_2021.PDF","2211074319841_REVISION_VISUAL_CT_CO7209_2021.PDF","Revision (MTO)",NO,,,,,,,LO,1647,LO-001647,false,,,,,,false,2023-11-14,,,,,,,,,,,,
WO,2181,WO-2181,,,-,,,,SPA-BU,4126,SPA-BU04126,"System Administrator",Cerrado,"2023-11-14 18:37:05","2023-11-15 12:18:48","211230287042_BU4126-REVISION__MTO_-08-08-2019.PDF","211230287042_BU4126-REVISION__MTO_-08-08-2019.PDF","Revision (MTO)",NO,,,,,,,LO,642,LO-000642,false,,,,,,false,2023-11-14,,,,,,,,,,,,
WO,3021,WO-3021,,,-,,,,SPA-SA,6435,SPA-SA06435,"System Administrator",Cerrado,"2023-11-14 18:56:41","2023-11-15 12:06:46",181047416896_SA6435.PDF,181047416896_SA6435.PDF,"Revision (MTO)",NO,,,,,,,LO,5720,LO-005720,false,,,,,,false,2023-11-14,,,,,,,,,,,,
WO,2950,WO-2950,,,-,,,,SPA-SE,83,SPA-SE00083,"System Administrator",Cerrado,"2023-11-14 18:55:02","2023-11-15 12:08:13","2214125412005_REVISION_ANUAL_CT_SE0083_2021.PDF","2214125412005_REVISION_ANUAL_CT_SE0083_2021.PDF","Revision (MTO)",NO,,,,,,,LO,5775,LO-005775,false,,,,,,false,2023-11-14,,,,,,,,,,,,
WO,2721,WO-2721,,,-,,,,SPA-JX,67,SPA-JX00067,"System Administrator",Cerrado,"2023-11-14 18:49:42","2023-11-15 12:19:16","2112312618717_JX0067-INSPECCION__OCA_-01-07-2020.PDF","2112312618717_JX0067-INSPECCION__OCA_-01-07-2020.PDF","Inspecciones (OCA)",NO,,,,,,01.07.2023,LO,3286,LO-003286,false,,,,,,false,2023-11-14,,,,,,,,,,,,
WO,3559,WO-3559,,,-,,,,SPA-SO,9890,SPA-SO09890,"System Administrator",Cerrado,"2023-11-14 19:08:57","2023-11-15 12:17:43",241345464981_SO9890.PDF,241345464981_SO9890.PDF,"Revision (MTO)",NO,,,,,,,LO,6164,LO-006164,false,,,,,,false,2023-11-14,,,,,,,,,,,,
WO,2642,WO-2642,,,-,,,,SPA-BU,4241,SPA-BU04241,"System Administrator",Cerrado,"2023-11-14 18:47:55","2023-11-15 12:18:06","211231205507_BU4241-INSPECCION__OCA_-06-10-2020.PDF","211231205507_BU4241-INSPECCION__OCA_-06-10-2020.PDF","Inspecciones (OCA)",NO,,,,,,06.10.2023,LO,707,LO-000707,false,,,,,,false,2023-11-14,,,,,,,,,,,,
WO,3579,WO-3579,,,-,,,,SPA-MA,2636,SPA-MA02636,"System Administrator",Cerrado,"2023-11-14 19:09:25","2023-11-15 12:05:01","3008464319612_MA2636-REVISION__MTO_-22-08-2022.PDF","3008464319612_MA2636-REVISION__MTO_-22-08-2022.PDF","Revision (MTO)",NO,,,,,,,LO,3864,LO-003864,false,,,,,,false,2023-11-14,,,,,,,,,,,,
WO,3741,WO-3741,,,-,,,,SPA-VX,858,SPA-VX00858,"System Administrator",Cerrado,"2023-11-14 19:13:15","2023-11-15 12:05:32","0317484324907_VX0858_PICASSENT_INFORME_REVISION_2022.PDF","0317484324907_VX0858_PICASSENT_INFORME_REVISION_2022.PDF","Revision (MTO)",NO,,,,,,,LO,7382,LO-007382,false,,,,,,false,2023-11-14,,,,,,,,,,,,
WO,3936,WO-3936,,,-,,,,SPA-CU,8405,SPA-CU08405,"System Administrator",Cerrado,"2024-01-18 17:32:14","2024-01-18 18:00:56","0315442823443_CU8405-REV_MTO_20-03-2023.PDF","0315442823443_CU8405-REV_MTO_20-03-2023.PDF","Revision (MTO)",NO,,,,,,,LO,1995,LO-001995,false,,,,,,false,2024-01-18,,,,,,,,,,,,
WO,1961,WO-1961,,,-,,,,SPA-TE,52,SPA-TE00052,"System Administrator",Cerrado,"2023-11-14 18:31:44","2023-11-15 12:24:23","181921438131_TE0052_UTRILLAS_INFORME_REVISION_2021.PDF","181921438131_TE0052_UTRILLAS_INFORME_REVISION_2021.PDF","Revision (MTO)",NO,,,,,,,LO,6419,LO-006419,false,,,,,,false,2023-11-14,,,,,,,,,,,,
WO,3890,WO-3890,,,-,,,,SPA-LE,1713,SPA-LE01713,"System Administrator",Cerrado,"2024-01-18 17:31:06","2024-01-18 18:00:28","1911164526019_LE1713-CON_DEFECTOS.PDF","1911164526019_LE1713-CON_DEFECTOS.PDF","Revision (MTO)",NO,,,,,,,LO,3470,LO-003470,false,,,,,,false,2024-01-18,,,,,,,,,,,,
WO,3372,WO-3372,,,-,,,,SPA-TO,1510,SPA-TO01510,"System Administrator",Cerrado,"2023-11-14 19:04:39","2023-11-15 12:09:23","191352457018_TO1510-TOTEM.PDF","191352457018_TO1510-TOTEM.PDF","Revision (MTO)",NO,,,,,,,LO,6766,LO-006766,false,,,,,,false,2023-11-14,,,,,,,,,,,,
WO,3574,WO-3574,,,-,,,,SPA-CU,8457,SPA-CU08457,"System Administrator",Cerrado,"2023-11-14 19:09:18","2023-11-15 12:14:18","0311511832447_CU8457-REV__MTO_05-09-2022.PDF","0311511832447_CU8457-REV__MTO_05-09-2022.PDF","Revision (MTO)",NO,,,,,,,LO,2003,LO-002003,false,,,,,,false,2023-11-14,,,,,,,,,,,,
WO,2664,WO-2664,,,-,,,,SPA-BU,4229,SPA-BU04229,"System Administrator",Cerrado,"2023-11-14 18:48:25","2023-11-15 12:25:10","2112312121528_BU4229-REVISION__MTO_-20-07-2020.PDF","2112312121528_BU4229-REVISION__MTO_-20-07-2020.PDF","Revision (MTO)",NO,,,,,,,LO,699,LO-000699,false,,,,,,false,2023-11-14,,,,,,,,,,,,
WO,4073,WO-4073,,,-,,,,SPA-TO,122,SPA-TO00122,"System Administrator",Cerrado,"2024-01-18 17:35:35","2024-01-18 18:02:21","0107023911747_TO0122-REV_MAT_20_06_23.PDF","0107023911747_TO0122-REV_MAT_20_06_23.PDF","Revision (MTO)",NO,,,,,,20.06.2024,LO,6685,LO-006685,false,,,,,,false,2024-01-18,,,,,,,,,,,,
WO,3135,WO-3135,,,-,,,,SPA-CR,3205,SPA-CR03205,"System Administrator",Cerrado,"2023-11-14 18:59:07","2023-11-15 12:05:31",1110544520233_CR3205.PDF,1110544520233_CR3205.PDF,"Inspecciones (OCA)",NO,,,,,,26.07.2024,LO,1769,LO-001769,false,,,,,,false,2023-11-14,,,,,,,,,,,,
WO,3312,WO-3312,,,-,,,,SPA-VI,8730,SPA-VI08730,"System Administrator",Cerrado,"2023-11-14 19:03:16","2023-11-15 12:07:38","0312103824557_VI8730-REV__MTO_18-08-2022.PDF","0312103824557_VI8730-REV__MTO_18-08-2022.PDF","Revision (MTO)",NO,,,,,,,LO,7174,LO-007174,false,,,,,,false,2023-11-14,,,,,,,,,,,,
WO,3313,WO-3313,,,-,,,,SPA-LE,1501,SPA-LE01501,"System Administrator",Cerrado,"2023-11-14 19:03:18","2023-11-15 12:19:57","0508172122142_PARTE_INCIDENCIA.PDF","0508172122142_PARTE_INCIDENCIA.PDF","Revision (MTO)",NO,,,,,,,LO,3437,LO-003437,false,,,,,,false,2023-11-14,,,,,,,,,,,,
WO,2656,WO-2656,,,-,,,,SPA-BU,4361,SPA-BU04361,"System Administrator",Cerrado,"2023-11-14 18:48:13","2023-11-15 12:08:15","211231218472_BU4361-REVISION__MTO_-20-07-2020.PDF","211231218472_BU4361-REVISION__MTO_-20-07-2020.PDF","Revision (MTO)",NO,,,,,,,LO,748,LO-000748,false,,,,,,false,2023-11-14,,,,,,,,,,,,
WO,2339,WO-2339,,,-,,,,SPA-SE,1331,SPA-SE01331,"System Administrator",Cerrado,"2023-11-14 18:40:51","2023-11-15 12:20:16","2112304615568_SE1331-REVISION__MTO_-22-04-2020.PDF","2112304615568_SE1331-REVISION__MTO_-22-04-2020.PDF","Revision (MTO)",NO,,,,,,,LO,5966,LO-005966,false,,,,,,false,2023-11-14,,,,,,,,,,,,
WO,2833,WO-2833,,,-,,,,SPA-CU,8532,SPA-CU08532,"System Administrator",Cerrado,"2023-11-14 18:52:19","2023-11-15 12:14:20","2112343112258_CU8532-INSPECCION__OCA_-21-03-2018.PDF","2112343112258_CU8532-INSPECCION__OCA_-21-03-2018.PDF","Inspecciones (OCA)",NO,,,,,,21.03.2021,LO,2038,LO-002038,false,,,,,,false,2023-11-14,,,,,,,,,,,,
WO,4473,WO-4473,SAR,125,SAR-000125,SPA-BX,580,SPA-BX00580,,,,"Neus Crespo barbera",Abierto,"2024-01-26 09:38:18","2024-01-26 09:38:18","Trabajos preventivos","Trabajos preventivos","Inspección Preventiva",NO,,,,,,,,,-,false,,,,,,false,2024-01-26,,,,,,,,,,,,
WO,3344,WO-3344,,,-,,,,SPA-MX,1002,SPA-MX01002,"System Administrator",Cerrado,"2023-11-14 19:04:00","2023-11-15 12:05:57",1811484329335_MX1002.PDF,1811484329335_MX1002.PDF,"Revision (MTO)",NO,,,,,,,LO,4523,LO-004523,false,,,,,,false,2023-11-14,,,,,,,,,,,,
WO,2608,WO-2608,,,-,,,,SPA-AV,8734,SPA-AV08734,"System Administrator",Cerrado,"2023-11-14 18:47:09","2023-11-15 12:13:41","2112311726068_AV8734-INSPECCION__OCA_-08-10-2020.PDF","2112311726068_AV8734-INSPECCION__OCA_-08-10-2020.PDF","Inspecciones (OCA)",NO,,,,,,08.10.2023,LO,206,LO-000206,false,,,,,,false,2023-11-14,,,,,,,,,,,,
WO,1943,WO-1943,,,-,,,,SPA-AB,6028,SPA-AB06028,"System Administrator",Cerrado,"2023-11-14 18:31:20","2023-11-15 12:06:53","2610091210853_AB6028_TARAZONA_CERTIFICADO_FAVORABLE_2021.PDF","2610091210853_AB6028_TARAZONA_CERTIFICADO_FAVORABLE_2021.PDF","Inspecciones (OCA)",NO,,,,,,09.03.2024,LO,51,LO-000051,false,,,,,,false,2023-11-14,,,,,,,,,,,,
WO,3744,WO-3744,,,-,,,,SPA-AX,6398,SPA-AX06398,"System Administrator",Cerrado,"2023-11-14 19:13:19","2023-11-15 12:08:53","0316584420096_AX6398_INFORME_MANTENIMIENTO_VILLAJOYOSA_A_7__2022.PDF","0316584420096_AX6398_INFORME_MANTENIMIENTO_VILLAJOYOSA_A_7__2022.PDF","Revision (MTO)",NO,,,,,,,LO,358,LO-000358,false,,,,,,false,2023-11-14,,,,,,,,,,,,
WO,4075,WO-4075,,,-,,,,SPA-TO,19,SPA-TO00019,"System Administrator",Cerrado,"2024-01-18 17:35:38","2024-01-18 18:02:22","3114452016536_TO00019-REV_MAT_21_06_23.PDF","3114452016536_TO00019-REV_MAT_21_06_23.PDF","Revision (MTO)",NO,,,,,,21.06.2024,LO,6638,LO-006638,false,,,,,,false,2024-01-18,,,,,,,,,,,,
WO,2266,WO-2266,,,-,,,,SPA-VA,2283,SPA-VA02283,"System Administrator",Cerrado,"2023-11-14 18:39:05","2023-11-15 12:21:07","211230393239_VA2283-REVISION__MTO_-08-10-2019.PDF","211230393239_VA2283-REVISION__MTO_-08-10-2019.PDF","Revision (MTO)",NO,,,,,,,LO,7098,LO-007098,false,,,,,,false,2023-11-14,,,,,,,,,,,,
WO,3649,WO-3649,,,-,,,,SPA-BU,4361,SPA-BU04361,"System Administrator",Cerrado,"2023-11-14 19:11:01","2023-11-15 12:22:19","1514080815954_BU4361-CON_DEFECTOS.PDF","1514080815954_BU4361-CON_DEFECTOS.PDF","Revision (MTO)",NO,,,,,,,LO,748,LO-000748,false,,,,,,false,2023-11-14,,,,,,,,,,,,
WO,4343,WO-4343,,,-,,,,SPA-AV,8929,SPA-AV08929,"System Administrator",Cerrado,"2024-01-18 17:41:50","2024-01-18 18:05:05",3008295113852_AV8929.PDF,3008295113852_AV8929.PDF,"Inspecciones (OCA)",NO,,,,,,,LO,217,LO-000217,false,,,,,,false,2024-01-18,,,,,,,,,,,,
WO,2323,WO-2323,,,-,,,,SPA-MX,3402,SPA-MX03402,"System Administrator",Cerrado,"2023-11-14 18:40:28","2023-11-15 12:06:38","2112304412078_MX3402-REVISION__MTO_-04-02-2019.PDF","2112304412078_MX3402-REVISION__MTO_-04-02-2019.PDF","Revision (MTO)",NO,,,,,,,LO,4703,LO-004703,false,,,,,,false,2023-11-14,,,,,,,,,,,,
WO,2548,WO-2548,,,-,,,,SPA-LU,7970,SPA-LU07970,"System Administrator",Cerrado,"2023-11-14 18:45:47","2023-11-15 12:19:40","211231127162_LU7970-REVISION__MTO_-22-04-2020.PDF","211231127162_LU7970-REVISION__MTO_-22-04-2020.PDF","Revision (MTO)",NO,,,,,,,LO,3624,LO-003624,false,,,,,,false,2023-11-14,,,,,,,,,,,,
WO,2688,WO-2688,,,-,,,,SPA-BU,5209,SPA-BU05209,"System Administrator",Cerrado,"2023-11-14 18:48:57","2023-11-15 12:21:24","2112312414523_BU5209-INSPECCION__OCA_-07-10-2020.PDF","2112312414523_BU5209-INSPECCION__OCA_-07-10-2020.PDF","Inspecciones (OCA)",NO,,,,,,07.10.2023,LO,767,LO-000767,false,,,,,,false,2023-11-14,,,,,,,,,,,,
WO,2282,WO-2282,,,-,,,,SPA-LE,1722,SPA-LE01722,"System Administrator",Cerrado,"2023-11-14 18:39:27","2023-11-15 12:16:06","2112304131690_LE1722-REVISION__MTO_-10-06-2019.PDF","2112304131690_LE1722-REVISION__MTO_-10-06-2019.PDF","Revision (MTO)",NO,,,,,,,LO,3478,LO-003478,false,,,,,,false,2023-11-14,,,,,,,,,,,,
WO,4553,WO-4553,SAR,211,SAR-000211,SPA-BX,4273,SPA-BX04273,,,,"DNO acceso OSP",Abierto,"2024-01-29 11:55:10","2024-01-29 11:59:55","443452 - BX4273","MEDIDAS RADIOLECTRICAS PSC","Revision (MTO)",NO,,,,,,,,,-,false,,,,,,false,2024-01-29,,,,,,,,,,,,
WO,3991,WO-3991,,,-,,,,SPA-VX,87,SPA-VX00087,"System Administrator",Cerrado,"2024-01-18 17:33:37","2024-01-18 18:01:30","2517480115531_VX0087_UTIEL_LAS_CUEVAS_INFORME_REVISION_2023.PDF","2517480115531_VX0087_UTIEL_LAS_CUEVAS_INFORME_REVISION_2023.PDF","Revision (MTO)",NO,,,,,,04.05.2024,LO,7261,LO-007261,false,,,,,,false,2024-01-18,,,,,,,,,,,,
WO,3483,WO-3483,,,-,,,,SPA-TO,122,SPA-TO00122,"System Administrator",Cerrado,"2023-11-14 19:07:12","2023-11-15 12:21:57","1812362319708_TO0122-REV__MTO_09-06-2022.PDF","1812362319708_TO0122-REV__MTO_09-06-2022.PDF","Revision (MTO)",NO,,,,,,,LO,6685,LO-006685,false,,,,,,false,2023-11-14,,,,,,,,,,,,
WO,2699,WO-2699,,,-,,,,SPA-PX,8226,SPA-PX08226,"System Administrator",Cerrado,"2023-11-14 18:49:12","2023-11-15 12:08:38","211231247283_PX8226-INSPECCION__OCA_-11-11-2020.PDF","211231247283_PX8226-INSPECCION__OCA_-11-11-2020.PDF","Inspecciones (OCA)",NO,,,,,,11.11.2023,LO,5664,LO-005664,false,,,,,,false,2023-11-14,,,,,,,,,,,,
WO,2101,WO-2101,,,-,,,,SPA-LE,1546,SPA-LE01546,"System Administrator",Cerrado,"2023-11-14 18:35:08","2023-11-15 12:20:07","2112301916080_LE1546-REVISION__MTO_-02-08-2018.PDF","2112301916080_LE1546-REVISION__MTO_-02-08-2018.PDF","Revision (MTO)",NO,,,,,,,LO,3449,LO-003449,false,,,,,,false,2023-11-14,,,,,,,,,,,,
WO,2120,WO-2120,,,-,,,,SPA-MU,306,SPA-MU00306,"System Administrator",Cerrado,"2023-11-14 18:35:37","2023-11-15 12:13:36","2112302410440_MU0306-REVISION__MTO_-27-03-2020.DOC","2112302410440_MU0306-REVISION__MTO_-27-03-2020.DOC","Revision (MTO)",NO,,,,,,,LO,4110,LO-004110,false,,,,,,false,2023-11-14,,,,,,,,,,,,
WO,4115,WO-4115,,,-,,,,SPA-BU,4302,SPA-BU04302,"System Administrator",Cerrado,"2024-01-18 17:36:36","2024-01-18 18:02:46",1708193825027_BU4302.PDF,1708193825027_BU4302.PDF,"Revision (MTO)",NO,,,,,,24.10.2024,LO,732,LO-000732,false,,,,,,false,2024-01-18,,,,,,,,,,,,
WO,3534,WO-3534,,,-,,,,SPA-OR,9830,SPA-OR09830,"System Administrator",Cerrado,"2023-11-14 19:08:23","2023-11-15 12:11:26",081018117777_OR9830.PDF,081018117777_OR9830.PDF,"Revision (MTO)",NO,,,,,,,LO,5189,LO-005189,false,,,,,,false,2023-11-14,,,,,,,,,,,,
WO,3108,WO-3108,,,-,,,,SPA-CU,8455,SPA-CU08455,"System Administrator",Cerrado,"2023-11-14 18:58:30","2023-11-15 12:08:57",091536504537_CU8455.PDF,091536504537_CU8455.PDF,"Inspecciones (OCA)",NO,,,,,,30.07.2024,LO,2002,LO-002002,false,,,,,,false,2023-11-14,,,,,,,,,,,,
WO,4546,WO-4546,SAR,206,SAR-000206,SPA-MX,107,SPA-MX00107,,,,"Javier  Cebrian barciela",Abierto,"2024-01-29 10:59:00","2024-01-29 10:59:00","Estacion caida, revision equipos orange","Estacion caida, revision equipos orange",Urgente,NO,,,,,,,,,-,false,,,,,,false,2024-01-29,,,,,,,,,,,,
WO,4227,WO-4227,,,-,,,,SPA-JX,7917,SPA-JX07917,"System Administrator",Cerrado,"2024-01-18 17:39:14","2024-01-18 18:03:56","2307274829108_JX7917_01290414_TOTEM_TOWERCO_ARQUILLOS_CT_PERIO_DESFAV.PDF","2307274829108_JX7917_01290414_TOTEM_TOWERCO_ARQUILLOS_CT_PERIO_DESFAV.PDF","Inspecciones (OCA)",NO,,,,,,,LO,3295,LO-003295,false,,,,,,false,2024-01-18,,,,,,,,,,,,
WO,3869,WO-3869,,,-,,,,SPA-SE,2202,SPA-SE02202,"System Administrator",Cerrado,"2024-01-18 17:30:35","2024-01-18 18:00:14","0714345928179_SE2202-REVISION__MTO_-02-09-2022.PDF","0714345928179_SE2202-REVISION__MTO_-02-09-2022.PDF","Revision (MTO)",NO,,,,,,,LO,6001,LO-006001,false,,,,,,false,2024-01-18,,,,,,,,,,,,
WO,4017,WO-4017,,,-,,,,SPA-SG,9405,SPA-SG09405,"System Administrator",Cerrado,"2024-01-18 17:34:13","2024-01-18 18:01:46",2712360613843_SG9405.PDF,2712360613843_SG9405.PDF,"Revision (MTO)",NO,,,,,,07.10.2024,LO,6081,LO-006081,false,,,,,,false,2024-01-18,,,,,,,,,,,,
WO,2712,WO-2712,,,-,,,,SPA-SE,1330,SPA-SE01330,"System Administrator",Cerrado,"2023-11-14 18:49:30","2023-11-15 12:25:19","211231253154_SE1330-INSPECCION__OCA_-23-11-2020.PDF","211231253154_SE1330-INSPECCION__OCA_-23-11-2020.PDF","Inspecciones (OCA)",NO,,,,,,23.11.2023,LO,5965,LO-005965,false,,,,,,false,2023-11-14,,,,,,,,,,,,
WO,3666,WO-3666,,,-,,,,SPA-VI,8712,SPA-VI08712,"System Administrator",Cerrado,"2023-11-14 19:11:26","2023-11-15 12:11:54",1608235519086_VI8712.PDF,1608235519086_VI8712.PDF,"Revision (MTO)",NO,,,,,,,LO,7165,LO-007165,false,,,,,,false,2023-11-14,,,,,,,,,,,,
WO,4404,WO-4404,SAR,17,SAR-000017,SPA-GR,4670,SPA-GR04670,,,,"Antonio González amate",Abierto,"2024-01-22 10:15:41","2024-01-22 10:15:41",Auditoría,Auditoría,Auditoría,NO,,,,,,,,,-,false,,,,,,false,2024-01-22,,,,,,,,,,,,
WO,3526,WO-3526,,,-,,,,SPA-CX,410,SPA-CX00410,"System Administrator",Cerrado,"2023-11-14 19:08:12","2023-11-15 12:12:47",041124086686_CX0410.PDF,041124086686_CX0410.PDF,"Revision (MTO)",NO,,,,,,,LO,2128,LO-002128,false,,,,,,false,2023-11-14,,,,,,,,,,,,
WO,3697,WO-3697,,,-,,,,SPA-HU,7128,SPA-HU07128,"System Administrator",Cerrado,"2023-11-14 19:12:13","2023-11-15 12:10:34","2209132331945_HU7128-REV_MTO_11-07-2022.PDF","2209132331945_HU7128-REV_MTO_11-07-2022.PDF","Revision (MTO)",NO,,,,,,,LO,2847,LO-002847,false,,,,,,false,2023-11-14,,,,,,,,,,,,
WO,2054,WO-2054,,,-,,,,SPA-GR,6007,SPA-GR06007,"System Administrator",Cerrado,"2023-11-14 18:34:01","2023-11-15 12:20:16","211230043065_GR6007-REVISION__MTO_-14-05-2019.PDF","211230043065_GR6007-REVISION__MTO_-14-05-2019.PDF","Revision (MTO)",NO,,,,,,,LO,2698,LO-002698,false,,,,,,false,2023-11-14,,,,,,,,,,,,
WO,4024,WO-4024,,,-,,,,SPA-ZA,6963,SPA-ZA06963,"System Administrator",Cerrado,"2024-01-18 17:34:23","2024-01-18 18:01:50",1608481413898_ZA6963.PDF,1608481413898_ZA6963.PDF,"Revision (MTO)",NO,,,,,,10.10.2024,LO,7646,LO-007646,false,,,,,,false,2024-01-18,,,,,,,,,,,,
WO,4496,WO-4496,SAR,155,SAR-000155,SPA-MX,9902,SPA-MX09902,,,,"DNO acceso OSP",Abierto,"2024-01-26 14:00:07","2024-01-26 14:16:42","CAMBIO DE SWITCH","CAMBIO DE SWITCH",Auditoría,NO,,,,,,,,,-,false,,,,,,false,2024-01-26,,,,,,,,,,,,
WO,3365,WO-3365,,,-,,,,,,,"System Administrator",Cerrado,"2023-11-14 19:04:29","2023-11-15 12:24:58","1909411117633_CR3425-TOTEM.PDF","1909411117633_CR3425-TOTEM.PDF","Revision (MTO)",NO,,,,,,,,,-,false,,,,,,false,2023-11-14,,,,,,,,,,,,
WO,4144,WO-4144,,,-,,,,SPA-CU,8322,SPA-CU08322,"System Administrator",Cerrado,"2024-01-18 17:37:18","2024-01-18 18:03:04","0417055115300_CU8322-REVISION__MTO_-27-09-2023.PDF","0417055115300_CU8322-REVISION__MTO_-27-09-2023.PDF","Revision (MTO)",NO,,,,,,27.09.2024,LO,1981,LO-001981,false,,,,,,false,2024-01-18,,,,,,,,,,,,
WO,2355,WO-2355,,,-,,,,SPA-TO,5,SPA-TO00005,"System Administrator",Cerrado,"2023-11-14 18:41:14","2023-11-15 12:24:30","2112304716345_TO0005-REVISION__MTO_-04-02-2019.PDF","2112304716345_TO0005-REVISION__MTO_-04-02-2019.PDF","Revision (MTO)",NO,,,,,,,LO,6629,LO-006629,false,,,,,,false,2023-11-14,,,,,,,,,,,,
WO,2087,WO-2087,,,-,,,,SPA-TE,52,SPA-TE00052,"System Administrator",Cerrado,"2023-11-14 18:34:47","2023-11-15 12:13:30","211230101181_TE0052-REVISION__MTO_-26-02-2020.DOC","211230101181_TE0052-REVISION__MTO_-26-02-2020.DOC","Revision (MTO)",NO,,,,,,,LO,6419,LO-006419,false,,,,,,false,2023-11-14,,,,,,,,,,,,
WO,4524,WO-4524,SAR,184,SAR-000184,SPA-MX,107,SPA-MX00107,,,,"DNO acceso OSP",Abierto,"2024-01-29 07:10:53","2024-01-29 07:16:10","444173   MX0107","estacion caida",Urgente,NO,,,,,,,,,-,false,,,,,,false,2024-01-29,,,,,,,,,,,,
WO,2017,WO-2017,,,-,,,,SPA-TO,1510,SPA-TO01510,"System Administrator",Cerrado,"2023-11-14 18:33:08","2023-11-15 12:18:59","2112300212105_TO1510-INSPECCION__OCA_-16-05-2019.PDF","2112300212105_TO1510-INSPECCION__OCA_-16-05-2019.PDF","Inspecciones (OCA)",NO,,,,,,16.05.2022,LO,6766,LO-006766,false,,,,,,false,2023-11-14,,,,,,,,,,,,
WO,2219,WO-2219,,,-,,,,SPA-SG,9157,SPA-SG09157,"System Administrator",Cerrado,"2023-11-14 18:37:59","2023-11-15 12:18:33","2112303313490_SG9157-REVISION__MTO_-08-08-2019.PDF","2112303313490_SG9157-REVISION__MTO_-08-08-2019.PDF","Revision (MTO)",NO,,,,,,,LO,6054,LO-006054,false,,,,,,false,2023-11-14,,,,,,,,,,,,
WO,3232,WO-3232,,,-,,,,SPA-VA,2147,SPA-VA02147,"System Administrator",Cerrado,"2023-11-14 19:01:25","2023-11-15 12:22:09",0213463331975_VA2147.PDF,0213463331975_VA2147.PDF,"Revision (MTO)",NO,,,,,,,LO,7013,LO-007013,false,,,,,,false,2023-11-14,,,,,,,,,,,,
WO,3592,WO-3592,,,-,,,,SPA-PO,6057,SPA-PO06057,"System Administrator",Cerrado,"2023-11-14 19:09:43","2023-11-15 12:04:57","0710073732180_PO6057-TOTEM.PDF","0710073732180_PO6057-TOTEM.PDF","Revision (MTO)",NO,,,,,,,LO,5514,LO-005514,false,,,,,,false,2023-11-14,,,,,,,,,,,,
WO,4344,WO-4344,,,-,,,,SPA-AV,8943,SPA-AV08943,"System Administrator",Cerrado,"2024-01-18 17:41:52","2024-01-18 18:05:06",300832445402_AV8943.PDF,300832445402_AV8943.PDF,"Inspecciones (OCA)",NO,,,,,,,LO,222,LO-000222,false,,,,,,false,2024-01-18,,,,,,,,,,,,
WO,3446,WO-3446,,,-,,,,SPA-TO,5,SPA-TO00005,"System Administrator",Cerrado,"2023-11-14 19:06:21","2023-11-15 12:24:48","0808284431100_TO0005-TOTEM.PDF","0808284431100_TO0005-TOTEM.PDF","Revision (MTO)",NO,,,,,,,LO,6629,LO-006629,false,,,,,,false,2023-11-14,,,,,,,,,,,,
WO,2687,WO-2687,,,-,,,,SPA-BU,4340,SPA-BU04340,"System Administrator",Cerrado,"2023-11-14 18:48:55","2023-11-15 12:22:38","2112312411514_BU4340-INSPECCION__OCA_-08-10-2020.PDF","2112312411514_BU4340-INSPECCION__OCA_-08-10-2020.PDF","Inspecciones (OCA)",NO,,,,,,08.10.2023,LO,744,LO-000744,false,,,,,,false,2023-11-14,,,,,,,,,,,,
WO,3169,WO-3169,,,-,,,,SPA-SG,9304,SPA-SG09304,"System Administrator",Cerrado,"2023-11-14 18:59:56","2023-11-15 12:17:03",140954113909_SG9304.PDF,140954113909_SG9304.PDF,"Revision (MTO)",NO,,,,,,,LO,6075,LO-006075,false,,,,,,false,2023-11-14,,,,,,,,,,,,
WO,2257,WO-2257,,,-,,,,SPA-CO,7122,SPA-CO07122,"System Administrator",Cerrado,"2023-11-14 18:38:52","2023-11-15 12:06:19","2112303710737_CO7122-REVISION__MTO_-18-02-2020.PDF","2112303710737_CO7122-REVISION__MTO_-18-02-2020.PDF","Revision (MTO)",NO,,,,,,,LO,1636,LO-001636,false,,,,,,false,2023-11-14,,,,,,,,,,,,
WO,2506,WO-2506,,,-,,,,SPA-ZA,6993,SPA-ZA06993,"System Administrator",Cerrado,"2023-11-14 18:44:52","2023-11-15 12:24:17","211231051604_ZA6993-INCIDENCIA-13-07-2020.PDF","211231051604_ZA6993-INCIDENCIA-13-07-2020.PDF","Revision (MTO)",NO,,,,,,,LO,7657,LO-007657,false,,,,,,false,2023-11-14,,,,,,,,,,,,
WO,2003,WO-2003,,,-,,,,SPA-TO,546,SPA-TO00546,"System Administrator",Cerrado,"2023-11-14 18:32:48","2023-11-15 12:06:28","211230014680_TO0546-INSPECCION__OCA_-21-05-2019.PDF","211230014680_TO0546-INSPECCION__OCA_-21-05-2019.PDF","Inspecciones (OCA)",NO,,,,,,21.05.2022,LO,6746,LO-006746,false,,,,,,false,2023-11-14,,,,,,,,,,,,
WO,2247,WO-2247,,,-,,,,SPA-SA,6411,SPA-SA06411,"System Administrator",Cerrado,"2023-11-14 18:38:38","2023-11-15 12:06:51","211230376734_SA6411-REVISION__MTO_-20-09-2018.PDF","211230376734_SA6411-REVISION__MTO_-20-09-2018.PDF","Revision (MTO)",NO,,,,,,,LO,5715,LO-005715,false,,,,,,false,2023-11-14,,,,,,,,,,,,
WO,3455,WO-3455,,,-,,,,SPA-TO,6,SPA-TO00006,"System Administrator",Cerrado,"2023-11-14 19:06:34","2023-11-15 12:09:43","1514203720294_CERT_AT-TO-030_22_TOTEM_TO006_OLIAS_DEL_REY_CT.PDF","1514203720294_CERT_AT-TO-030_22_TOTEM_TO006_OLIAS_DEL_REY_CT.PDF","Inspecciones (OCA)",NO,,,,,,21.06.2025,LO,6630,LO-006630,false,,,,,,false,2023-11-14,,,,,,,,,,,,
WO,3643,WO-3643,,,-,,,,SPA-HX,9474,SPA-HX09474,"System Administrator",Cerrado,"2023-11-14 19:10:52","2023-11-15 12:08:33","151044256880_HX9474-REVISION__MTO_-02-09-2022.PDF","151044256880_HX9474-REVISION__MTO_-02-09-2022.PDF","Revision (MTO)",NO,,,,,,,LO,2931,LO-002931,false,,,,,,false,2023-11-14,,,,,,,,,,,,
WO,3470,WO-3470,,,-,,,,SPA-TO,55,SPA-TO00055,"System Administrator",Cerrado,"2023-11-14 19:06:54","2023-11-15 12:15:03","1812090521777_CERT_AT-TO-023_22_TOTEM_TO0055_ESCALONA_CT.PDF","1812090521777_CERT_AT-TO-023_22_TOTEM_TO0055_ESCALONA_CT.PDF","Inspecciones (OCA)",NO,,,,,,10.06.2025,LO,6654,LO-006654,false,,,,,,false,2023-11-14,,,,,,,,,,,,
WO,2650,WO-2650,,,-,,,,SPA-BU,4154,SPA-BU04154,"System Administrator",Cerrado,"2023-11-14 18:48:06","2023-11-15 12:18:49","211231211790_BU4154-REVISION__MTO_-20-07-2020.PDF","211231211790_BU4154-REVISION__MTO_-20-07-2020.PDF","Revision (MTO)",NO,,,,,,,LO,663,LO-000663,false,,,,,,false,2023-11-14,,,,,,,,,,,,
WO,3217,WO-3217,,,-,,,,SPA-VI,8710,SPA-VI08710,"System Administrator",Cerrado,"2023-11-14 19:01:04","2023-11-15 12:21:28","0312284218088_VI8710-REV__MTO_18-08-2022.PDF","0312284218088_VI8710-REV__MTO_18-08-2022.PDF","Revision (MTO)",NO,,,,,,,LO,7164,LO-007164,false,,,,,,false,2023-11-14,,,,,,,,,,,,
WO,3105,WO-3105,,,-,,,,SPA-CU,8400,SPA-CU08400,"System Administrator",Cerrado,"2023-11-14 18:58:26","2023-11-15 12:12:27",0915340330040_CU8400.PDF,0915340330040_CU8400.PDF,"Inspecciones (OCA)",NO,,,,,,03.08.2024,LO,1990,LO-001990,false,,,,,,false,2023-11-14,,,,,,,,,,,,
WO,3055,WO-3055,,,-,,,,,,,"System Administrator",Cerrado,"2023-11-14 18:57:24","2023-11-15 12:25:00","04120439292_LE1742-REVISION__MTO_-07-08-2017.PDF","04120439292_LE1742-REVISION__MTO_-07-08-2017.PDF","Revision (MTO)",NO,,,,,,,,,-,false,,,,,,false,2023-11-14,,,,,,,,,,,,
WO,2874,WO-2874,,,-,,,,SPA-AV,8478,SPA-AV08478,"System Administrator",Cerrado,"2023-11-14 18:53:17","2023-11-15 12:20:50","231332133973_AV8478-CON_DEFECTOS.PDF","231332133973_AV8478-CON_DEFECTOS.PDF","Revision (MTO)",NO,,,,,,,LO,161,LO-000161,false,,,,,,false,2023-11-14,,,,,,,,,,,,
WO,3645,WO-3645,,,-,,,,SPA-CO,6710,SPA-CO06710,"System Administrator",Cerrado,"2023-11-14 19:10:55","2023-11-15 12:12:30","1512400112155_CO6710-REVISION__MTO_-24-08-2022.PDF","1512400112155_CO6710-REVISION__MTO_-24-08-2022.PDF","Revision (MTO)",NO,,,,,,,LO,1597,LO-001597,false,,,,,,false,2023-11-14,,,,,,,,,,,,
WO,4463,WO-4463,SAR,112,SAR-000112,SPA-MX,6288,SPA-MX06288,,,,"Noemia josilda fátima  Gomes dos santos",Abierto,"2024-01-25 13:18:49","2024-01-25 13:24:51",SPA-MX06288,"SUSTITUCION SSAA",Normal,NO,,,,,,,,,-,false,,,,,,false,2024-01-25,,,,,,,,,,,,
WO,4389,WO-4389,,,-,,,,SPA-TO,19,SPA-TO00019,"System Administrator",Cerrado,"2024-01-18 17:42:53","2024-01-18 18:05:32","1908422615625_CERT_AT-TO-014-2_22_TOTEM_TO0019_YEBENES_CT.PDF","1908422615625_CERT_AT-TO-014-2_22_TOTEM_TO0019_YEBENES_CT.PDF","Inspecciones (OCA)",NO,,,,,,,LO,6638,LO-006638,false,,,,,,false,2024-01-18,,,,,,,,,,,,
WO,2167,WO-2167,,,-,,,,SPA-BU,4225,SPA-BU04225,"System Administrator",Cerrado,"2023-11-14 18:36:45","2023-11-15 12:20:34","2112302621895_BU4225-REVISION__MTO_-08-08-2019.PDF","2112302621895_BU4225-REVISION__MTO_-08-08-2019.PDF","Revision (MTO)",NO,,,,,,,LO,696,LO-000696,false,,,,,,false,2023-11-14,,,,,,,,,,,,
WO,2840,WO-2840,,,-,,,,SPA-VX,918,SPA-VX00918,"System Administrator",Cerrado,"2023-11-14 18:52:29","2023-11-15 12:18:27","131951015162_VX0918_SAGUNTO_INFORME_REVISION_2021.PDF","131951015162_VX0918_SAGUNTO_INFORME_REVISION_2021.PDF","Revision (MTO)",NO,,,,,,,LO,7390,LO-007390,false,,,,,,false,2023-11-14,,,,,,,,,,,,
WO,3434,WO-3434,,,-,,,,SPA-GU,9120,SPA-GU09120,"System Administrator",Cerrado,"2023-11-14 19:06:04","2023-11-15 12:23:47","2711252013599_GU9120-TOTEM.PDF","2711252013599_GU9120-TOTEM.PDF","Revision (MTO)",NO,,,,,,,LO,2764,LO-002764,false,,,,,,false,2023-11-14,,,,,,,,,,,,
WO,2150,WO-2150,,,-,,,,SPA-BU,4360,SPA-BU04360,"System Administrator",Cerrado,"2023-11-14 18:36:21","2023-11-15 12:05:51","2112302618136_BU4360-REVISION__MTO_-08-08-2019.PDF","2112302618136_BU4360-REVISION__MTO_-08-08-2019.PDF","Revision (MTO)",NO,,,,,,,LO,747,LO-000747,false,,,,,,false,2023-11-14,,,,,,,,,,,,
WO,3551,WO-3551,,,-,,,,SPA-MX,2055,SPA-MX02055,"System Administrator",Cerrado,"2023-11-14 19:08:46","2023-11-15 12:07:41",0816122131304_MX2055.PDF,0816122131304_MX2055.PDF,"Revision (MTO)",NO,,,,,,,LO,4614,LO-004614,false,,,,,,false,2023-11-14,,,,,,,,,,,,
WO,3495,WO-3495,,,-,,,,SPA-TO,541,SPA-TO00541,"System Administrator",Cerrado,"2023-11-14 19:07:29","2023-11-15 12:22:48","1812535311916_TO0541-REV__MTO_08-06-2022.PDF","1812535311916_TO0541-REV__MTO_08-06-2022.PDF","Revision (MTO)",NO,,,,,,,LO,6744,LO-006744,false,,,,,,false,2023-11-14,,,,,,,,,,,,
WO,2542,WO-2542,,,-,,,,SPA-PO,6127,SPA-PO06127,"System Administrator",Cerrado,"2023-11-14 18:45:39","2023-11-15 12:18:00","2112311118718_PO6127-REVISION__MTO_-21-04-2020.PDF","2112311118718_PO6127-REVISION__MTO_-21-04-2020.PDF","Revision (MTO)",NO,,,,,,,LO,5529,LO-005529,false,,,,,,false,2023-11-14,,,,,,,,,,,,
WO,4173,WO-4173,,,-,,,,SPA-CX,427,SPA-CX00427,"System Administrator",Cerrado,"2024-01-18 17:38:00","2024-01-18 18:03:22",0415555219459_CX0427.PDF,0415555219459_CX0427.PDF,"Revision (MTO)",NO,,,,,,29.11.2024,LO,2135,LO-002135,false,,,,,,false,2024-01-18,,,,,,,,,,,,
WO,2051,WO-2051,,,-,,,,SPA-HX,9474,SPA-HX09474,"System Administrator",Cerrado,"2023-11-14 18:33:56","2023-11-15 12:14:50","21123003236_HX9474-REVISION__MTO_-24-07-2019.PDF","21123003236_HX9474-REVISION__MTO_-24-07-2019.PDF","Revision (MTO)",NO,,,,,,,LO,2931,LO-002931,false,,,,,,false,2023-11-14,,,,,,,,,,,,
WO,3202,WO-3202,,,-,,,,SPA-SE,83,SPA-SE00083,"System Administrator",Cerrado,"2023-11-14 19:00:43","2023-11-15 12:09:57","0314060116012_SE0083-INSPECCION__OCA_-17-10-2022.PDF","0314060116012_SE0083-INSPECCION__OCA_-17-10-2022.PDF","Inspecciones (OCA)",NO,,,,,,17.10.2025,LO,5775,LO-005775,false,,,,,,false,2023-11-14,,,,,,,,,,,,
WO,3785,WO-3785,,,-,,,,SPA-JX,8171,SPA-JX08171,"System Administrator",Cerrado,"2023-11-14 19:14:18","2023-11-15 12:12:10","2707184923228_JX8171_OCA_FAVORABLE_30-08-2022.PDF","2707184923228_JX8171_OCA_FAVORABLE_30-08-2022.PDF","Inspecciones (OCA)",NO,,,,,,30.08.2025,LO,3323,LO-003323,false,,,,,,false,2023-11-14,,,,,,,,,,,,
WO,3429,WO-3429,,,-,,,,SPA-GU,9199,SPA-GU09199,"System Administrator",Cerrado,"2023-11-14 19:05:57","2023-11-15 12:22:17","2711064319113_GU9199-TOTEM.PDF","2711064319113_GU9199-TOTEM.PDF","Revision (MTO)",NO,,,,,,,LO,2802,LO-002802,false,,,,,,false,2023-11-14,,,,,,,,,,,,
WO,2560,WO-2560,,,-,,,,SPA-LE,921,SPA-LE00921,"System Administrator",Cerrado,"2023-11-14 18:46:04","2023-11-15 12:10:03","2112311226897_LE0921-INSPECCION__OCA_-13-08-2020.PDF","2112311226897_LE0921-INSPECCION__OCA_-13-08-2020.PDF","Inspecciones (OCA)",NO,,,,,,13.08.2023,LO,3423,LO-003423,false,,,,,,false,2023-11-14,,,,,,,,,,,,
WO,2330,WO-2330,,,-,,,,SPA-MX,3027,SPA-MX03027,"System Administrator",Cerrado,"2023-11-14 18:40:38","2023-11-15 12:13:16","211230444750_MX3027-REVISION__MTO_-04-02-2019.PDF","211230444750_MX3027-REVISION__MTO_-04-02-2019.PDF","Revision (MTO)",NO,,,,,,,LO,4676,LO-004676,false,,,,,,false,2023-11-14,,,,,,,,,,,,
WO,4333,WO-4333,,,-,,,,SPA-SE,1328,SPA-SE01328,"System Administrator",Cerrado,"2024-01-18 17:41:37","2024-01-18 18:04:59","221352099117_01370312_ORANGE_ESPAGNE__SAU_SE1328___LAMT_PERIO_FAV.PDF","221352099117_01370312_ORANGE_ESPAGNE__SAU_SE1328___LAMT_PERIO_FAV.PDF","Inspecciones (OCA)",NO,,,,,,,LO,5964,LO-005964,false,,,,,,false,2024-01-18,,,,,,,,,,,,
WO,3225,WO-3225,,,-,,,,SPA-VA,2225,SPA-VA02225,"System Administrator",Cerrado,"2023-11-14 19:01:15","2023-11-15 12:16:14",0212493014578_VA2225.PDF,0212493014578_VA2225.PDF,"Revision (MTO)",NO,,,,,,,LO,7065,LO-007065,false,,,,,,false,2023-11-14,,,,,,,,,,,,
WO,4216,WO-4216,,,-,,,,SPA-TO,532,SPA-TO00532,"System Administrator",Cerrado,"2024-01-18 17:38:59","2024-01-18 18:03:48","0409134515097_CERT_AT-TO-015-2_22_TOTEM_TO0532_LAS_VENTAS_CON_PEÑA_AGUILERA_CT.PDF","0409134515097_CERT_AT-TO-015-2_22_TOTEM_TO0532_LAS_VENTAS_CON_PEÑA_AGUILERA_CT.PDF","Inspecciones (OCA)",NO,,,,,,,LO,6737,LO-006737,false,,,,,,false,2024-01-18,,,,,,,,,,,,
WO,4081,WO-4081,,,-,,,,SPA-SO,9812,SPA-SO09812,"System Administrator",Cerrado,"2024-01-18 17:35:46","2024-01-18 18:02:25",300819048595_SO9812.PDF,300819048595_SO9812.PDF,"Revision (MTO)",NO,,,,,,21.10.2024,LO,6138,LO-006138,false,,,,,,false,2024-01-18,,,,,,,,,,,,
WO,4098,WO-4098,,,-,,,,SPA-TO,1037,SPA-TO01037,"System Administrator",Cerrado,"2024-01-18 17:36:11","2024-01-18 18:02:36","0108042930091_TO1037-REV_MAT_23_06_23.PDF","0108042930091_TO1037-REV_MAT_23_06_23.PDF","Revision (MTO)",NO,,,,,,23.06.2024,LO,6760,LO-006760,false,,,,,,false,2024-01-18,,,,,,,,,,,,
WO,4245,WO-4245,,,-,,,,SPA-LE,1673,SPA-LE01673,"System Administrator",Cerrado,"2024-01-18 17:39:40","2024-01-18 18:04:08",0408143013652_LE1673.PDF,0408143013652_LE1673.PDF,"Inspecciones (OCA)",NO,,,,,,,LO,3461,LO-003461,false,,,,,,false,2024-01-18,,,,,,,,,,,,
WO,4033,WO-4033,,,-,,,,SPA-LE,1951,SPA-LE01951,"System Administrator",Cerrado,"2024-01-18 17:34:37","2024-01-18 18:01:56",0414165628009_LE1951.PDF,0414165628009_LE1951.PDF,"Revision (MTO)",NO,,,,,,11.11.2024,LO,3502,LO-003502,false,,,,,,false,2024-01-18,,,,,,,,,,,,
WO,4521,WO-4521,SAR,181,SAR-000181,SPA-CC,3908,SPA-CC03908,,,,"Cristobal Muñoz delgado",Abierto,"2024-01-28 10:59:43","2024-01-28 11:45:01","Revision equipos","Revisar equipos caidos",Urgente,SI,"2024-01-28 11:00:00","2024-01-29 20:00:00",,,2401B43478,,,,-,false,,,,,,false,2024-01-28,,,,,,,,,,,,
WO,4207,WO-4207,,,-,,,,SPA-TO,19,SPA-TO00019,"System Administrator",Cerrado,"2024-01-18 17:38:48","2024-01-18 18:03:43","0408081420239_TO0019_YEBENES_CT-ACTA_2__VISITA_FAVORABLE.PDF","0408081420239_TO0019_YEBENES_CT-ACTA_2__VISITA_FAVORABLE.PDF","Inspecciones (OCA)",NO,,,,,,,LO,6638,LO-006638,false,,,,,,false,2024-01-18,,,,,,,,,,,,
WO,2008,WO-2008,,,-,,,,SPA-TO,2123,SPA-TO02123,"System Administrator",Cerrado,"2023-11-14 18:32:55","2023-11-15 12:07:24","211230017240_TO2123-INSPECCION__OCA_-22-05-2019.PDF","211230017240_TO2123-INSPECCION__OCA_-22-05-2019.PDF","Inspecciones (OCA)",NO,,,,,,22.05.2022,LO,6786,LO-006786,false,,,,,,false,2023-11-14,,,,,,,,,,,,
WO,2400,WO-2400,,,-,,,,SPA-CU,8510,SPA-CU08510,"System Administrator",Cerrado,"2023-11-14 18:42:17","2023-11-15 12:20:52","2112305116857_CU8510-REVISION__MTO_-12-03-2019.PDF","2112305116857_CU8510-REVISION__MTO_-12-03-2019.PDF","Revision (MTO)",NO,,,,,,,LO,2027,LO-002027,false,,,,,,false,2023-11-14,,,,,,,,,,,,
WO,4299,WO-4299,,,-,,,,SPA-BU,4126,SPA-BU04126,"System Administrator",Cerrado,"2024-01-18 17:40:52","2024-01-18 18:04:39",0908450011489_BU4126.PDF,0908450011489_BU4126.PDF,"Inspecciones (OCA)",NO,,,,,,,LO,642,LO-000642,false,,,,,,false,2024-01-18,,,,,,,,,,,,
WO,3980,WO-3980,,,-,,,,SPA-TE,102,SPA-TE00102,"System Administrator",Cerrado,"2024-01-18 17:33:20","2024-01-18 18:01:23","0512154523321_TE0102-REV_MTO_02-11-2023.PDF","0512154523321_TE0102-REV_MTO_02-11-2023.PDF","Revision (MTO)",NO,,,,,,02.11.2024,LO,6440,LO-006440,false,,,,,,false,2024-01-18,,,,,,,,,,,,
WO,3397,WO-3397,,,-,,,,SPA-CU,8328,SPA-CU08328,"System Administrator",Cerrado,"2023-11-14 19:05:13","2023-11-15 12:23:03","25100803883_CU8328-TOTEM.PDF","25100803883_CU8328-TOTEM.PDF","Revision (MTO)",NO,,,,,,,LO,1986,LO-001986,false,,,,,,false,2023-11-14,,,,,,,,,,,,
WO,3172,WO-3172,,,-,,,,SPA-SG,9306,SPA-SG09306,"System Administrator",Cerrado,"2023-11-14 19:00:00","2023-11-15 12:10:21",140940401313_SG9306.PDF,140940401313_SG9306.PDF,"Revision (MTO)",NO,,,,,,,LO,6077,LO-006077,false,,,,,,false,2023-11-14,,,,,,,,,,,,
WO,3619,WO-3619,,,-,,,,SPA-JX,8120,SPA-JX08120,"System Administrator",Cerrado,"2023-11-14 19:10:19","2023-11-15 12:14:01","121126079166_JX8120-REVISION__MTO_-29-08-2022.PDF","121126079166_JX8120-REVISION__MTO_-29-08-2022.PDF","Revision (MTO)",NO,,,,,,,LO,3317,LO-003317,false,,,,,,false,2023-11-14,,,,,,,,,,,,
WO,2930,WO-2930,,,-,,,,SPA-OR,301,SPA-OR00301,"System Administrator",Cerrado,"2023-11-14 18:54:34","2023-11-15 12:24:06","200941028018_OR0301-DEFECTOS_CORREGIDOS.PDF","200941028018_OR0301-DEFECTOS_CORREGIDOS.PDF","Revision (MTO)",NO,,,,,,,LO,5103,LO-005103,false,,,,,,false,2023-11-14,,,,,,,,,,,,
WO,3261,WO-3261,,,-,,,,SPA-LE,1715,SPA-LE01715,"System Administrator",Cerrado,"2023-11-14 19:02:05","2023-11-15 12:16:32",1410203728823_LE1715.PDF,1410203728823_LE1715.PDF,"Revision (MTO)",NO,,,,,,,LO,3471,LO-003471,false,,,,,,false,2023-11-14,,,,,,,,,,,,
WO,3957,WO-3957,,,-,,,,SPA-GU,9167,SPA-GU09167,"System Administrator",Cerrado,"2024-01-18 17:32:46","2024-01-18 18:01:09","1911110221179_GU9167-REV_MTO_29-03-2023.PDF","1911110221179_GU9167-REV_MTO_29-03-2023.PDF","Revision (MTO)",NO,,,,,,,LO,2789,LO-002789,false,,,,,,false,2024-01-18,,,,,,,,,,,,
WO,3252,WO-3252,,,-,,,,SPA-LE,1725,SPA-LE01725,"System Administrator",Cerrado,"2023-11-14 19:01:52","2023-11-15 12:07:18",140912055474_LE1725.PDF,140912055474_LE1725.PDF,"Revision (MTO)",NO,,,,,,,LO,3480,LO-003480,false,,,,,,false,2023-11-14,,,,,,,,,,,,
WO,4406,WO-4406,SAR,24,SAR-000024,SPA-SE,440,SPA-SE00440,,,,"Agustín  Martín grande",Cerrado,"2024-01-22 11:21:46","2024-01-24 12:28:30","Desmantelamiento SPA-SE00440","Desmantelamiento SPA-SE00440",Infraestructura,SI,"2024-01-22 12:00:00","2024-01-24 18:00:00","2024-01-22 00:00:00",,,,,,-,false,,,,,,false,2024-01-22,,,,,,,,,,,,
WO,2100,WO-2100,,,-,,,,SPA-LE,1712,SPA-LE01712,"System Administrator",Cerrado,"2023-11-14 18:35:06","2023-11-15 12:12:32","2112301922593_LE1712-REVISION__MTO_-03-08-2018.PDF","2112301922593_LE1712-REVISION__MTO_-03-08-2018.PDF","Revision (MTO)",NO,,,,,,,LO,3469,LO-003469,false,,,,,,false,2023-11-14,,,,,,,,,,,,
WO,2517,WO-2517,,,-,,,,SPA-OR,9830,SPA-OR09830,"System Administrator",Cerrado,"2023-11-14 18:45:06","2023-11-15 12:08:46","2112310625395_OR9830-REVISION__MTO_-20-04-2020.PDF","2112310625395_OR9830-REVISION__MTO_-20-04-2020.PDF","Revision (MTO)",NO,,,,,,,LO,5189,LO-005189,false,,,,,,false,2023-11-14,,,,,,,,,,,,
WO,3073,WO-3073,,,-,,,,,,,"System Administrator",Cerrado,"2023-11-14 18:57:44","2023-11-15 12:17:48","0412043826500_AV8472-REVISION__MTO_-24082015.PDF","0412043826500_AV8472-REVISION__MTO_-24082015.PDF","Revision (MTO)",NO,,,,,,,,,-,false,,,,,,false,2023-11-14,,,,,,,,,,,,
WO,3022,WO-3022,,,-,,,,,,,"System Administrator",Cerrado,"2023-11-14 18:56:42","2023-11-15 12:13:52",1810465216845_SA5728.PDF,1810465216845_SA5728.PDF,"Revision (MTO)",NO,,,,,,,,,-,false,,,,,,false,2023-11-14,,,,,,,,,,,,
WO,2417,WO-2417,,,-,,,,SPA-CU,10,SPA-CU00010,"System Administrator",Cerrado,"2023-11-14 18:42:41","2023-11-15 12:07:51","2112305225619_CU0010-REVISION__MTO_-12-03-2019.PDF","2112305225619_CU0010-REVISION__MTO_-12-03-2019.PDF","Revision (MTO)",NO,,,,,,,LO,1959,LO-001959,false,,,,,,false,2023-11-14,,,,,,,,,,,,
WO,3141,WO-3141,,,-,,,,SPA-SA,5906,SPA-SA05906,"System Administrator",Cerrado,"2023-11-14 18:59:15","2023-11-15 12:25:11","211017371245_SA5906-CON_DEFECTOS.PDF","211017371245_SA5906-CON_DEFECTOS.PDF","Revision (MTO)",NO,,,,,,,LO,5709,LO-005709,false,,,,,,false,2023-11-14,,,,,,,,,,,,
WO,3606,WO-3606,,,-,,,,SPA-JX,8005,SPA-JX08005,"System Administrator",Cerrado,"2023-11-14 19:10:01","2023-11-15 12:17:37","1210235925750_JX8005-REVISION__MTO_-30-08-2022.PDF","1210235925750_JX8005-REVISION__MTO_-30-08-2022.PDF","Revision (MTO)",NO,,,,,,,LO,3308,LO-003308,false,,,,,,false,2023-11-14,,,,,,,,,,,,
WO,4302,WO-4302,,,-,,,,SPA-LE,1661,SPA-LE01661,"System Administrator",Cerrado,"2024-01-18 17:40:56","2024-01-18 18:04:41",130828459385_LE1661.PDF,130828459385_LE1661.PDF,"Inspecciones (OCA)",NO,,,,,,,LO,3458,LO-003458,false,,,,,,false,2024-01-18,,,,,,,,,,,,
WO,4312,WO-4312,,,-,,,,SPA-BU,4313,SPA-BU04313,"System Administrator",Cerrado,"2024-01-18 17:41:09","2024-01-18 18:04:46",170808516974_BU4313.PDF,170808516974_BU4313.PDF,"Inspecciones (OCA)",NO,,,,,,,LO,737,LO-000737,false,,,,,,false,2024-01-18,,,,,,,,,,,,
WO,2090,WO-2090,,,-,,,,SPA-TE,8,SPA-TE00008,"System Administrator",Cerrado,"2023-11-14 18:34:51","2023-11-15 12:20:19","2112301018110_TE0008-REVISION__MTO_-27-02-2020.DOC","2112301018110_TE0008-REVISION__MTO_-27-02-2020.DOC","Revision (MTO)",NO,,,,,,,LO,6398,LO-006398,false,,,,,,false,2023-11-14,,,,,,,,,,,,
WO,4604,WO-4604,SAR,264,SAR-000264,SPA-BX,561,SPA-BX00561,,,,"M. Dolores Panzuela Moral",Abierto,"2024-01-29 20:43:13","2024-01-29 21:01:51",BX0561,"TT TITLE: Neon_INFRA:P2:Barcelona:BX0561:ENERGIA_AC:BTS:1",Urgente,SI,,,,,,,,,-,false,,,,,,false,2024-01-29,,,,,,,,,,,,
WO,2574,WO-2574,,,-,,,,SPA-LE,9743,SPA-LE09743,"System Administrator",Cerrado,"2023-11-14 18:46:23","2023-11-15 12:18:05","2112311431426_LE9743-INSPECCION__OCA_-10-08-2020.PDF","2112311431426_LE9743-INSPECCION__OCA_-10-08-2020.PDF","Inspecciones (OCA)",NO,,,,,,10.08.2023,LO,3511,LO-003511,false,,,,,,false,2023-11-14,,,,,,,,,,,,
WO,2915,WO-2915,,,-,,,,SPA-BU,4235,SPA-BU04235,"System Administrator",Cerrado,"2023-11-14 18:54:13","2023-11-15 12:19:31","2113274211891_BU4235-DEFECTOS_CORREGIDOS.PDF","2113274211891_BU4235-DEFECTOS_CORREGIDOS.PDF","Revision (MTO)",NO,,,,,,,LO,703,LO-000703,false,,,,,,false,2023-11-14,,,,,,,,,,,,
WO,2799,WO-2799,,,-,,,,SPA-SG,9401,SPA-SG09401,"System Administrator",Cerrado,"2023-11-14 18:51:30","2023-11-15 12:13:06","2112342718259_SG9401-INSPECCION__OCA_-15-09-2020.PDF","2112342718259_SG9401-INSPECCION__OCA_-15-09-2020.PDF","Inspecciones (OCA)",NO,,,,,,15.09.2023,LO,6078,LO-006078,false,,,,,,false,2023-11-14,,,,,,,,,,,,
WO,2117,WO-2117,,,-,,,,SPA-BU,4138,SPA-BU04138,"System Administrator",Cerrado,"2023-11-14 18:35:32","2023-11-15 12:08:27","211230212095_BU4138-REVISION__MTO_-01-08-2018.PDF","211230212095_BU4138-REVISION__MTO_-01-08-2018.PDF","Revision (MTO)",NO,,,,,,,LO,651,LO-000651,false,,,,,,false,2023-11-14,,,,,,,,,,,,
WO,4314,WO-4314,,,-,,,,SPA-BU,4365,SPA-BU04365,"System Administrator",Cerrado,"2024-01-18 17:41:12","2024-01-18 18:04:48",170815463543_BU4365.PDF,170815463543_BU4365.PDF,"Inspecciones (OCA)",NO,,,,,,,LO,751,LO-000751,false,,,,,,false,2024-01-18,,,,,,,,,,,,
WO,3390,WO-3390,,,-,,,,SPA-LE,1501,SPA-LE01501,"System Administrator",Cerrado,"2023-11-14 19:05:04","2023-11-15 12:22:25","220836548592_PARTE_INCIDENCIA.PDF","220836548592_PARTE_INCIDENCIA.PDF","Revision (MTO)",NO,,,,,,,LO,3437,LO-003437,false,,,,,,false,2023-11-14,,,,,,,,,,,,
WO,4356,WO-4356,,,-,,,,SPA-CX,3501,SPA-CX03501,"System Administrator",Cerrado,"2024-01-18 17:42:08","2024-01-18 18:05:13",0416045228177_CX3501.PDF,0416045228177_CX3501.PDF,"Inspecciones (OCA)",NO,,,,,,,LO,2287,LO-002287,false,,,,,,false,2024-01-18,,,,,,,,,,,,
WO,3761,WO-3761,,,-,,,,SPA-PX,8234,SPA-PX08234,"System Administrator",Cerrado,"2023-11-14 19:13:44","2023-11-15 12:12:21","2110080723379_PX8234-CON_DEFECTOS.PDF","2110080723379_PX8234-CON_DEFECTOS.PDF","Revision (MTO)",NO,,,,,,,LO,5667,LO-005667,false,,,,,,false,2023-11-14,,,,,,,,,,,,
WO,4057,WO-4057,,,-,,,,SPA-LE,1621,SPA-LE01621,"System Administrator",Cerrado,"2024-01-18 17:35:11","2024-01-18 18:02:11",2009032626138_LE1621.PDF,2009032626138_LE1621.PDF,"Revision (MTO)",NO,,,,,,18.10.2024,LO,3454,LO-003454,false,,,,,,false,2024-01-18,,,,,,,,,,,,
WO,2815,WO-2815,,,-,,,,SPA-LU,7970,SPA-LU07970,"System Administrator",Cerrado,"2023-11-14 18:51:52","2023-11-15 12:07:48","2112342812294_LU7970-INSPECCION__OCA_-24-08-2020.PDF","2112342812294_LU7970-INSPECCION__OCA_-24-08-2020.PDF","Inspecciones (OCA)",NO,,,,,,24.08.2023,LO,3624,LO-003624,false,,,,,,false,2023-11-14,,,,,,,,,,,,
WO,3272,WO-3272,,,-,,,,SPA-LE,1673,SPA-LE01673,"System Administrator",Cerrado,"2023-11-14 19:02:20","2023-11-15 12:22:21",1410354024456_LE1673.PDF,1410354024456_LE1673.PDF,"Revision (MTO)",NO,,,,,,,LO,3461,LO-003461,false,,,,,,false,2023-11-14,,,,,,,,,,,,
WO,3662,WO-3662,,,-,,,,SPA-BU,4201,SPA-BU04201,"System Administrator",Cerrado,"2023-11-14 19:11:20","2023-11-15 12:07:33",1608195027735_BU4201.PDF,1608195027735_BU4201.PDF,"Revision (MTO)",NO,,,,,,,LO,684,LO-000684,false,,,,,,false,2023-11-14,,,,,,,,,,,,
WO,3740,WO-3740,,,-,,,,SPA-VX,900,SPA-VX00900,"System Administrator",Cerrado,"2023-11-14 19:13:14","2023-11-15 12:17:56","0317502514742_VX0900_LOS_PEDRONES_INFORME_REVISION_2022.PDF","0317502514742_VX0900_LOS_PEDRONES_INFORME_REVISION_2022.PDF","Revision (MTO)",NO,,,,,,,LO,7384,LO-007384,false,,,,,,false,2023-11-14,,,,,,,,,,,,
WO,3157,WO-3157,,,-,,,,SPA-SG,9157,SPA-SG09157,"System Administrator",Cerrado,"2023-11-14 18:59:37","2023-11-15 12:25:32",1410042018261_SG9157.PDF,1410042018261_SG9157.PDF,"Revision (MTO)",NO,,,,,,,LO,6054,LO-006054,false,,,,,,false,2023-11-14,,,,,,,,,,,,
WO,4171,WO-4171,,,-,,,,SPA-AB,6362,SPA-AB06362,"System Administrator",Cerrado,"2024-01-18 17:37:57","2024-01-18 18:03:21","0511032312402_AB6362-REV_MTO_29-09-2023.PDF","0511032312402_AB6362-REV_MTO_29-09-2023.PDF","Revision (MTO)",NO,,,,,,29.09.2024,LO,78,LO-000078,false,,,,,,false,2024-01-18,,,,,,,,,,,,
WO,1990,WO-1990,,,-,,,,SPA-IB,417,SPA-IB00417,"System Administrator",Cerrado,"2023-11-14 18:32:30","2023-11-15 12:07:58","290814369085_2021_INSYTE_SON_REUS.PDF","290814369085_2021_INSYTE_SON_REUS.PDF","Revision (MTO)",NO,,,,,,,LO,3215,LO-003215,false,,,,,,false,2023-11-14,,,,,,,,,,,,
WO,2558,WO-2558,,,-,,,,SPA-LE,1541,SPA-LE01541,"System Administrator",Cerrado,"2023-11-14 18:46:01","2023-11-15 12:19:04","211231122480_LE1541-INSPECCION__OCA_-13-08-2020.PDF","211231122480_LE1541-INSPECCION__OCA_-13-08-2020.PDF","Inspecciones (OCA)",NO,,,,,,13.08.2023,LO,3445,LO-003445,false,,,,,,false,2023-11-14,,,,,,,,,,,,
WO,2446,WO-2446,,,-,,,,SPA-OR,9830,SPA-OR09830,"System Administrator",Cerrado,"2023-11-14 18:43:24","2023-11-15 12:17:57","2112305516840_OR9830-REVISION__MTO_-04-06-2019.PDF","2112305516840_OR9830-REVISION__MTO_-04-06-2019.PDF","Revision (MTO)",NO,,,,,,,LO,5189,LO-005189,false,,,,,,false,2023-11-14,,,,,,,,,,,,
WO,2807,WO-2807,,,-,,,,SPA-CX,427,SPA-CX00427,"System Administrator",Cerrado,"2023-11-14 18:51:41","2023-11-15 12:05:47","2112342711458_CX0427-INSPECCION__OCA_-15-09-2020.PDF","2112342711458_CX0427-INSPECCION__OCA_-15-09-2020.PDF","Inspecciones (OCA)",NO,,,,,,15.09.2023,LO,2135,LO-002135,false,,,,,,false,2023-11-14,,,,,,,,,,,,
WO,2184,WO-2184,,,-,,,,SPA-SO,9890,SPA-SO09890,"System Administrator",Cerrado,"2023-11-14 18:37:09","2023-11-15 12:17:11","2112302920652_SO9890-REVISION__MTO_-10-07-2019.PDF","2112302920652_SO9890-REVISION__MTO_-10-07-2019.PDF","Revision (MTO)",NO,,,,,,,LO,6164,LO-006164,false,,,,,,false,2023-11-14,,,,,,,,,,,,
WO,4136,WO-4136,,,-,,,,SPA-TO,5,SPA-TO00005,"System Administrator",Cerrado,"2024-01-18 17:37:07","2024-01-18 18:02:59","271535509003_TO0005-REV__MTO_22-06-2023.PDF","271535509003_TO0005-REV__MTO_22-06-2023.PDF","Revision (MTO)",NO,,,,,,26.06.2024,LO,6629,LO-006629,false,,,,,,false,2024-01-18,,,,,,,,,,,,
WO,1967,WO-1967,,,-,,,,SPA-AX,6310,SPA-AX06310,"System Administrator",Cerrado,"2023-11-14 18:31:52","2023-11-15 12:11:48","2711525414788_460_AT_0060_21-1__AX6310.PDF","2711525414788_460_AT_0060_21-1__AX6310.PDF","Inspecciones (OCA)",NO,,,,,,14.04.2024,LO,351,LO-000351,false,,,,,,false,2023-11-14,,,,,,,,,,,,
WO,4414,WO-4414,SAR,30,SAR-000030,SPA-CO,7004,SPA-CO07004,,,,"Juan claudio Sitjes",Abierto,"2024-01-22 14:11:31","2024-01-22 14:11:31",BQA_PRL,"Auditoría Totem BQA_PRL",Auditoría,NO,,,,,,,,,-,false,,,,,,false,2024-01-22,,,,,,,,,,,,
WO,3507,WO-3507,,,-,,,,SPA-MX,1002,SPA-MX01002,"System Administrator",Cerrado,"2023-11-14 19:07:45","2023-11-15 12:17:26",1909172918384_MX1002.PDF,1909172918384_MX1002.PDF,"Revision (MTO)",NO,,,,,,,LO,4523,LO-004523,false,,,,,,false,2023-11-14,,,,,,,,,,,,
WO,3125,WO-3125,,,-,,,,SPA-CR,3096,SPA-CR03096,"System Administrator",Cerrado,"2023-11-14 18:58:53","2023-11-15 12:07:34",1110325221364_CR3096.PDF,1110325221364_CR3096.PDF,"Inspecciones (OCA)",NO,,,,,,26.07.2024,LO,1751,LO-001751,false,,,,,,false,2023-11-14,,,,,,,,,,,,
WO,2338,WO-2338,,,-,,,,SPA-SE,2063,SPA-SE02063,"System Administrator",Cerrado,"2023-11-14 18:40:49","2023-11-15 12:19:44","2112304610002_SE2063-REVISION__MTO_-13-04-2020.PDF","2112304610002_SE2063-REVISION__MTO_-13-04-2020.PDF","Revision (MTO)",NO,,,,,,,LO,5990,LO-005990,false,,,,,,false,2023-11-14,,,,,,,,,,,,
WO,2187,WO-2187,,,-,,,,SPA-SO,9832,SPA-SO09832,"System Administrator",Cerrado,"2023-11-14 18:37:14","2023-11-15 12:20:55","2112302930470_SO9832-REVISION__MTO_-10-07-2019.PDF","2112302930470_SO9832-REVISION__MTO_-10-07-2019.PDF","Revision (MTO)",NO,,,,,,,LO,6146,LO-006146,false,,,,,,false,2023-11-14,,,,,,,,,,,,
WO,2734,WO-2734,,,-,,,,SPA-SE,128,SPA-SE00128,"System Administrator",Cerrado,"2023-11-14 18:49:59","2023-11-15 12:22:08","211231278272_SE0128-INSPECCION__OCA_-18-12-2020.PDF","211231278272_SE0128-INSPECCION__OCA_-18-12-2020.PDF","Inspecciones (OCA)",NO,,,,,,18.12.2023,LO,5786,LO-005786,false,,,,,,false,2023-11-14,,,,,,,,,,,,
WO,3107,WO-3107,,,-,,,,SPA-CU,8405,SPA-CU08405,"System Administrator",Cerrado,"2023-11-14 18:58:28","2023-11-15 12:23:16",091535508096_CU8405.PDF,091535508096_CU8405.PDF,"Inspecciones (OCA)",NO,,,,,,03.08.2024,LO,1995,LO-001995,false,,,,,,false,2023-11-14,,,,,,,,,,,,
WO,2204,WO-2204,,,-,,,,SPA-ZA,6952,SPA-ZA06952,"System Administrator",Cerrado,"2023-11-14 18:37:38","2023-11-15 12:09:30","211230332669_ZA6952-REVISION__MTO_-08-07-2019.PDF","211230332669_ZA6952-REVISION__MTO_-08-07-2019.PDF","Revision (MTO)",NO,,,,,,,LO,7642,LO-007642,false,,,,,,false,2023-11-14,,,,,,,,,,,,
WO,2917,WO-2917,,,-,,,,SPA-LO,504,SPA-LO00504,"System Administrator",Cerrado,"2023-11-14 18:54:16","2023-11-15 12:18:54",0210044216040_LO0504.PDF,0210044216040_LO0504.PDF,"Inspecciones (OCA)",NO,,,,,,14.06.2024,LO,3537,LO-003537,false,,,,,,false,2023-11-14,,,,,,,,,,,,
WO,3265,WO-3265,,,-,,,,,,,"System Administrator",Cerrado,"2023-11-14 19:02:11","2023-11-15 12:18:02",1410294727012_LE0451.PDF,1410294727012_LE0451.PDF,"Revision (MTO)",NO,,,,,,,,,-,false,,,,,,false,2023-11-14,,,,,,,,,,,,
WO,2006,WO-2006,,,-,,,,SPA-TO,72,SPA-TO00072,"System Administrator",Cerrado,"2023-11-14 18:32:52","2023-11-15 12:14:28","2112300114387_TO0072-INSPECCION__OCA_-16-05-2019.PDF","2112300114387_TO0072-INSPECCION__OCA_-16-05-2019.PDF","Inspecciones (OCA)",NO,,,,,,16.05.2022,LO,6660,LO-006660,false,,,,,,false,2023-11-14,,,,,,,,,,,,
WO,1898,WO-1898,,,-,,,,SPA-JX,8005,SPA-JX08005,"System Administrator",Cerrado,"2023-11-14 18:30:17","2023-11-15 12:23:04","221318184343_OCA_CT_JX8005_2021.PDF","221318184343_OCA_CT_JX8005_2021.PDF","Inspecciones (OCA)",NO,,,,,,11.11.2024,LO,3308,LO-003308,false,,,,,,false,2023-11-14,,,,,,,,,,,,
WO,2694,WO-2694,,,-,,,,SPA-LE,1734,SPA-LE01734,"System Administrator",Cerrado,"2023-11-14 18:49:05","2023-11-15 12:05:50","2112312426632_LE1734-REVISION__MTO_-23-06-2020.PDF","2112312426632_LE1734-REVISION__MTO_-23-06-2020.PDF","Revision (MTO)",NO,,,,,,,LO,3486,LO-003486,false,,,,,,false,2023-11-14,,,,,,,,,,,,
WO,3611,WO-3611,,,-,,,,SPA-ZX,519,SPA-ZX00519,"System Administrator",Cerrado,"2023-11-14 19:10:08","2023-11-15 12:11:16","1211090212361_ZX0519_-_AT-Z-15-22_-_SADABA_-_OCA.PDF","1211090212361_ZX0519_-_AT-Z-15-22_-_SADABA_-_OCA.PDF","Inspecciones (OCA)",NO,,,,,,06.07.2025,LO,7776,LO-007776,false,,,,,,false,2023-11-14,,,,,,,,,,,,
WO,3060,WO-3060,,,-,,,,,,,"System Administrator",Cerrado,"2023-11-14 18:57:30","2023-11-15 12:20:23","041204394827_SA6408-REVISION__MTO_-27-09-2017.PDF","041204394827_SA6408-REVISION__MTO_-27-09-2017.PDF","Revision (MTO)",NO,,,,,,,,,-,false,,,,,,false,2023-11-14,,,,,,,,,,,,
WO,2619,WO-2619,,,-,,,,SPA-BU,4201,SPA-BU04201,"System Administrator",Cerrado,"2023-11-14 18:47:24","2023-11-15 12:23:05","2112311914804_BU4201-REVISION__MTO_-20-07-2020.PDF","2112311914804_BU4201-REVISION__MTO_-20-07-2020.PDF","Revision (MTO)",NO,,,,,,,LO,684,LO-000684,false,,,,,,false,2023-11-14,,,,,,,,,,,,
WO,3915,WO-3915,,,-,,,,SPA-CR,3108,SPA-CR03108,"System Administrator",Cerrado,"2024-01-18 17:31:43","2024-01-18 18:00:43","031337454557_CR3108-REV_MTO_15-03-2023.PDF","031337454557_CR3108-REV_MTO_15-03-2023.PDF","Revision (MTO)",NO,,,,,,,LO,1758,LO-001758,false,,,,,,false,2024-01-18,,,,,,,,,,,,
WO,4490,WO-4490,SAR,148,SAR-000148,SPA-CA,4200,SPA-CA04200,,,,"DNO acceso OSP",Abierto,"2024-01-26 13:26:00","2024-01-26 13:30:24","442478  CA4200","INSERCCION DE SFP EN EQUIPO EXISTENTE  / SOLICITAMOS ACCESO A LA SALAS DE EQUIPOS DE ORANGE, A LA TORRE Y A LAS ANTENAS",Auditoría,NO,,,,,,,,,-,false,,,,,,false,2024-01-26,,,,,,,,,,,,
WO,3392,WO-3392,,,-,,,,SPA-CU,15,SPA-CU00015,"System Administrator",Cerrado,"2023-11-14 19:05:06","2023-11-15 12:22:32","250955214676_CU0015-TOTEM.PDF","250955214676_CU0015-TOTEM.PDF","Revision (MTO)",NO,,,,,,,LO,1960,LO-001960,false,,,,,,false,2023-11-14,,,,,,,,,,,,
WO,2156,WO-2156,,,-,,,,SPA-BU,4295,SPA-BU04295,"System Administrator",Cerrado,"2023-11-14 18:36:30","2023-11-15 12:22:25","2112302617922_BU4295-REVISION__MTO_-08-08-2019.PDF","2112302617922_BU4295-REVISION__MTO_-08-08-2019.PDF","Revision (MTO)",NO,,,,,,,LO,728,LO-000728,false,,,,,,false,2023-11-14,,,,,,,,,,,,
WO,3296,WO-3296,,,-,,,,SPA-AV,8501,SPA-AV08501,"System Administrator",Cerrado,"2023-11-14 19:02:54","2023-11-15 12:10:09","0813080814435_AV8501-REVISION__MTO__-27082014.PDF","0813080814435_AV8501-REVISION__MTO__-27082014.PDF","Revision (MTO)",NO,,,,,,,LO,169,LO-000169,false,,,,,,false,2023-11-14,,,,,,,,,,,,
WO,2035,WO-2035,,,-,,,,SPA-HU,7128,SPA-HU07128,"System Administrator",Cerrado,"2023-11-14 18:33:34","2023-11-15 12:23:14","2112300215565_HU7128-INSPECCION__OCA_-12-06-2019.PDF","2112300215565_HU7128-INSPECCION__OCA_-12-06-2019.PDF","Inspecciones (OCA)",NO,,,,,,12.06.2022,LO,2847,LO-002847,false,,,,,,false,2023-11-14,,,,,,,,,,,,
WO,2303,WO-2303,,,-,,,,SPA-LE,921,SPA-LE00921,"System Administrator",Cerrado,"2023-11-14 18:39:59","2023-11-15 12:19:26","2112304317226_LE0921-REVISION__MTO_-10-06-2019.PDF","2112304317226_LE0921-REVISION__MTO_-10-06-2019.PDF","Revision (MTO)",NO,,,,,,,LO,3423,LO-003423,false,,,,,,false,2023-11-14,,,,,,,,,,,,
WO,3339,WO-3339,,,-,,,,SPA-MX,3044,SPA-MX03044,"System Administrator",Cerrado,"2023-11-14 19:03:53","2023-11-15 12:07:40",181136028858_MX3044.PDF,181136028858_MX3044.PDF,"Revision (MTO)",NO,,,,,,,LO,4686,LO-004686,false,,,,,,false,2023-11-14,,,,,,,,,,,,
WO,4306,WO-4306,,,-,,,,SPA-BU,4242,SPA-BU04242,"System Administrator",Cerrado,"2024-01-18 17:41:01","2024-01-18 18:04:43",1408320416537_BU4242.PDF,1408320416537_BU4242.PDF,"Inspecciones (OCA)",NO,,,,,,,LO,708,LO-000708,false,,,,,,false,2024-01-18,,,,,,,,,,,,
WO,3778,WO-3778,,,-,,,,SPA-VA,2249,SPA-VA02249,"System Administrator",Cerrado,"2023-11-14 19:14:08","2023-11-15 12:09:20",2508442714135_VA2249.PDF,2508442714135_VA2249.PDF,"Revision (MTO)",NO,,,,,,,LO,7077,LO-007077,false,,,,,,false,2023-11-14,,,,,,,,,,,,
WO,3836,WO-3836,,,-,,,,SPA-GR,6007,SPA-GR06007,"System Administrator",Cerrado,"2024-01-18 17:29:46","2024-01-18 17:59:53","1013175421457_GR6007-REVISION__MTO_-09-08-2023.PDF","1013175421457_GR6007-REVISION__MTO_-09-08-2023.PDF","Revision (MTO)",NO,,,,,,,LO,2698,LO-002698,false,,,,,,false,2024-01-18,,,,,,,,,,,,
WO,2208,WO-2208,,,-,,,,SPA-SG,9405,SPA-SG09405,"System Administrator",Cerrado,"2023-11-14 18:37:44","2023-11-15 12:11:19","211230333545_SG9405-REVISION__MTO_-08-08-2019.PDF","211230333545_SG9405-REVISION__MTO_-08-08-2019.PDF","Revision (MTO)",NO,,,,,,,LO,6081,LO-006081,false,,,,,,false,2023-11-14,,,,,,,,,,,,
WO,2118,WO-2118,,,-,,,,SPA-BU,4135,SPA-BU04135,"System Administrator",Cerrado,"2023-11-14 18:35:33","2023-11-15 12:08:10","2112302124365_BU4135-REVISION__MTO_-01-08-2018.PDF","2112302124365_BU4135-REVISION__MTO_-01-08-2018.PDF","Revision (MTO)",NO,,,,,,,LO,649,LO-000649,false,,,,,,false,2023-11-14,,,,,,,,,,,,
WO,2543,WO-2543,,,-,,,,SPA-PO,6380,SPA-PO06380,"System Administrator",Cerrado,"2023-11-14 18:45:41","2023-11-15 12:08:11","2112311213573_PO6380-REVISION__MTO_-21-04-2020.PDF","2112311213573_PO6380-REVISION__MTO_-21-04-2020.PDF","Revision (MTO)",NO,,,,,,,LO,5569,LO-005569,false,,,,,,false,2023-11-14,,,,,,,,,,,,
WO,1890,WO-1890,,,-,,,,SPA-SG,9124,SPA-SG09124,"System Administrator",Cerrado,"2023-11-14 18:30:06","2023-11-15 12:05:44",2310232111125_SG9124.PDF,2310232111125_SG9124.PDF,"Revision (MTO)",NO,,,,,,,LO,6042,LO-006042,false,,,,,,false,2023-11-14,,,,,,,,,,,,
WO,3857,WO-3857,,,-,,,,SPA-JX,8171,SPA-JX08171,"System Administrator",Cerrado,"2024-01-18 17:30:17","2024-01-18 18:00:06","171432548638_JX8171-REVISION__MTO_-15-08-2023.PDF","171432548638_JX8171-REVISION__MTO_-15-08-2023.PDF","Revision (MTO)",NO,,,,,,,LO,3323,LO-003323,false,,,,,,false,2024-01-18,,,,,,,,,,,,
WO,3106,WO-3106,,,-,,,,SPA-CU,8401,SPA-CU08401,"System Administrator",Cerrado,"2023-11-14 18:58:27","2023-11-15 12:17:10",0915350129863_CU8401.PDF,0915350129863_CU8401.PDF,"Inspecciones (OCA)",NO,,,,,,03.08.2024,LO,1991,LO-001991,false,,,,,,false,2023-11-14,,,,,,,,,,,,
WO,4567,WO-4567,SAR,227,SAR-000227,SPA-SE,1115,SPA-SE01115,,,,"DNO acceso OSP",Abierto,"2024-01-29 13:08:14","2024-01-29 13:25:00","SE1115    443237","ID JOB 346257 Apagado y desmontaje SE0076PM tras confirmar que no está en uso - POC SE0309 OT2024012249571  NO APLICA ET SALA EQUIPOS",Auditoría,NO,"2024-02-01 07:00:00","2024-02-01 18:00:00",,,,,,,-,false,,,,,,false,2024-01-29,,,,,,,,,,,,
WO,2083,WO-2083,,,-,,,,SPA-ZX,913,SPA-ZX00913,"System Administrator",Cerrado,"2023-11-14 18:34:41","2023-11-15 12:20:33","2112300910573_ZX0913-INSPECCION__OCA_-18-06-2019.PDF","2112300910573_ZX0913-INSPECCION__OCA_-18-06-2019.PDF","Inspecciones (OCA)",NO,,,,,,19.06.2022,LO,7805,LO-007805,false,,,,,,false,2023-11-14,,,,,,,,,,,,
WO,2727,WO-2727,,,-,,,,SPA-GR,7606,SPA-GR07606,"System Administrator",Cerrado,"2023-11-14 18:49:50","2023-11-15 12:14:12","211231268964_GR7606-REVISION__MTO_-10-06-2020.PDF","211231268964_GR7606-REVISION__MTO_-10-06-2020.PDF","Revision (MTO)",NO,,,,,,,LO,2727,LO-002727,false,,,,,,false,2023-11-14,,,,,,,,,,,,
WO,4513,WO-4513,,,-,,,,,,,"DNO acceso OSP",Abierto,"2024-01-26 21:01:21","2024-01-26 21:01:21","BX2677    444157","REVISIÓN EQUIPOS ORANGE",Urgente,NO,"2024-01-26 22:00:00","2024-01-28 22:00:00",,,,,,,-,false,,,,,,false,2024-01-26,,,,,,,,,,,,
WO,2628,WO-2628,,,-,,,,SPA-BU,4255,SPA-BU04255,"System Administrator",Cerrado,"2023-11-14 18:47:37","2023-11-15 12:06:06","211231191187_BU4255-REVISION__MTO_-20-07-2020.PDF","211231191187_BU4255-REVISION__MTO_-20-07-2020.PDF","Revision (MTO)",NO,,,,,,,LO,713,LO-000713,false,,,,,,false,2023-11-14,,,,,,,,,,,,
WO,3845,WO-3845,,,-,,,,SPA-HX,9605,SPA-HX09605,"System Administrator",Cerrado,"2024-01-18 17:29:59","2024-01-18 17:59:58","1111174413787_HX9605-REVISION__MTO_-02-08-2023.PDF","1111174413787_HX9605-REVISION__MTO_-02-08-2023.PDF","Revision (MTO)",NO,,,,,,,LO,2949,LO-002949,false,,,,,,false,2024-01-18,,,,,,,,,,,,
WO,3337,WO-3337,,,-,,,,SPA-MX,2051,SPA-MX02051,"System Administrator",Cerrado,"2023-11-14 19:03:51","2023-11-15 12:06:34",181133541771_MX2051.PDF,181133541771_MX2051.PDF,"Revision (MTO)",NO,,,,,,,LO,4612,LO-004612,false,,,,,,false,2023-11-14,,,,,,,,,,,,
WO,3781,WO-3781,,,-,,,,SPA-VA,2147,SPA-VA02147,"System Administrator",Cerrado,"2023-11-14 19:14:13","2023-11-15 12:16:41",250846368869_VA2147.PDF,250846368869_VA2147.PDF,"Revision (MTO)",NO,,,,,,,LO,7013,LO-007013,false,,,,,,false,2023-11-14,,,,,,,,,,,,
WO,1939,WO-1939,,,-,,,,SPA-AB,6350,SPA-AB06350,"System Administrator",Cerrado,"2023-11-14 18:31:14","2023-11-15 12:18:04","261014212569_AB6350_ALMANSA_KM_576_CERTIFICADO_FAVORABLE_2021.PDF","261014212569_AB6350_ALMANSA_KM_576_CERTIFICADO_FAVORABLE_2021.PDF","Inspecciones (OCA)",NO,,,,,,08.03.2024,LO,74,LO-000074,false,,,,,,false,2023-11-14,,,,,,,,,,,,
WO,3281,WO-3281,,,-,,,,SPA-JX,7917,SPA-JX07917,"System Administrator",Cerrado,"2023-11-14 19:02:33","2023-11-15 12:07:21","2113074127989_JX7917-REVISION__MTO_-25-03-2021-_18307.PDF","2113074127989_JX7917-REVISION__MTO_-25-03-2021-_18307.PDF","Revision (MTO)",NO,,,,,,,LO,3295,LO-003295,false,,,,,,false,2023-11-14,,,,,,,,,,,,
WO,3428,WO-3428,,,-,,,,SPA-GU,9191,SPA-GU09191,"System Administrator",Cerrado,"2023-11-14 19:05:56","2023-11-15 12:08:38","2711060314332_GU9191-TOTEM.PDF","2711060314332_GU9191-TOTEM.PDF","Revision (MTO)",NO,,,,,,,LO,2800,LO-002800,false,,,,,,false,2023-11-14,,,,,,,,,,,,
WO,4273,WO-4273,,,-,,,,SPA-LE,1719,SPA-LE01719,"System Administrator",Cerrado,"2024-01-18 17:40:17","2024-01-18 18:04:24",2008400232642_LE1719.PDF,2008400232642_LE1719.PDF,"Inspecciones (OCA)",NO,,,,,,,LO,3475,LO-003475,false,,,,,,false,2024-01-18,,,,,,,,,,,,
WO,4105,WO-4105,,,-,,,,SPA-BI,627,SPA-BI00627,"System Administrator",Cerrado,"2024-01-18 17:36:22","2024-01-18 18:02:40","040738561773_BIO627-REV_MTO_24_07_23.PDF","040738561773_BIO627-REV_MTO_24_07_23.PDF","Revision (MTO)",NO,,,,,,24.07.2024,LO,559,LO-000559,false,,,,,,false,2024-01-18,,,,,,,,,,,,
WO,2353,WO-2353,,,-,,,,SPA-TO,503,SPA-TO00503,"System Administrator",Cerrado,"2023-11-14 18:41:11","2023-11-15 12:11:42","211230471847_TO0503-REVISION__MTO_-04-02-2019.PDF","211230471847_TO0503-REVISION__MTO_-04-02-2019.PDF","Revision (MTO)",NO,,,,,,,LO,6719,LO-006719,false,,,,,,false,2023-11-14,,,,,,,,,,,,
WO,4569,WO-4569,SAR,226,SAR-000226,SPA-VA,76,SPA-VA00076,,,,"DNO acceso OSP",Abierto,"2024-01-29 13:14:07","2024-01-29 14:12:22","VA0076    442936","PRL ORANGE: trabajo programado/auditoría de prevención de riesgos laborales. Toma de datos y fotos.",PRL,NO,,,,,,,,,-,false,,,,,,false,2024-01-29,,,,,,,,,,,,
WO,4477,WO-4477,SAR,131,SAR-000131,SPA-MX,2539,SPA-MX02539,,,,"Noemia josilda fátima  Gomes dos santos",Abierto,"2024-01-26 10:19:58","2024-01-26 12:02:30",SPA-MX02539,"AMPLIACION MIMETIZADO, INSTALACION DE TUDOS Y SOPORTES",Normal,SI,"2024-01-29 08:00:00","2024-02-02 18:00:00",,,,,,,-,false,,,,,,false,2024-01-26,,,,,,,,,,,,
WO,3866,WO-3866,,,-,,,,SPA-SE,1325,SPA-SE01325,"System Administrator",Cerrado,"2024-01-18 17:30:31","2024-01-18 18:00:12","071431237810_REVISION_MTO_04-10-23.PDF","071431237810_REVISION_MTO_04-10-23.PDF","Revision (MTO)",NO,,,,,,,LO,5963,LO-005963,false,,,,,,false,2024-01-18,,,,,,,,,,,,
WO,3065,WO-3065,,,-,,,,,,,"System Administrator",Cerrado,"2023-11-14 18:57:35","2023-11-15 12:14:14","0412043823281_SA6408-INSPECCION___OCA__-25092013.PDF","0412043823281_SA6408-INSPECCION___OCA__-25092013.PDF","Inspecciones (OCA)",NO,,,,,,,,,-,false,,,,,,false,2023-11-14,,,,,,,,,,,,
WO,3736,WO-3736,,,-,,,,SPA-TE,52,SPA-TE00052,"System Administrator",Cerrado,"2023-11-14 19:13:08","2023-11-15 12:21:37","271016501117_TE0052-REV_MTO_22-08-2022.PDF","271016501117_TE0052-REV_MTO_22-08-2022.PDF","Revision (MTO)",NO,,,,,,,LO,6419,LO-006419,false,,,,,,false,2023-11-14,,,,,,,,,,,,
WO,2808,WO-2808,,,-,,,,SPA-CX,427,SPA-CX00427,"System Administrator",Cerrado,"2023-11-14 18:51:43","2023-11-15 12:22:32","2112342720830_CX0427-REVISION__MTO_-11-05-2020.PDF","2112342720830_CX0427-REVISION__MTO_-11-05-2020.PDF","Revision (MTO)",NO,,,,,,,LO,2135,LO-002135,false,,,,,,false,2023-11-14,,,,,,,,,,,,
WO,4497,WO-4497,SAR,157,SAR-000157,SPA-IB,101,SPA-IB00101,,,,"Patricia  Valero palacios",Abierto,"2024-01-26 14:18:39","2024-01-26 16:24:47","CAMBIAR UN AA","CAMBIAR UN AA",Obsolescencia,NO,"2024-01-29 07:00:24","2024-02-02 18:00:00",,,,,,,-,false,,,,,,false,2024-01-26,,,,,,,,,,,,
WO,3306,WO-3306,,,-,,,,SPA-CR,4005,SPA-CR04005,"System Administrator",Cerrado,"2023-11-14 19:03:08","2023-11-15 12:19:38","221319301617_PARTE_INCIDENCIA.PDF","221319301617_PARTE_INCIDENCIA.PDF","Revision (MTO)",NO,,,,,,,LO,1810,LO-001810,false,,,,,,false,2023-11-14,,,,,,,,,,,,
WO,3091,WO-3091,,,-,,,,SPA-CU,15,SPA-CU00015,"System Administrator",Cerrado,"2023-11-14 18:58:07","2023-11-15 12:24:04","091550342862_CU0015__CU8674.PDF","091550342862_CU0015__CU8674.PDF","Inspecciones (OCA)",NO,,,,,,29.07.2024,LO,1960,LO-001960,false,,,,,,false,2023-11-14,,,,,,,,,,,,
WO,2989,WO-2989,,,-,,,,,,,"System Administrator",Cerrado,"2023-11-14 18:55:57","2023-11-15 12:09:26","221028164705_REVISION_VISUAL_CT_CO7101_2021.PDF","221028164705_REVISION_VISUAL_CT_CO7101_2021.PDF","Revision (MTO)",NO,,,,,,,,,-,false,,,,,,false,2023-11-14,,,,,,,,,,,,
WO,2556,WO-2556,,,-,,,,SPA-LE,1543,SPA-LE01543,"System Administrator",Cerrado,"2023-11-14 18:45:58","2023-11-15 12:15:27","2112311232072_LE1543-INSPECCION__OCA_-14-08-2020.PDF","2112311232072_LE1543-INSPECCION__OCA_-14-08-2020.PDF","Inspecciones (OCA)",NO,,,,,,14.08.2023,LO,3446,LO-003446,false,,,,,,false,2023-11-14,,,,,,,,,,,,
WO,3932,WO-3932,,,-,,,,SPA-CU,8327,SPA-CU08327,"System Administrator",Cerrado,"2024-01-18 17:32:08","2024-01-18 18:00:54","031538522512_CU8327-REV_MTO_17-03-2023.PDF","031538522512_CU8327-REV_MTO_17-03-2023.PDF","Revision (MTO)",NO,,,,,,,LO,1985,LO-001985,false,,,,,,false,2024-01-18,,,,,,,,,,,,
WO,4502,WO-4502,SAR,164,SAR-000164,SPA-PO,5008,SPA-PO05008,,,,"Cristina Casanova",Abierto,"2024-01-26 15:04:18","2024-01-26 15:08:34","INSTALACIÓN DE NUEVOS POSTES SEGÚN PTV Y CONCESIÓN DE DP Sala de equipos telco","INSTALACIÓN DE NUEVOS POSTES SEGÚN PTV Y CONCESIÓN DE DP Sala de equipos telco",Infraestructura,NO,,,,,,,,,-,false,,,,,,false,2024-01-26,,,,,,,,,,,,
WO,2748,WO-2748,,,-,,,,SPA-ZA,6946,SPA-ZA06946,"System Administrator",Cerrado,"2023-11-14 18:50:18","2023-11-15 12:13:48","2112342317591_ZA6946-INSPECCION__OCA_-11-09-2020.PDF","2112342317591_ZA6946-INSPECCION__OCA_-11-09-2020.PDF","Inspecciones (OCA)",NO,,,,,,11.09.2023,LO,7638,LO-007638,false,,,,,,false,2023-11-14,,,,,,,,,,,,
WO,3672,WO-3672,,,-,,,,SPA-BU,4313,SPA-BU04313,"System Administrator",Cerrado,"2023-11-14 19:11:35","2023-11-15 12:06:00","1608315621731_BU4313-CON_DEFECTOS.PDF","1608315621731_BU4313-CON_DEFECTOS.PDF","Revision (MTO)",NO,,,,,,,LO,737,LO-000737,false,,,,,,false,2023-11-14,,,,,,,,,,,,
WO,2405,WO-2405,,,-,,,,SPA-CU,8405,SPA-CU08405,"System Administrator",Cerrado,"2023-11-14 18:42:24","2023-11-15 12:20:52","2112305119770_CU8405-REVISION__MTO_-12-03-2019.PDF","2112305119770_CU8405-REVISION__MTO_-12-03-2019.PDF","Revision (MTO)",NO,,,,,,,LO,1995,LO-001995,false,,,,,,false,2023-11-14,,,,,,,,,,,,
WO,2835,WO-2835,,,-,,,,SPA-CU,8455,SPA-CU08455,"System Administrator",Cerrado,"2023-11-14 18:52:22","2023-11-15 12:12:31","2112343217843_CU8455-INSPECCION__OCA_-21-03-2018.PDF","2112343217843_CU8455-INSPECCION__OCA_-21-03-2018.PDF","Inspecciones (OCA)",NO,,,,,,21.03.2021,LO,2002,LO-002002,false,,,,,,false,2023-11-14,,,,,,,,,,,,
WO,2916,WO-2916,,,-,,,,SPA-LO,512,SPA-LO00512,"System Administrator",Cerrado,"2023-11-14 18:54:15","2023-11-15 12:14:21",0210040013551_LO0512.PDF,0210040013551_LO0512.PDF,"Inspecciones (OCA)",NO,,,,,,14.06.2024,LO,3539,LO-003539,false,,,,,,false,2023-11-14,,,,,,,,,,,,
WO,3627,WO-3627,,,-,,,,SPA-ZX,1024,SPA-ZX01024,"System Administrator",Cerrado,"2023-11-14 19:10:30","2023-11-15 12:11:03","1211384011541_ZX0913_-_REV_MTO_19-07-2022.PDF","1211384011541_ZX0913_-_REV_MTO_19-07-2022.PDF","Revision (MTO)",NO,,,,,,,LO,7816,LO-007816,false,,,,,,false,2023-11-14,,,,,,,,,,,,
WO,3608,WO-3608,,,-,,,,SPA-ZX,374,SPA-ZX00374,"System Administrator",Cerrado,"2023-11-14 19:10:04","2023-11-15 12:21:41","1210563927821_ZX0374_-_AT-Z-09-22_-_TORRALBA_DE_RIBOTA_-_OCA.PDF","1210563927821_ZX0374_-_AT-Z-09-22_-_TORRALBA_DE_RIBOTA_-_OCA.PDF","Inspecciones (OCA)",NO,,,,,,05.07.2025,LO,7759,LO-007759,false,,,,,,false,2023-11-14,,,,,,,,,,,,
WO,3681,WO-3681,,,-,,,,SPA-BU,4244,SPA-BU04244,"System Administrator",Cerrado,"2023-11-14 19:11:50","2023-11-15 12:05:40","1608420214692_BU4244-CON_DEFECTOS.PDF","1608420214692_BU4244-CON_DEFECTOS.PDF","Revision (MTO)",NO,,,,,,,LO,709,LO-000709,false,,,,,,false,2023-11-14,,,,,,,,,,,,
WO,2538,WO-2538,,,-,,,,SPA-PO,4906,SPA-PO04906,"System Administrator",Cerrado,"2023-11-14 18:45:34","2023-11-15 12:19:28","2112311110935_PO4906-REVISION__MTO_-21-04-2020.PDF","2112311110935_PO4906-REVISION__MTO_-21-04-2020.PDF","Revision (MTO)",NO,,,,,,,LO,5489,LO-005489,false,,,,,,false,2023-11-14,,,,,,,,,,,,
WO,4457,WO-4457,SAR,100,SAR-000100,SPA-BX,2460,SPA-BX02460,,,,"Jennifer Montiel fernandez",Abierto,"2024-01-25 11:26:55","2024-01-25 11:26:55",REPLANTEO,"Visita para toma de datos sobre equipo de alimentación de Totem/Orange","Inspección Preventiva",NO,,,,,,,,,-,false,,,,,,false,2024-01-25,,,,,,,,,,,,
WO,3300,WO-3300,,,-,,,,SPA-VX,117,SPA-VX00117,"System Administrator",Cerrado,"2023-11-14 19:02:59","2023-11-15 12:18:14","081313342014_VX0117-REVISION__MTO_-12062015.DOC","081313342014_VX0117-REVISION__MTO_-12062015.DOC","Revision (MTO)",NO,,,,,,,LO,7281,LO-007281,false,,,,,,false,2023-11-14,,,,,,,,,,,,
WO,3469,WO-3469,,,-,,,,SPA-TO,46,SPA-TO00046,"System Administrator",Cerrado,"2023-11-14 19:06:53","2023-11-15 12:10:40","1811245120773_CERT_AT-TO-016_22_TOTEM_TO0046_BURUJON_CT.PDF","1811245120773_CERT_AT-TO-016_22_TOTEM_TO0046_BURUJON_CT.PDF","Inspecciones (OCA)",NO,,,,,,08.06.2025,LO,6648,LO-006648,false,,,,,,false,2023-11-14,,,,,,,,,,,,
WO,3250,WO-3250,,,-,,,,SPA-SE,2202,SPA-SE02202,"System Administrator",Cerrado,"2023-11-14 19:01:49","2023-11-15 12:24:28","221021055067_OCA-LAT-SE2202_2021.PDF","221021055067_OCA-LAT-SE2202_2021.PDF","Inspecciones (OCA)",NO,,,,,,13.12.2024,LO,6001,LO-006001,false,,,,,,false,2023-11-14,,,,,,,,,,,,
WO,3888,WO-3888,,,-,,,,SPA-LE,1715,SPA-LE01715,"System Administrator",Cerrado,"2024-01-18 17:31:03","2024-01-18 18:00:26",191112064654_LE1715.PDF,191112064654_LE1715.PDF,"Revision (MTO)",NO,,,,,,,LO,3471,LO-003471,false,,,,,,false,2024-01-18,,,,,,,,,,,,
WO,3877,WO-3877,,,-,,,,SPA-LE,1725,SPA-LE01725,"System Administrator",Cerrado,"2024-01-18 17:30:47","2024-01-18 18:00:19",1910023623912_LE1725.PDF,1910023623912_LE1725.PDF,"Revision (MTO)",NO,,,,,,,LO,3480,LO-003480,false,,,,,,false,2024-01-18,,,,,,,,,,,,
WO,3919,WO-3919,,,-,,,,SPA-CR,3220,SPA-CR03220,"System Administrator",Cerrado,"2024-01-18 17:31:49","2024-01-18 18:00:45","0313401915860_CR3222-REV_MTO_15-03-2023.PDF","0313401915860_CR3222-REV_MTO_15-03-2023.PDF","Revision (MTO)",NO,,,,,,,LO,1776,LO-001776,false,,,,,,false,2024-01-18,,,,,,,,,,,,
WO,2278,WO-2278,,,-,,,,SPA-LE,1743,SPA-LE01743,"System Administrator",Cerrado,"2023-11-14 18:39:22","2023-11-15 12:12:40","2112304124637_LE1743-REVISION__MTO_-10-06-2019.PDF","2112304124637_LE1743-REVISION__MTO_-10-06-2019.PDF","Revision (MTO)",NO,,,,,,,LO,3489,LO-003489,false,,,,,,false,2023-11-14,,,,,,,,,,,,
WO,1955,WO-1955,,,-,,,,SPA-TE,60,SPA-TE00060,"System Administrator",Cerrado,"2023-11-14 18:31:36","2023-11-15 12:19:42","2810063530792_500AT0017211_ALBARRACIN_FIRMADO__TE0060.PDF","2810063530792_500AT0017211_ALBARRACIN_FIRMADO__TE0060.PDF","Inspecciones (OCA)",NO,,,,,,11.05.2024,LO,6424,LO-006424,false,,,,,,false,2023-11-14,,,,,,,,,,,,
WO,2809,WO-2809,,,-,,,,SPA-CX,467,SPA-CX00467,"System Administrator",Cerrado,"2023-11-14 18:51:44","2023-11-15 12:12:54","2112342724593_CX0467-INSPECCION__OCA_-15-09-2020.PDF","2112342724593_CX0467-INSPECCION__OCA_-15-09-2020.PDF","Inspecciones (OCA)",NO,,,,,,15.09.2023,LO,2159,LO-002159,false,,,,,,false,2023-11-14,,,,,,,,,,,,
WO,3133,WO-3133,,,-,,,,SPA-CR,3041,SPA-CR03041,"System Administrator",Cerrado,"2023-11-14 18:59:04","2023-11-15 12:13:40",1110530824767_CR3041.PDF,1110530824767_CR3041.PDF,"Inspecciones (OCA)",NO,,,,,,26.07.2024,LO,1714,LO-001714,false,,,,,,false,2023-11-14,,,,,,,,,,,,
WO,1934,WO-1934,,,-,,,,SPA-AB,6420,SPA-AB06420,"System Administrator",Cerrado,"2023-11-14 18:31:08","2023-11-15 12:21:34","2610294531299_AB6420_LA_RODA_CERTIFICADO_CONDICIONADA_2021.PDF","2610294531299_AB6420_LA_RODA_CERTIFICADO_CONDICIONADA_2021.PDF","Inspecciones (OCA)",NO,,,,,,10.03.2024,LO,86,LO-000086,false,,,,,,false,2023-11-14,,,,,,,,,,,,
WO,4014,WO-4014,,,-,,,,SPA-SG,9306,SPA-SG09306,"System Administrator",Cerrado,"2024-01-18 17:34:09","2024-01-18 18:01:44",2712173920554_SG9306.PDF,2712173920554_SG9306.PDF,"Revision (MTO)",NO,,,,,,07.10.2024,LO,6077,LO-006077,false,,,,,,false,2024-01-18,,,,,,,,,,,,
WO,4291,WO-4291,,,-,,,,SPA-SO,9890,SPA-SO09890,"System Administrator",Cerrado,"2024-01-18 17:40:41","2024-01-18 18:04:34",300827256612_SO9890.PDF,300827256612_SO9890.PDF,"Inspecciones (OCA)",NO,,,,,,,LO,6164,LO-006164,false,,,,,,false,2024-01-18,,,,,,,,,,,,
WO,1979,WO-1979,,,-,,,,SPA-VX,349,SPA-VX00349,"System Administrator",Cerrado,"2023-11-14 18:32:11","2023-11-15 12:17:36","2711153123361_460_AT_0046_21-1__VX0349.PDF","2711153123361_460_AT_0046_21-1__VX0349.PDF","Inspecciones (OCA)",NO,,,,,,20.04.2024,LO,7344,LO-007344,false,,,,,,false,2023-11-14,,,,,,,,,,,,
WO,4395,WO-4395,,,-,,,,SPA-TO,1037,SPA-TO01037,"System Administrator",Cerrado,"2024-01-18 17:43:01","2024-01-18 18:05:35","1908564928218_CERT_AT-TO-005-2_22_TOTEM_TO1037__VILLARUBIA_DE_SANTIAGO_CT.PDF","1908564928218_CERT_AT-TO-005-2_22_TOTEM_TO1037__VILLARUBIA_DE_SANTIAGO_CT.PDF","Inspecciones (OCA)",NO,,,,,,,LO,6760,LO-006760,false,,,,,,false,2024-01-18,,,,,,,,,,,,
WO,3723,WO-3723,,,-,,,,SPA-AB,6017,SPA-AB06017,"System Administrator",Cerrado,"2023-11-14 19:12:50","2023-11-15 12:13:31","2709453017310_AB6017_-_REV_MTO_25-08-2022.PDF","2709453017310_AB6017_-_REV_MTO_25-08-2022.PDF","Revision (MTO)",NO,,,,,,,LO,48,LO-000048,false,,,,,,false,2023-11-14,,,,,,,,,,,,
WO,2527,WO-2527,,,-,,,,SPA-LE,471,SPA-LE00471,"System Administrator",Cerrado,"2023-11-14 18:45:20","2023-11-15 12:11:03","211231083565_LE0471-REVISION__MTO_-23-06-2020.PDF","211231083565_LE0471-REVISION__MTO_-23-06-2020.PDF","Revision (MTO)",NO,,,,,,,LO,3399,LO-003399,false,,,,,,false,2023-11-14,,,,,,,,,,,,
WO,3631,WO-3631,,,-,,,,SPA-CR,3221,SPA-CR03221,"System Administrator",Cerrado,"2023-11-14 19:10:36","2023-11-15 12:13:56","1211452521845_CR3221_-_AT-CR-051-22_-_ARGAMASILLA_CALATRAVA_-_OCA.PDF","1211452521845_CR3221_-_AT-CR-051-22_-_ARGAMASILLA_CALATRAVA_-_OCA.PDF","Inspecciones (OCA)",NO,,,,,,21.06.2025,LO,1777,LO-001777,false,,,,,,false,2023-11-14,,,,,,,,,,,,
WO,2985,WO-2985,,,-,,,,SPA-CO,7237,SPA-CO07237,"System Administrator",Cerrado,"2023-11-14 18:55:52","2023-11-15 12:11:45","2211151426657_REVISION_VISUAL_CT_CO7237_2021.PDF","2211151426657_REVISION_VISUAL_CT_CO7237_2021.PDF","Revision (MTO)",NO,,,,,,,LO,1657,LO-001657,false,,,,,,false,2023-11-14,,,,,,,,,,,,
WO,2810,WO-2810,,,-,,,,SPA-CX,467,SPA-CX00467,"System Administrator",Cerrado,"2023-11-14 18:51:45","2023-11-15 12:23:30","2112342830806_CX0467-REVISION__MTO_-11-05-2020.PDF","2112342830806_CX0467-REVISION__MTO_-11-05-2020.PDF","Revision (MTO)",NO,,,,,,,LO,2159,LO-002159,false,,,,,,false,2023-11-14,,,,,,,,,,,,
WO,2364,WO-2364,,,-,,,,SPA-TO,111,SPA-TO00111,"System Administrator",Cerrado,"2023-11-14 18:41:27","2023-11-15 12:17:47","2112304832703_TO0111-REVISION__MTO_-04-02-2019.PDF","2112304832703_TO0111-REVISION__MTO_-04-02-2019.PDF","Revision (MTO)",NO,,,,,,,LO,6677,LO-006677,false,,,,,,false,2023-11-14,,,,,,,,,,,,
WO,3210,WO-3210,,,-,,,,SPA-HX,9404,SPA-HX09404,"System Administrator",Cerrado,"2023-11-14 19:00:55","2023-11-15 12:05:10","0313385514926_HX9404-INSPECCION__OCA_-19-10-2022.PDF","0313385514926_HX9404-INSPECCION__OCA_-19-10-2022.PDF","Inspecciones (OCA)",NO,,,,,,19.10.2025,LO,2915,LO-002915,false,,,,,,false,2023-11-14,,,,,,,,,,,,
WO,3810,WO-3810,,,-,,,,SPA-ZX,563,SPA-ZX00563,"System Administrator",Cerrado,"2024-01-18 17:29:07","2024-01-18 17:59:36","041322316766_ZX0563-REV_MTO_05-07-2022.PDF","041322316766_ZX0563-REV_MTO_05-07-2022.PDF","Revision (MTO)",NO,,,,,,,LO,7790,LO-007790,false,,,,,,false,2024-01-18,,,,,,,,,,,,
WO,4236,WO-4236,,,-,,,,SPA-OR,9030,SPA-OR09030,"System Administrator",Cerrado,"2024-01-18 17:39:27","2024-01-18 18:04:02","190957516274_OCA_OR9030.PDF","190957516274_OCA_OR9030.PDF","Inspecciones (OCA)",NO,,,,,,,LO,5134,LO-005134,false,,,,,,false,2024-01-18,,,,,,,,,,,,
WO,4250,WO-4250,,,-,,,,SPA-LE,1806,SPA-LE01806,"System Administrator",Cerrado,"2024-01-18 17:39:47","2024-01-18 18:04:11",0408180419003_LE1806.PDF,0408180419003_LE1806.PDF,"Inspecciones (OCA)",NO,,,,,,,LO,3492,LO-003492,false,,,,,,false,2024-01-18,,,,,,,,,,,,
WO,2429,WO-2429,,,-,,,,SPA-GU,9167,SPA-GU09167,"System Administrator",Cerrado,"2023-11-14 18:42:59","2023-11-15 12:10:32","2112305326177_GU9167-REVISION__MTO_-06-03-2019.PDF","2112305326177_GU9167-REVISION__MTO_-06-03-2019.PDF","Revision (MTO)",NO,,,,,,,LO,2789,LO-002789,false,,,,,,false,2023-11-14,,,,,,,,,,,,
WO,3271,WO-3271,,,-,,,,SPA-LE,152,SPA-LE00152,"System Administrator",Cerrado,"2023-11-14 19:02:19","2023-11-15 12:21:41",1410343719187_LE0152.PDF,1410343719187_LE0152.PDF,"Revision (MTO)",NO,,,,,,,LO,3377,LO-003377,false,,,,,,false,2023-11-14,,,,,,,,,,,,
WO,2314,WO-2314,,,-,,,,SPA-HX,9480,SPA-HX09480,"System Administrator",Cerrado,"2023-11-14 18:40:15","2023-11-15 12:19:53","2112304431495_HX9480-REVISION__MTO_-27-02-2020.PDF","2112304431495_HX9480-REVISION__MTO_-27-02-2020.PDF","Revision (MTO)",NO,,,,,,,LO,2933,LO-002933,false,,,,,,false,2023-11-14,,,,,,,,,,,,
WO,2795,WO-2795,,,-,,,,SPA-SG,9301,SPA-SG09301,"System Administrator",Cerrado,"2023-11-14 18:51:24","2023-11-15 12:17:38","211234278388_SG9301-INSPECCION__OCA_-16-09-2020.PDF","211234278388_SG9301-INSPECCION__OCA_-16-09-2020.PDF","Inspecciones (OCA)",NO,,,,,,16.09.2023,LO,6072,LO-006072,false,,,,,,false,2023-11-14,,,,,,,,,,,,
WO,2922,WO-2922,,,-,,,,SPA-SG,9401,SPA-SG09401,"System Administrator",Cerrado,"2023-11-14 18:54:23","2023-11-15 12:24:31","2110134721496_SG9401-DEFECTOS_CORREGIDOS.PDF","2110134721496_SG9401-DEFECTOS_CORREGIDOS.PDF","Revision (MTO)",NO,,,,,,,LO,6078,LO-006078,false,,,,,,false,2023-11-14,,,,,,,,,,,,
WO,3552,WO-3552,,,-,,,,SPA-MX,3027,SPA-MX03027,"System Administrator",Cerrado,"2023-11-14 19:08:47","2023-11-15 12:09:22",081619401267_MX3027.PDF,081619401267_MX3027.PDF,"Revision (MTO)",NO,,,,,,,LO,4676,LO-004676,false,,,,,,false,2023-11-14,,,,,,,,,,,,
WO,3618,WO-3618,,,-,,,,SPA-ZX,564,SPA-ZX00564,"System Administrator",Cerrado,"2023-11-14 19:10:18","2023-11-15 12:16:58","1211271025381_ZX0563-REV_MTO_05-07-2022.PDF","1211271025381_ZX0563-REV_MTO_05-07-2022.PDF","Revision (MTO)",NO,,,,,,,LO,7791,LO-007791,false,,,,,,false,2023-11-14,,,,,,,,,,,,
WO,4341,WO-4341,,,-,,,,SPA-AV,8921,SPA-AV08921,"System Administrator",Cerrado,"2024-01-18 17:41:48","2024-01-18 18:05:04",3008245513471_AV8921.PDF,3008245513471_AV8921.PDF,"Inspecciones (OCA)",NO,,,,,,,LO,215,LO-000215,false,,,,,,false,2024-01-18,,,,,,,,,,,,
WO,4340,WO-4340,,,-,,,,SPA-LU,4,SPA-LU00004,"System Administrator",Cerrado,"2024-01-18 17:41:46","2024-01-18 18:05:03",2916023925847_LU0004.PDF,2916023925847_LU0004.PDF,"Inspecciones (OCA)",NO,,,,,,,LO,3558,LO-003558,false,,,,,,false,2024-01-18,,,,,,,,,,,,
WO,2903,WO-2903,,,-,,,,SPA-AV,8929,SPA-AV08929,"System Administrator",Cerrado,"2023-11-14 18:53:57","2023-11-15 12:15:51",0810381019310_AV8929.PDF,0810381019310_AV8929.PDF,"Revision (MTO)",NO,,,,,,,LO,217,LO-000217,false,,,,,,false,2023-11-14,,,,,,,,,,,,
WO,4499,WO-4499,SAR,160,SAR-000160,SPA-ZA,6949,SPA-ZA06949,,,,"DNO acceso OSP",Abierto,"2024-01-26 14:30:50","2024-01-26 14:36:00","443132  ZA6949","Acceso para replanteo del nuevo TP4100. Se solicita acceso a Sala Principal.","Revision (MTO)",NO,,,,,,,,,-,false,,,,,,false,2024-01-26,,,,,,,,,,,,
WO,2212,WO-2212,,,-,,,,SPA-SG,9306,SPA-SG09306,"System Administrator",Cerrado,"2023-11-14 18:37:50","2023-11-15 12:19:44","2112303314844_SG9306-REVISION__MTO_-08-08-2019.PDF","2112303314844_SG9306-REVISION__MTO_-08-08-2019.PDF","Revision (MTO)",NO,,,,,,,LO,6077,LO-006077,false,,,,,,false,2023-11-14,,,,,,,,,,,,
WO,3499,WO-3499,,,-,,,,SPA-TO,546,SPA-TO00546,"System Administrator",Cerrado,"2023-11-14 19:07:34","2023-11-15 12:25:13","181301398568_TO00546-REV__MTO_07-06-2022.PDF","181301398568_TO00546-REV__MTO_07-06-2022.PDF","Revision (MTO)",NO,,,,,,,LO,6746,LO-006746,false,,,,,,false,2023-11-14,,,,,,,,,,,,
WO,3690,WO-3690,,,-,,,,SPA-ZX,557,SPA-ZX00557,"System Administrator",Cerrado,"2023-11-14 19:12:03","2023-11-15 12:13:00","2208494922536_ZX0557_-_AT-Z-020-22_-_EPILA_-_OCA.PDF","2208494922536_ZX0557_-_AT-Z-020-22_-_EPILA_-_OCA.PDF","Inspecciones (OCA)",NO,,,,,,19.07.2025,LO,7787,LO-007787,false,,,,,,false,2023-11-14,,,,,,,,,,,,
WO,3815,WO-3815,,,-,,,,SPA-HU,7145,SPA-HU07145,"System Administrator",Cerrado,"2024-01-18 17:29:14","2024-01-18 17:59:39","0413421113020_HU7145-REV_MTO_07-07-2022.PDF","0413421113020_HU7145-REV_MTO_07-07-2022.PDF","Revision (MTO)",NO,,,,,,,LO,2857,LO-002857,false,,,,,,false,2024-01-18,,,,,,,,,,,,
WO,2370,WO-2370,,,-,,,,SPA-CR,3104,SPA-CR03104,"System Administrator",Cerrado,"2023-11-14 18:41:35","2023-11-15 12:17:41","2112304813049_CR3104-REVISION__MTO_-11-02-2019.PDF","2112304813049_CR3104-REVISION__MTO_-11-02-2019.PDF","Revision (MTO)",NO,,,,,,,LO,1755,LO-001755,false,,,,,,false,2023-11-14,,,,,,,,,,,,
WO,2723,WO-2723,,,-,,,,SPA-SE,2202,SPA-SE02202,"System Administrator",Cerrado,"2023-11-14 18:49:44","2023-11-15 12:05:00","2112312631376_SE2202-REVISION__MTO_-09-09-2020.PDF","2112312631376_SE2202-REVISION__MTO_-09-09-2020.PDF","Revision (MTO)",NO,,,,,,,LO,6001,LO-006001,false,,,,,,false,2023-11-14,,,,,,,,,,,,
WO,4113,WO-4113,,,-,,,,SPA-BU,4365,SPA-BU04365,"System Administrator",Cerrado,"2024-01-18 17:36:33","2024-01-18 18:02:45",1708131310138_BU4365.PDF,1708131310138_BU4365.PDF,"Revision (MTO)",NO,,,,,,24.10.2024,LO,751,LO-000751,false,,,,,,false,2024-01-18,,,,,,,,,,,,
WO,3341,WO-3341,,,-,,,,SPA-MX,3107,SPA-MX03107,"System Administrator",Cerrado,"2023-11-14 19:03:56","2023-11-15 12:20:57",1811450610369_MX3107.PDF,1811450610369_MX3107.PDF,"Revision (MTO)",NO,,,,,,,LO,4693,LO-004693,false,,,,,,false,2023-11-14,,,,,,,,,,,,
WO,2535,WO-2535,,,-,,,,SPA-PO,6637,SPA-PO06637,"System Administrator",Cerrado,"2023-11-14 18:45:30","2023-11-15 12:08:32","2112311120356_PO6637-REVISION__MTO_-21-04-2020.PDF","2112311120356_PO6637-REVISION__MTO_-21-04-2020.PDF","Revision (MTO)",NO,,,,,,,LO,5604,LO-005604,false,,,,,,false,2023-11-14,,,,,,,,,,,,
WO,2752,WO-2752,,,-,,,,SPA-ZA,6987,SPA-ZA06987,"System Administrator",Cerrado,"2023-11-14 18:50:24","2023-11-15 12:17:24","2112342427330_ZA6987-INSPECCION__OCA_-10-09-2020.PDF","2112342427330_ZA6987-INSPECCION__OCA_-10-09-2020.PDF","Inspecciones (OCA)",NO,,,,,,10.09.2023,LO,7654,LO-007654,false,,,,,,false,2023-11-14,,,,,,,,,,,,
WO,3492,WO-3492,,,-,,,,SPA-TO,532,SPA-TO00532,"System Administrator",Cerrado,"2023-11-14 19:07:24","2023-11-15 12:25:24","1812492921501_CERT_AT-TO-015_22_TOTEM_TO0532_LAS_VENTAS_CON_PEÑA_AGUILERA_CT.PDF","1812492921501_CERT_AT-TO-015_22_TOTEM_TO0532_LAS_VENTAS_CON_PEÑA_AGUILERA_CT.PDF","Inspecciones (OCA)",NO,,,,,,08.06.2025,LO,6737,LO-006737,false,,,,,,false,2023-11-14,,,,,,,,,,,,
WO,3348,WO-3348,,,-,,,,SPA-MX,3029,SPA-MX03029,"System Administrator",Cerrado,"2023-11-14 19:04:06","2023-11-15 12:09:29",181153072873_MX3029.PDF,181153072873_MX3029.PDF,"Revision (MTO)",NO,,,,,,,LO,4677,LO-004677,false,,,,,,false,2023-11-14,,,,,,,,,,,,
WO,2424,WO-2424,,,-,,,,SPA-GU,9199,SPA-GU09199,"System Administrator",Cerrado,"2023-11-14 18:42:52","2023-11-15 12:07:35","2112305212295_GU9199-REVISION__MTO_-06-03-2019.PDF","2112305212295_GU9199-REVISION__MTO_-06-03-2019.PDF","Revision (MTO)",NO,,,,,,,LO,2802,LO-002802,false,,,,,,false,2023-11-14,,,,,,,,,,,,
WO,3851,WO-3851,,,-,,,,SPA-HX,9803,SPA-HX09803,"System Administrator",Cerrado,"2024-01-18 17:30:08","2024-01-18 18:00:02","171058416067_HX9803-REVISION__MTO_-04-08-2023.PDF","171058416067_HX9803-REVISION__MTO_-04-08-2023.PDF","Revision (MTO)",NO,,,,,,,LO,2994,LO-002994,false,,,,,,false,2024-01-18,,,,,,,,,,,,
WO,2914,WO-2914,,,-,,,,SPA-BU,4126,SPA-BU04126,"System Administrator",Cerrado,"2023-11-14 18:54:12","2023-11-15 12:08:22","211328177491_BU4126-DEFECTOS_CORREGIDOS.PDF","211328177491_BU4126-DEFECTOS_CORREGIDOS.PDF","Revision (MTO)",NO,,,,,,,LO,642,LO-000642,false,,,,,,false,2023-11-14,,,,,,,,,,,,
WO,4101,WO-4101,,,-,,,,SPA-GU,9159,SPA-GU09159,"System Administrator",Cerrado,"2024-01-18 17:36:16","2024-01-18 18:02:38","1014233525840_GU9159-REV__MTO_23-08-23.PDF","1014233525840_GU9159-REV__MTO_23-08-23.PDF","Revision (MTO)",NO,,,,,,23.08.2024,LO,2785,LO-002785,false,,,,,,false,2024-01-18,,,,,,,,,,,,
WO,2708,WO-2708,,,-,,,,SPA-LE,1718,SPA-LE01718,"System Administrator",Cerrado,"2023-11-14 18:49:25","2023-11-15 12:13:23","2112312542_LE1718-REVISION__MTO_-23-06-2020.PDF","2112312542_LE1718-REVISION__MTO_-23-06-2020.PDF","Revision (MTO)",NO,,,,,,,LO,3474,LO-003474,false,,,,,,false,2023-11-14,,,,,,,,,,,,
WO,2476,WO-2476,,,-,,,,SPA-AB,6003,SPA-AB06003,"System Administrator",Cerrado,"2023-11-14 18:44:09","2023-11-15 12:23:27","2112310118792_AB6003-REVISION__MTO_-22-04-2020.DOC","2112310118792_AB6003-REVISION__MTO_-22-04-2020.DOC","Revision (MTO)",NO,,,,,,,LO,41,LO-000041,false,,,,,,false,2023-11-14,,,,,,,,,,,,
WO,4409,WO-4409,,,-,,,,,,,"Raul Rueda hernandez",Abierto,"2024-01-22 13:17:02","2024-01-22 13:21:58","REPARAR UNIDAD DE AA","REPARAR UNIDAD DE AA",Urgente,NO,,,"2024-01-22 15:00:00",,,,,,-,false,,,,,,false,2024-01-22,,,,,,,,,,,,
WO,3466,WO-3466,,,-,,,,SPA-TO,32,SPA-TO00032,"System Administrator",Cerrado,"2023-11-14 19:06:49","2023-11-15 12:08:44","1811172832754_TO00032-REV__MTO_20-06-2022.PDF","1811172832754_TO00032-REV__MTO_20-06-2022.PDF","Revision (MTO)",NO,,,,,,,LO,6643,LO-006643,false,,,,,,false,2023-11-14,,,,,,,,,,,,
WO,3570,WO-3570,,,-,,,,SPA-MA,2633,SPA-MA02633,"System Administrator",Cerrado,"2023-11-14 19:09:13","2023-11-15 12:10:54","251442009599_MA2633-REVISION__MTO_-22-08-2022.PDF","251442009599_MA2633-REVISION__MTO_-22-08-2022.PDF","Revision (MTO)",NO,,,,,,,LO,3863,LO-003863,false,,,,,,false,2023-11-14,,,,,,,,,,,,
WO,2729,WO-2729,,,-,,,,SPA-MA,2636,SPA-MA02636,"System Administrator",Cerrado,"2023-11-14 18:49:53","2023-11-15 12:19:39","2112312630664_MA2636-INSPECCION__OCA_-18-11-2020.PDF","2112312630664_MA2636-INSPECCION__OCA_-18-11-2020.PDF","Inspecciones (OCA)",NO,,,,,,18.11.2023,LO,3864,LO-003864,false,,,,,,false,2023-11-14,,,,,,,,,,,,
WO,3975,WO-3975,,,-,,,,SPA-TE,8,SPA-TE00008,"System Administrator",Cerrado,"2024-01-18 17:33:12","2024-01-18 18:01:20","051135429580_TE0008-REV_MTO_01-09-23.PDF","051135429580_TE0008-REV_MTO_01-09-23.PDF","Revision (MTO)",NO,,,,,,01.09.2024,LO,6398,LO-006398,false,,,,,,false,2024-01-18,,,,,,,,,,,,
WO,3029,WO-3029,,,-,,,,SPA-SO,9812,SPA-SO09812,"System Administrator",Cerrado,"2023-11-14 18:56:52","2023-11-15 12:15:53",1808531413156_SO9812.PDF,1808531413156_SO9812.PDF,"Revision (MTO)",NO,,,,,,,LO,6138,LO-006138,false,,,,,,false,2023-11-14,,,,,,,,,,,,
WO,3218,WO-3218,,,-,,,,SPA-SS,5721,SPA-SS05721,"System Administrator",Cerrado,"2023-11-14 19:01:06","2023-11-15 12:10:58","0312263216091_SS5721-REV_MTO_17-08-2022.PDF","0312263216091_SS5721-REV_MTO_17-08-2022.PDF","Revision (MTO)",NO,,,,,,,LO,6256,LO-006256,false,,,,,,false,2023-11-14,,,,,,,,,,,,
WO,3230,WO-3230,,,-,,,,SPA-VA,2149,SPA-VA02149,"System Administrator",Cerrado,"2023-11-14 19:01:22","2023-11-15 12:15:17",0213430015346_VA2149.PDF,0213430015346_VA2149.PDF,"Revision (MTO)",NO,,,,,,,LO,7015,LO-007015,false,,,,,,false,2023-11-14,,,,,,,,,,,,
WO,4380,WO-4380,,,-,,,,SPA-TO,59,SPA-TO00059,"System Administrator",Cerrado,"2024-01-18 17:42:41","2024-01-18 18:05:27","1908212932497_CERT_AT-TO-024-2_22_TOTEM_TO0059_ALMOROX_CT.PDF","1908212932497_CERT_AT-TO-024-2_22_TOTEM_TO0059_ALMOROX_CT.PDF","Inspecciones (OCA)",NO,,,,,,,LO,6656,LO-006656,false,,,,,,false,2024-01-18,,,,,,,,,,,,
WO,3184,WO-3184,,,-,,,,SPA-GU,9191,SPA-GU09191,"System Administrator",Cerrado,"2023-11-14 19:00:18","2023-11-15 12:10:29",251325185761_GU9191.PDF,251325185761_GU9191.PDF,"Inspecciones (OCA)",NO,,,,,,16.07.2024,LO,2800,LO-002800,false,,,,,,false,2023-11-14,,,,,,,,,,,,
WO,2159,WO-2159,,,-,,,,SPA-BU,4250,SPA-BU04250,"System Administrator",Cerrado,"2023-11-14 18:36:34","2023-11-15 12:16:42","2112302627368_BU4250-REVISION__MTO_-08-08-2019.PDF","2112302627368_BU4250-REVISION__MTO_-08-08-2019.PDF","Revision (MTO)",NO,,,,,,,LO,711,LO-000711,false,,,,,,false,2023-11-14,,,,,,,,,,,,
WO,3437,WO-3437,,,-,,,,SPA-CR,3104,SPA-CR03104,"System Administrator",Cerrado,"2023-11-14 19:06:09","2023-11-15 12:11:05","010924312655_CR3104-TOTEM.PDF","010924312655_CR3104-TOTEM.PDF","Revision (MTO)",NO,,,,,,,LO,1755,LO-001755,false,,,,,,false,2023-11-14,,,,,,,,,,,,
WO,4061,WO-4061,,,-,,,,SPA-AV,8943,SPA-AV08943,"System Administrator",Cerrado,"2024-01-18 17:35:17","2024-01-18 18:02:13",3008320616525_AV8943.PDF,3008320616525_AV8943.PDF,"Revision (MTO)",NO,,,,,,18.11.2024,LO,222,LO-000222,false,,,,,,false,2024-01-18,,,,,,,,,,,,
WO,2388,WO-2388,,,-,,,,SPA-CR,3222,SPA-CR03222,"System Administrator",Cerrado,"2023-11-14 18:42:00","2023-11-15 12:09:11","211230505651_CR3222-REVISION__MTO_-11-02-2019.PDF","211230505651_CR3222-REVISION__MTO_-11-02-2019.PDF","Revision (MTO)",NO,,,,,,,LO,1778,LO-001778,false,,,,,,false,2023-11-14,,,,,,,,,,,,
WO,2597,WO-2597,,,-,,,,SPA-AV,8604,SPA-AV08604,"System Administrator",Cerrado,"2023-11-14 18:46:54","2023-11-15 12:18:36","2112311722086_AV8604-INSPECCION__OCA_-12-10-2020.PDF","2112311722086_AV8604-INSPECCION__OCA_-12-10-2020.PDF","Inspecciones (OCA)",NO,,,,,,12.10.2023,LO,186,LO-000186,false,,,,,,false,2023-11-14,,,,,,,,,,,,
WO,2616,WO-2616,,,-,,,,SPA-JX,8020,SPA-JX08020,"System Administrator",Cerrado,"2023-11-14 18:47:20","2023-11-15 12:23:02","2112311829833_JX8020-INSPECCION__OCA_-15-10-2020.PDF","2112311829833_JX8020-INSPECCION__OCA_-15-10-2020.PDF","Inspecciones (OCA)",NO,,,,,,15.10.2023,LO,3311,LO-003311,false,,,,,,false,2023-11-14,,,,,,,,,,,,
WO,3015,WO-3015,,,-,,,,SPA-MX,654,SPA-MX00654,"System Administrator",Cerrado,"2023-11-14 18:56:32","2023-11-15 12:14:16",2109454413776_MX0654.PDF,2109454413776_MX0654.PDF,"Inspecciones (OCA)",NO,,,,,,18.10.2024,LO,4469,LO-004469,false,,,,,,false,2023-11-14,,,,,,,,,,,,
WO,1911,WO-1911,,,-,,,,SPA-AL,8920,SPA-AL08920,"System Administrator",Cerrado,"2023-11-14 18:30:36","2023-11-15 12:19:46","2212433110033_OCA_LAT_AL8920_2021.PDF","2212433110033_OCA_LAT_AL8920_2021.PDF","Inspecciones (OCA)",NO,,,,,,10.11.2024,LO,115,LO-000115,false,,,,,,false,2023-11-14,,,,,,,,,,,,
WO,4140,WO-4140,,,-,,,,SPA-AB,6390,SPA-AB06390,"System Administrator",Cerrado,"2024-01-18 17:37:12","2024-01-18 18:03:02","041558529100_AB6390-REV_MTO_26-09-2023.PDF","041558529100_AB6390-REV_MTO_26-09-2023.PDF","Revision (MTO)",NO,,,,,,26.09.2024,LO,81,LO-000081,false,,,,,,false,2024-01-18,,,,,,,,,,,,
WO,2053,WO-2053,,,-,,,,SPA-GR,7606,SPA-GR07606,"System Administrator",Cerrado,"2023-11-14 18:33:59","2023-11-15 12:16:35","2112300331226_GR7606-REVISION__MTO_-27-05-2019.PDF","2112300331226_GR7606-REVISION__MTO_-27-05-2019.PDF","Revision (MTO)",NO,,,,,,,LO,2727,LO-002727,false,,,,,,false,2023-11-14,,,,,,,,,,,,
WO,4034,WO-4034,,,-,,,,SPA-LE,1715,SPA-LE01715,"System Administrator",Cerrado,"2024-01-18 17:34:39","2024-01-18 18:01:57",0415400927091_LE1715.PDF,0415400927091_LE1715.PDF,"Revision (MTO)",NO,,,,,,11.11.2024,LO,3471,LO-003471,false,,,,,,false,2024-01-18,,,,,,,,,,,,
WO,3236,WO-3236,,,-,,,,SPA-VA,2288,SPA-VA02288,"System Administrator",Cerrado,"2023-11-14 19:01:30","2023-11-15 12:14:26",0215372023070_VA2288.PDF,0215372023070_VA2288.PDF,"Revision (MTO)",NO,,,,,,,LO,7100,LO-007100,false,,,,,,false,2023-11-14,,,,,,,,,,,,
WO,4262,WO-4262,,,-,,,,SPA-ZA,6944,SPA-ZA06944,"System Administrator",Cerrado,"2024-01-18 17:40:02","2024-01-18 18:04:18",1609512223812_ZA6944.PDF,1609512223812_ZA6944.PDF,"Inspecciones (OCA)",NO,,,,,,,LO,7636,LO-007636,false,,,,,,false,2024-01-18,,,,,,,,,,,,
WO,2487,WO-2487,,,-,,,,SPA-CS,170,SPA-CS00170,"System Administrator",Cerrado,"2023-11-14 18:44:25","2023-11-15 12:13:07","211231034434_CS0170-REVISION__MTO_-02-06-2020.DOC","211231034434_CS0170-REVISION__MTO_-02-06-2020.DOC","Revision (MTO)",NO,,,,,,,LO,1909,LO-001909,false,,,,,,false,2023-11-14,,,,,,,,,,,,
WO,2534,WO-2534,,,-,,,,SPA-PO,6326,SPA-PO06326,"System Administrator",Cerrado,"2023-11-14 18:45:29","2023-11-15 12:13:18","211231117590_PO6326-REVISION__MTO_-21-04-2020.PDF","211231117590_PO6326-REVISION__MTO_-21-04-2020.PDF","Revision (MTO)",NO,,,,,,,LO,5553,LO-005553,false,,,,,,false,2023-11-14,,,,,,,,,,,,
WO,4487,WO-4487,SAR,145,SAR-000145,SPA-CO,9735,SPA-CO09735,,,,"DNO acceso OSP",Abierto,"2024-01-26 12:44:59","2024-01-26 12:53:15","DESMONTE REPETIDOR AVE","DESMONTE REPETIDOR AVE",Infraestructura,NO,,,,,,,,,-,false,,,,,,false,2024-01-26,,,,,,,,,,,,
WO,3066,WO-3066,,,-,,,,,,,"System Administrator",Cerrado,"2023-11-14 18:57:36","2023-11-15 12:11:49","0412043828145_SA5602-REVISION__MTO_-25-09-2017.PDF","0412043828145_SA5602-REVISION__MTO_-25-09-2017.PDF","Revision (MTO)",NO,,,,,,,,,-,false,,,,,,false,2023-11-14,,,,,,,,,,,,
WO,2585,WO-2585,,,-,,,,SPA-PO,6127,SPA-PO06127,"System Administrator",Cerrado,"2023-11-14 18:46:38","2023-11-15 12:08:24","21123114684_PO6127-INSPECCION__OCA_-27-08-2020.PDF","21123114684_PO6127-INSPECCION__OCA_-27-08-2020.PDF","Inspecciones (OCA)",NO,,,,,,27.08.2023,LO,5529,LO-005529,false,,,,,,false,2023-11-14,,,,,,,,,,,,
WO,2957,WO-2957,,,-,,,,SPA-HX,9628,SPA-HX09628,"System Administrator",Cerrado,"2023-11-14 18:55:12","2023-11-15 12:22:03","221355021943_REVISION_ANUAL_CT_HX9628_2021.PDF","221355021943_REVISION_ANUAL_CT_HX9628_2021.PDF","Revision (MTO)",NO,,,,,,,LO,2961,LO-002961,false,,,,,,false,2023-11-14,,,,,,,,,,,,
WO,4568,WO-4568,SAR,225,SAR-000225,SPA-IB,203,SPA-IB00203,,,,"DNO acceso OSP",Abierto,"2024-01-29 13:08:17","2024-01-29 13:12:02","444321   IB0203","CORRECTIVO URGENTE EQUIPOS ORANGE",Urgente,NO,,,,,,,,,-,false,,,,,,false,2024-01-29,,,,,,,,,,,,
WO,3998,WO-3998,,,-,,,,SPA-ZA,6952,SPA-ZA06952,"System Administrator",Cerrado,"2024-01-18 17:33:47","2024-01-18 18:01:34",1010320416664_ZA6952.PDF,1010320416664_ZA6952.PDF,"Revision (MTO)",NO,,,,,,05.10.2023,LO,7642,LO-007642,false,,,,,,false,2024-01-18,,,,,,,,,,,,
WO,2858,WO-2858,,,-,,,,SPA-MU,290,SPA-MU00290,"System Administrator",Cerrado,"2023-11-14 18:52:55","2023-11-15 12:18:46","131929283262_MU0290_INFORME_REVISION_SUCINA_2021.PDF","131929283262_MU0290_INFORME_REVISION_SUCINA_2021.PDF","Revision (MTO)",NO,,,,,,,LO,4105,LO-004105,false,,,,,,false,2023-11-14,,,,,,,,,,,,
WO,4366,WO-4366,,,-,,,,SPA-HX,408,SPA-HX00408,"System Administrator",Cerrado,"2024-01-18 17:42:21","2024-01-18 18:05:18","3015081330982_HX0408-INSPECCION__OCA_-19-10-2022_CT.PDF","3015081330982_HX0408-INSPECCION__OCA_-19-10-2022_CT.PDF","Inspecciones (OCA)",NO,,,,,,,LO,2906,LO-002906,false,,,,,,false,2024-01-18,,,,,,,,,,,,
WO,2398,WO-2398,,,-,,,,SPA-CU,8540,SPA-CU08540,"System Administrator",Cerrado,"2023-11-14 18:42:14","2023-11-15 12:17:54","2112305132179_CU8540-REVISION__MTO_-12-03-2019.PDF","2112305132179_CU8540-REVISION__MTO_-12-03-2019.PDF","Revision (MTO)",NO,,,,,,,LO,2040,LO-002040,false,,,,,,false,2023-11-14,,,,,,,,,,,,
WO,2483,WO-2483,,,-,,,,SPA-MU,290,SPA-MU00290,"System Administrator",Cerrado,"2023-11-14 18:44:19","2023-11-15 12:06:35","2112310330875_MU0290-REVISION__MTO_-19-05-2020.DOC","2112310330875_MU0290-REVISION__MTO_-19-05-2020.DOC","Revision (MTO)",NO,,,,,,,LO,4105,LO-004105,false,,,,,,false,2023-11-14,,,,,,,,,,,,
WO,2005,WO-2005,,,-,,,,SPA-TO,73,SPA-TO00073,"System Administrator",Cerrado,"2023-11-14 18:32:51","2023-11-15 12:18:11","2112300127032_TO0073-INSPECCION__OCA_-16-05-2019.PDF","2112300127032_TO0073-INSPECCION__OCA_-16-05-2019.PDF","Inspecciones (OCA)",NO,,,,,,16.05.2022,LO,6661,LO-006661,false,,,,,,false,2023-11-14,,,,,,,,,,,,
WO,1975,WO-1975,,,-,,,,SPA-VX,1435,SPA-VX01435,"System Administrator",Cerrado,"2023-11-14 18:32:05","2023-11-15 12:08:42","271118027970_460_AT_0050_21-1__VX1435.PDF","271118027970_460_AT_0050_21-1__VX1435.PDF","Inspecciones (OCA)",NO,,,,,,19.04.2024,LO,7525,LO-007525,false,,,,,,false,2023-11-14,,,,,,,,,,,,
WO,3407,WO-3407,,,-,,,,SPA-CU,8677,SPA-CU08677,"System Administrator",Cerrado,"2023-11-14 19:05:27","2023-11-15 12:05:55","251026173026_CU8677-TOTEM.PDF","251026173026_CU8677-TOTEM.PDF","Revision (MTO)",NO,,,,,,,LO,2058,LO-002058,false,,,,,,false,2023-11-14,,,,,,,,,,,,
WO,4460,WO-4460,SAR,107,SAR-000107,SPA-BA,347,SPA-BA00347,,,,"Rafael  Agueda Casado",Abierto,"2024-01-25 12:35:21","2024-01-25 12:35:21",BA0347,"Instalación de ATN en BA0346,necesitamos acceder a BA0347 para realizar el cambio de site del antiguo PTN sobre nuevo ATN que instalamos.Los parcheos se realizan sobre repartidores existentes. No necesario ET ni solicitud de compartición SALA EQUIPOS",Normal,NO,"2024-02-01 08:00:00","2024-02-15 17:00:00",,,,,,,-,false,,,,,,false,2024-01-25,,,,,,,,,,,,
WO,2553,WO-2553,,,-,,,,SPA-LE,1673,SPA-LE01673,"System Administrator",Cerrado,"2023-11-14 18:45:54","2023-11-15 12:23:22","2112311214272_LE1673-INSPECCION__OCA_-14-08-2020.PDF","2112311214272_LE1673-INSPECCION__OCA_-14-08-2020.PDF","Inspecciones (OCA)",NO,,,,,,14.08.2023,LO,3461,LO-003461,false,,,,,,false,2023-11-14,,,,,,,,,,,,
WO,2741,WO-2741,,,-,,,,SPA-HX,9809,SPA-HX09809,"System Administrator",Cerrado,"2023-11-14 18:50:09","2023-11-15 12:20:04","2112312723888_HX9809-INSPECCION__OCA_-21-12-2020.PDF","2112312723888_HX9809-INSPECCION__OCA_-21-12-2020.PDF","Inspecciones (OCA)",NO,,,,,,21.12.2023,LO,2995,LO-002995,false,,,,,,false,2023-11-14,,,,,,,,,,,,
WO,2130,WO-2130,,,-,,,,SPA-AV,8735,SPA-AV08735,"System Administrator",Cerrado,"2023-11-14 18:35:52","2023-11-15 12:22:15","2112302412076_AV8735-REVISION__MTO_-08-08-2019.PDF","2112302412076_AV8735-REVISION__MTO_-08-08-2019.PDF","Revision (MTO)",NO,,,,,,,LO,207,LO-000207,false,,,,,,false,2023-11-14,,,,,,,,,,,,
WO,4270,WO-4270,,,-,,,,SPA-LE,1676,SPA-LE01676,"System Administrator",Cerrado,"2024-01-18 17:40:13","2024-01-18 18:04:22",1809133115457_LE1676.PDF,1809133115457_LE1676.PDF,"Inspecciones (OCA)",NO,,,,,,,LO,3463,LO-003463,false,,,,,,false,2024-01-18,,,,,,,,,,,,
WO,2097,WO-2097,,,-,,,,SPA-LE,1725,SPA-LE01725,"System Administrator",Cerrado,"2023-11-14 18:35:01","2023-11-15 12:13:05","211230198106_LE1725-REVISION__MTO_-07-08-2018.PDF","211230198106_LE1725-REVISION__MTO_-07-08-2018.PDF","Revision (MTO)",NO,,,,,,,LO,3480,LO-003480,false,,,,,,false,2023-11-14,,,,,,,,,,,,
WO,4458,WO-4458,SAR,102,SAR-000102,SPA-IB,181,SPA-IB00181,,,,"Patricia  Valero palacios",Abierto,"2024-01-25 11:35:23","2024-01-25 11:35:23","REVISAR ALARMAS Y CAMBIAR VENTILADOR","REVISAR ALARMAS Y CAMBIAR VENTILADOR",Infraestructura,NO,,,,,,,,,-,false,,,,,,false,2024-01-25,,,,,,,,,,,,
WO,3708,WO-3708,,,-,,,,SPA-HU,7140,SPA-HU07140,"System Administrator",Cerrado,"2023-11-14 19:12:29","2023-11-15 12:04:53","2709134510541_HU7140-REV_MTO_08-07-2022.PDF","2709134510541_HU7140-REV_MTO_08-07-2022.PDF","Revision (MTO)",NO,,,,,,,LO,2853,LO-002853,false,,,,,,false,2023-11-14,,,,,,,,,,,,
WO,3062,WO-3062,,,-,,,,,,,"System Administrator",Cerrado,"2023-11-14 18:57:32","2023-11-15 12:08:49","041204382995_SA6408-REVISION__MTO_-27092016.PDF","041204382995_SA6408-REVISION__MTO_-27092016.PDF","Revision (MTO)",NO,,,,,,,,,-,false,,,,,,false,2023-11-14,,,,,,,,,,,,
WO,2015,WO-2015,,,-,,,,SPA-TO,46,SPA-TO00046,"System Administrator",Cerrado,"2023-11-14 18:33:06","2023-11-15 12:19:08","211230023523_TO0046-INSPECCION__OCA_-16-05-2019.PDF","211230023523_TO0046-INSPECCION__OCA_-16-05-2019.PDF","Inspecciones (OCA)",NO,,,,,,16.05.2022,LO,6648,LO-006648,false,,,,,,false,2023-11-14,,,,,,,,,,,,
WO,3346,WO-3346,,,-,,,,SPA-MX,654,SPA-MX00654,"System Administrator",Cerrado,"2023-11-14 19:04:03","2023-11-15 12:15:18",1811512230570_MX0654.PDF,1811512230570_MX0654.PDF,"Revision (MTO)",NO,,,,,,,LO,4469,LO-004469,false,,,,,,false,2023-11-14,,,,,,,,,,,,
WO,1901,WO-1901,,,-,,,,SPA-JX,124,SPA-JX00124,"System Administrator",Cerrado,"2023-11-14 18:30:22","2023-11-15 12:24:38","221305171615_OCA_LAT_JX0124_2021.PDF","221305171615_OCA_LAT_JX0124_2021.PDF","Inspecciones (OCA)",NO,,,,,,08.11.2024,LO,3288,LO-003288,false,,,,,,false,2023-11-14,,,,,,,,,,,,
WO,2600,WO-2600,,,-,,,,SPA-AV,8735,SPA-AV08735,"System Administrator",Cerrado,"2023-11-14 18:46:58","2023-11-15 12:05:34","2112311730424_AV8735-INSPECCION__OCA_-12-10-2020.PDF","2112311730424_AV8735-INSPECCION__OCA_-12-10-2020.PDF","Inspecciones (OCA)",NO,,,,,,12.10.2023,LO,207,LO-000207,false,,,,,,false,2023-11-14,,,,,,,,,,,,
WO,3472,WO-3472,,,-,,,,SPA-TO,59,SPA-TO00059,"System Administrator",Cerrado,"2023-11-14 19:06:57","2023-11-15 12:10:54","1812144030743_CERT_AT-TO-024_22_TOTEM_TO0059_ALMOROX_CT.PDF","1812144030743_CERT_AT-TO-024_22_TOTEM_TO0059_ALMOROX_CT.PDF","Inspecciones (OCA)",NO,,,,,,10.06.2025,LO,6656,LO-006656,false,,,,,,false,2023-11-14,,,,,,,,,,,,
WO,2751,WO-2751,,,-,,,,SPA-ZA,6944,SPA-ZA06944,"System Administrator",Cerrado,"2023-11-14 18:50:23","2023-11-15 12:05:52","2112342431461_ZA6944-INSPECCION__OCA_-10-09-2020.PDF","2112342431461_ZA6944-INSPECCION__OCA_-10-09-2020.PDF","Inspecciones (OCA)",NO,,,,,,10.09.2023,LO,7636,LO-007636,false,,,,,,false,2023-11-14,,,,,,,,,,,,
WO,3953,WO-3953,,,-,,,,SPA-GU,9148,SPA-GU09148,"System Administrator",Cerrado,"2024-01-18 17:32:40","2024-01-18 18:01:06","1910142116899_GU9148-REV_MTO_28-03-2023.PDF","1910142116899_GU9148-REV_MTO_28-03-2023.PDF","Revision (MTO)",NO,,,,,,,LO,2780,LO-002780,false,,,,,,false,2024-01-18,,,,,,,,,,,,
WO,2499,WO-2499,,,-,,,,SPA-VX,858,SPA-VX00858,"System Administrator",Cerrado,"2023-11-14 18:44:41","2023-11-15 12:13:32","2112310432469_VX0858-REVISION__MTO_-17-06-2020.DOC","2112310432469_VX0858-REVISION__MTO_-17-06-2020.DOC","Revision (MTO)",NO,,,,,,,LO,7382,LO-007382,false,,,,,,false,2023-11-14,,,,,,,,,,,,
WO,4325,WO-4325,,,-,,,,SPA-HX,9474,SPA-HX09474,"System Administrator",Cerrado,"2024-01-18 17:41:27","2024-01-18 18:04:54","221320395237_01370315_ORANGE_ESPAGNE__SAU_HX9474_LAMT_PERIO_FAV.PDF","221320395237_01370315_ORANGE_ESPAGNE__SAU_HX9474_LAMT_PERIO_FAV.PDF","Inspecciones (OCA)",NO,,,,,,,LO,2931,LO-002931,false,,,,,,false,2024-01-18,,,,,,,,,,,,
WO,4623,WO-4623,SAR,292,SAR-000292,SPA-MX,938,SPA-MX00938,,,,"DNO acceso OSP",Abierto,"2024-01-30 10:14:21","2024-01-30 10:17:19","444048 - MX0938",REPLANTEO,"Revision (MTO)",NO,,,,,,,,,-,false,,,,,,false,2024-01-30,,,,,,,,,,,,
WO,1960,WO-1960,,,-,,,,SPA-TE,60,SPA-TE00060,"System Administrator",Cerrado,"2023-11-14 18:31:43","2023-11-15 12:19:45","181922132904_TE0060_INFORME_REVISION_ALBARRACIN_2021.PDF","181922132904_TE0060_INFORME_REVISION_ALBARRACIN_2021.PDF","Revision (MTO)",NO,,,,,,,LO,6424,LO-006424,false,,,,,,false,2023-11-14,,,,,,,,,,,,
WO,2877,WO-2877,,,-,,,,SPA-AV,8523,SPA-AV08523,"System Administrator",Cerrado,"2023-11-14 18:53:22","2023-11-15 12:12:50",2313281421525_AV8523.PDF,2313281421525_AV8523.PDF,"Revision (MTO)",NO,,,,,,,LO,176,LO-000176,false,,,,,,false,2023-11-14,,,,,,,,,,,,
WO,3138,WO-3138,,,-,,,,SPA-SA,5620,SPA-SA05620,"System Administrator",Cerrado,"2023-11-14 18:59:11","2023-11-15 12:07:56",211023025843_SA5620.PDF,211023025843_SA5620.PDF,"Revision (MTO)",NO,,,,,,,LO,5694,LO-005694,false,,,,,,false,2023-11-14,,,,,,,,,,,,
WO,3185,WO-3185,,,-,,,,SPA-GU,9199,SPA-GU09199,"System Administrator",Cerrado,"2023-11-14 19:00:19","2023-11-15 12:20:35",2513272914786_GU9199.PDF,2513272914786_GU9199.PDF,"Inspecciones (OCA)",NO,,,,,,16.07.2024,LO,2802,LO-002802,false,,,,,,false,2023-11-14,,,,,,,,,,,,
WO,1929,WO-1929,,,-,,,,SPA-AB,5909,SPA-AB05909,"System Administrator",Cerrado,"2023-11-14 18:31:01","2023-11-15 12:10:24","0709155723802_AB5909_INFORME_REVISION_ALBACETE_N-322_2021.DOC","0709155723802_AB5909_INFORME_REVISION_ALBACETE_N-322_2021.DOC","Revision (MTO)",NO,,,,,,,LO,32,LO-000032,false,,,,,,false,2023-11-14,,,,,,,,,,,,
WO,2313,WO-2313,,,-,,,,SPA-JX,7952,SPA-JX07952,"System Administrator",Cerrado,"2023-11-14 18:40:14","2023-11-15 12:20:24","211230447531_JX7952-REVISION__MTO_-19-03-2020.PDF","211230447531_JX7952-REVISION__MTO_-19-03-2020.PDF","Revision (MTO)",NO,,,,,,,LO,3304,LO-003304,false,,,,,,false,2023-11-14,,,,,,,,,,,,
WO,4538,WO-4538,SAR,201,SAR-000201,SPA-PO,5031,SPA-PO05031,,,,"DNO acceso OSP",Abierto,"2024-01-29 10:15:20","2024-01-29 10:20:48","444230   PO5031","Conexión SIU al MPR puerto caído",Urgente,NO,,,,,,,,,-,false,,,,,,false,2024-01-29,,,,,,,,,,,,
WO,4370,WO-4370,,,-,,,,SPA-LX,57,SPA-LX00057,"System Administrator",Cerrado,"2024-01-18 17:42:27","2024-01-18 18:05:21",1712292125542_LX0057.PDF,1712292125542_LX0057.PDF,"Inspecciones (OCA)",NO,,,,,,,LO,3673,LO-003673,false,,,,,,false,2024-01-18,,,,,,,,,,,,
WO,2271,WO-2271,,,-,,,,SPA-MA,2854,SPA-MA02854,"System Administrator",Cerrado,"2023-11-14 18:39:12","2023-11-15 12:10:02","2112304023639_MA2854-REVISION__MTO_-14-04-2020.PDF","2112304023639_MA2854-REVISION__MTO_-14-04-2020.PDF","Revision (MTO)",NO,,,,,,,LO,3910,LO-003910,false,,,,,,false,2023-11-14,,,,,,,,,,,,
WO,2821,WO-2821,,,-,,,,SPA-CX,503,SPA-CX00503,"System Administrator",Cerrado,"2023-11-14 18:52:01","2023-11-15 12:05:25","2112342910428_CX0503-INSPECCION__OCA_-15-09-2020.PDF","2112342910428_CX0503-INSPECCION__OCA_-15-09-2020.PDF","Inspecciones (OCA)",NO,,,,,,15.09.2023,LO,2167,LO-002167,false,,,,,,false,2023-11-14,,,,,,,,,,,,
WO,2512,WO-2512,,,-,,,,SPA-OR,8920,SPA-OR08920,"System Administrator",Cerrado,"2023-11-14 18:44:59","2023-11-15 12:14:57","2112310625089_OR8920-INSPECCION__OCA_-06-08-2020.PDF","2112310625089_OR8920-INSPECCION__OCA_-06-08-2020.PDF","Inspecciones (OCA)",NO,,,,,,06.08.2023,LO,5126,LO-005126,false,,,,,,false,2023-11-14,,,,,,,,,,,,
WO,2369,WO-2369,,,-,,,,SPA-CR,3108,SPA-CR03108,"System Administrator",Cerrado,"2023-11-14 18:41:33","2023-11-15 12:19:11","2112304810844_CR3108-REVISION__MTO_-11-02-2019.PDF","2112304810844_CR3108-REVISION__MTO_-11-02-2019.PDF","Revision (MTO)",NO,,,,,,,LO,1758,LO-001758,false,,,,,,false,2023-11-14,,,,,,,,,,,,
WO,3846,WO-3846,,,-,,,,SPA-HX,9628,SPA-HX09628,"System Administrator",Cerrado,"2024-01-18 17:30:01","2024-01-18 17:59:59","1414075610714_HX9628-REVISION__MTO_-03-08-2023.PDF","1414075610714_HX9628-REVISION__MTO_-03-08-2023.PDF","Revision (MTO)",NO,,,,,,,LO,2961,LO-002961,false,,,,,,false,2024-01-18,,,,,,,,,,,,
WO,3772,WO-3772,,,-,,,,SPA-VA,2148,SPA-VA02148,"System Administrator",Cerrado,"2023-11-14 19:14:00","2023-11-15 12:12:55",2508401813899_VA2148.PDF,2508401813899_VA2148.PDF,"Revision (MTO)",NO,,,,,,,LO,7014,LO-007014,false,,,,,,false,2023-11-14,,,,,,,,,,,,
WO,1937,WO-1937,,,-,,,,SPA-AB,6362,SPA-AB06362,"System Administrator",Cerrado,"2023-11-14 18:31:12","2023-11-15 12:23:59","2610202532685_AB6362_CHINCHILLA_ESTACION_CERTIFICADO_FAVORABLE_2021.PDF","2610202532685_AB6362_CHINCHILLA_ESTACION_CERTIFICADO_FAVORABLE_2021.PDF","Inspecciones (OCA)",NO,,,,,,08.03.2024,LO,78,LO-000078,false,,,,,,false,2023-11-14,,,,,,,,,,,,
WO,3969,WO-3969,,,-,,,,SPA-VI,8715,SPA-VI08715,"System Administrator",Cerrado,"2024-01-18 17:33:03","2024-01-18 18:01:16","2509012217729_VI8715-REV__MTO_18-08-2022.PDF","2509012217729_VI8715-REV__MTO_18-08-2022.PDF","Revision (MTO)",NO,,,,,,,LO,7167,LO-007167,false,,,,,,false,2024-01-18,,,,,,,,,,,,
WO,2298,WO-2298,,,-,,,,SPA-LE,1541,SPA-LE01541,"System Administrator",Cerrado,"2023-11-14 18:39:52","2023-11-15 12:25:16","2112304326867_LE1541-REVISION__MTO_-10-06-2019.PDF","2112304326867_LE1541-REVISION__MTO_-10-06-2019.PDF","Revision (MTO)",NO,,,,,,,LO,3445,LO-003445,false,,,,,,false,2023-11-14,,,,,,,,,,,,
WO,2322,WO-2322,,,-,,,,SPA-MX,3404,SPA-MX03404,"System Administrator",Cerrado,"2023-11-14 18:40:27","2023-11-15 12:05:45","2112304417954_MX3404-REVISION__MTO_-04-02-2019.PDF","2112304417954_MX3404-REVISION__MTO_-04-02-2019.PDF","Revision (MTO)",NO,,,,,,,LO,4704,LO-004704,false,,,,,,false,2023-11-14,,,,,,,,,,,,
WO,3159,WO-3159,,,-,,,,SPA-SG,9154,SPA-SG09154,"System Administrator",Cerrado,"2023-11-14 18:59:40","2023-11-15 12:11:00",141002463919_SG9154.PDF,141002463919_SG9154.PDF,"Revision (MTO)",NO,,,,,,,LO,6053,LO-006053,false,,,,,,false,2023-11-14,,,,,,,,,,,,
WO,4574,WO-4574,SAR,231,SAR-000231,SPA-BX,2460,SPA-BX02460,,,,"Jennifer Montiel fernandez",Abierto,"2024-01-29 13:28:00","2024-01-29 13:28:00",CONTROLADORA,"Arreglo controladora equipo DC de Totem/Orange","Inspección Preventiva",NO,"2024-01-29 23:00:10",,,,,,,,-,false,,,,,,false,2024-01-29,,,,,,,,,,,,
WO,3178,WO-3178,,,-,,,,SPA-GU,9156,SPA-GU09156,"System Administrator",Cerrado,"2023-11-14 19:00:09","2023-11-15 12:08:58",2513172223968_GU9156.PDF,2513172223968_GU9156.PDF,"Inspecciones (OCA)",NO,,,,,,15.07.2024,LO,2783,LO-002783,false,,,,,,false,2023-11-14,,,,,,,,,,,,
WO,2305,WO-2305,,,-,,,,SPA-LE,471,SPA-LE00471,"System Administrator",Cerrado,"2023-11-14 18:40:02","2023-11-15 12:24:00","211230431570_LE0471-REVISION__MTO_-10-06-2019.PDF","211230431570_LE0471-REVISION__MTO_-10-06-2019.PDF","Revision (MTO)",NO,,,,,,,LO,3399,LO-003399,false,,,,,,false,2023-11-14,,,,,,,,,,,,
WO,4565,WO-4565,,,-,,,,,,,"ROBERTO  MUÑOZ SÁNCHEZ",Abierto,"2024-01-29 12:48:14","2024-01-29 13:27:05",preventivo,preventivo,"Inspección Preventiva",NO,,,,,,,,,-,false,,,,,,false,2024-01-29,,,,,,,,,,,,
WO,3737,WO-3737,,,-,,,,SPA-TE,60,SPA-TE00060,"System Administrator",Cerrado,"2023-11-14 19:13:09","2023-11-15 12:11:27","27101755280_TE0060T-REV_MTO_23-08-2022.PDF","27101755280_TE0060T-REV_MTO_23-08-2022.PDF","Revision (MTO)",NO,,,,,,,LO,6424,LO-006424,false,,,,,,false,2023-11-14,,,,,,,,,,,,
WO,3421,WO-3421,,,-,,,,SPA-GU,9102,SPA-GU09102,"System Administrator",Cerrado,"2023-11-14 19:05:46","2023-11-15 12:23:50","2710512425029_GU9102-TOTEM.PDF","2710512425029_GU9102-TOTEM.PDF","Revision (MTO)",NO,,,,,,,LO,2754,LO-002754,false,,,,,,false,2023-11-14,,,,,,,,,,,,
WO,4618,WO-4618,SAR,287,SAR-000287,SPA-SE,1957,SPA-SE01957,,,,"Rafael Sánchez Velasco",Abierto,"2024-01-30 09:06:00","2024-01-30 09:09:28","Replanteo CVE - SPA - SE01957","Replanteo y toma de datos para CVE",Normal,NO,,,,,,,,,-,false,,,,,,false,2024-01-30,,,,,,,,,,,,
WO,2704,WO-2704,,,-,,,,SPA-LE,1715,SPA-LE01715,"System Administrator",Cerrado,"2023-11-14 18:49:19","2023-11-15 12:19:35","211231241259_LE1715-REVISION__MTO_-23-06-2020.PDF","211231241259_LE1715-REVISION__MTO_-23-06-2020.PDF","Revision (MTO)",NO,,,,,,,LO,3471,LO-003471,false,,,,,,false,2023-11-14,,,,,,,,,,,,
WO,3660,WO-3660,,,-,,,,SPA-BU,4210,SPA-BU04210,"System Administrator",Cerrado,"2023-11-14 19:11:17","2023-11-15 12:10:04","1608180310072_BU4210-CON_DEFECTOS.PDF","1608180310072_BU4210-CON_DEFECTOS.PDF","Revision (MTO)",NO,,,,,,,LO,688,LO-000688,false,,,,,,false,2023-11-14,,,,,,,,,,,,
WO,3923,WO-3923,,,-,,,,SPA-CR,3311,SPA-CR03311,"System Administrator",Cerrado,"2024-01-18 17:31:55","2024-01-18 18:00:48","0313430615038_CR3311-REV_MTO_16-03-2023.PDF","0313430615038_CR3311-REV_MTO_16-03-2023.PDF","Revision (MTO)",NO,,,,,,,LO,1790,LO-001790,false,,,,,,false,2024-01-18,,,,,,,,,,,,
WO,3961,WO-3961,,,-,,,,SPA-GU,9191,SPA-GU09191,"System Administrator",Cerrado,"2024-01-18 17:32:52","2024-01-18 18:01:11","1911144618716_GU9191-REV_MTO_28-03-2023.PDF","1911144618716_GU9191-REV_MTO_28-03-2023.PDF","Revision (MTO)",NO,,,,,,,LO,2800,LO-002800,false,,,,,,false,2024-01-18,,,,,,,,,,,,
WO,4446,WO-4446,SAR,79,SAR-000079,SPA-MX,3792,SPA-MX03792,,,,"Rebeca Romón sánchez",Abierto,"2024-01-24 14:18:02","2024-01-24 14:46:01","REPARACIÓN DE AA","REPARACIÓN DE AA",Normal,NO,,,,,,,,,-,false,,,,,,false,2024-01-24,,,,,,,,,,,,
WO,3519,WO-3519,,,-,,,,SPA-CX,3821,SPA-CX03821,"System Administrator",Cerrado,"2023-11-14 19:08:02","2023-11-15 12:07:26",0411191714364_CX3821.PDF,0411191714364_CX3821.PDF,"Revision (MTO)",NO,,,,,,,LO,2290,LO-002290,false,,,,,,false,2023-11-14,,,,,,,,,,,,
WO,4254,WO-4254,,,-,,,,SPA-ZA,6995,SPA-ZA06995,"System Administrator",Cerrado,"2024-01-18 17:39:52","2024-01-18 18:04:13",0609033917678_ZA6995.PDF,0609033917678_ZA6995.PDF,"Inspecciones (OCA)",NO,,,,,,,LO,7658,LO-007658,false,,,,,,false,2024-01-18,,,,,,,,,,,,
WO,2425,WO-2425,,,-,,,,SPA-GU,9191,SPA-GU09191,"System Administrator",Cerrado,"2023-11-14 18:42:53","2023-11-15 12:17:34","2112305225428_GU9191-REVISION__MTO_-06-03-2019.PDF","2112305225428_GU9191-REVISION__MTO_-06-03-2019.PDF","Revision (MTO)",NO,,,,,,,LO,2800,LO-002800,false,,,,,,false,2023-11-14,,,,,,,,,,,,
WO,3484,WO-3484,,,-,,,,SPA-TO,213,SPA-TO00213,"System Administrator",Cerrado,"2023-11-14 19:07:13","2023-11-15 12:22:03","1812411116102_CERT_AT-TO-009_22_TOTEM_TO0213_YEPES_CT.PDF","1812411116102_CERT_AT-TO-009_22_TOTEM_TO0213_YEPES_CT.PDF","Inspecciones (OCA)",NO,,,,,,07.06.2025,LO,6700,LO-006700,false,,,,,,false,2023-11-14,,,,,,,,,,,,
WO,2027,WO-2027,,,-,,,,SPA-HU,7193,SPA-HU07193,"System Administrator",Cerrado,"2023-11-14 18:33:22","2023-11-15 12:14:46","2112300223729_HU7193-INSPECCION__OCA_-13-06-2019.PDF","2112300223729_HU7193-INSPECCION__OCA_-13-06-2019.PDF","Inspecciones (OCA)",NO,,,,,,13.06.2022,LO,2881,LO-002881,false,,,,,,false,2023-11-14,,,,,,,,,,,,
WO,3398,WO-3398,,,-,,,,SPA-CU,8562,SPA-CU08562,"System Administrator",Cerrado,"2023-11-14 19:05:14","2023-11-15 12:16:38","251009111796_CU8562-TOTEM.PDF","251009111796_CU8562-TOTEM.PDF","Revision (MTO)",NO,,,,,,,LO,2044,LO-002044,false,,,,,,false,2023-11-14,,,,,,,,,,,,
WO,3493,WO-3493,,,-,,,,SPA-TO,532,SPA-TO00532,"System Administrator",Cerrado,"2023-11-14 19:07:26","2023-11-15 12:15:58","1812522029809_TO0532-REV__MTO_08-06-2022.PDF","1812522029809_TO0532-REV__MTO_08-06-2022.PDF","Revision (MTO)",NO,,,,,,,LO,6737,LO-006737,false,,,,,,false,2023-11-14,,,,,,,,,,,,
WO,2336,WO-2336,,,-,,,,SPA-MX,231,SPA-MX00231,"System Administrator",Cerrado,"2023-11-14 18:40:46","2023-11-15 12:08:20","2112304519047_MX0231-REVISION__MTO_-04-02-2019.PDF","2112304519047_MX0231-REVISION__MTO_-04-02-2019.PDF","Revision (MTO)",NO,,,,,,,LO,4304,LO-004304,false,,,,,,false,2023-11-14,,,,,,,,,,,,
WO,3284,WO-3284,,,-,,,,SPA-LE,1734,SPA-LE01734,"System Administrator",Cerrado,"2023-11-14 19:02:37","2023-11-15 12:22:39",250942239472_LE1734.PDF,250942239472_LE1734.PDF,"Revision (MTO)",NO,,,,,,,LO,3486,LO-003486,false,,,,,,false,2023-11-14,,,,,,,,,,,,
WO,2861,WO-2861,,,-,,,,SPA-AX,6310,SPA-AX06310,"System Administrator",Cerrado,"2023-11-14 18:52:59","2023-11-15 12:16:18","131926528521_AX6310_INFORME_MANTENIMIENTO_LA_NUCIA_2021.PDF","131926528521_AX6310_INFORME_MANTENIMIENTO_LA_NUCIA_2021.PDF","Revision (MTO)",NO,,,,,,,LO,351,LO-000351,false,,,,,,false,2023-11-14,,,,,,,,,,,,
WO,3716,WO-3716,,,-,,,,SPA-HU,7281,SPA-HU07281,"System Administrator",Cerrado,"2023-11-14 19:12:40","2023-11-15 12:18:50","2709275422380_HU7281_-_REV_MTO_07-07-2022.PDF","2709275422380_HU7281_-_REV_MTO_07-07-2022.PDF","Revision (MTO)",NO,,,,,,,LO,2900,LO-002900,false,,,,,,false,2023-11-14,,,,,,,,,,,,
WO,2953,WO-2953,,,-,,,,SPA-HX,9801,SPA-HX09801,"System Administrator",Cerrado,"2023-11-14 18:55:07","2023-11-15 12:23:46","2214021613517_REVISION_ANUAL_CT_HX9801_2021.PDF","2214021613517_REVISION_ANUAL_CT_HX9801_2021.PDF","Revision (MTO)",NO,,,,,,,LO,2993,LO-002993,false,,,,,,false,2023-11-14,,,,,,,,,,,,
WO,4208,WO-4208,,,-,,,,SPA-TO,32,SPA-TO00032,"System Administrator",Cerrado,"2024-01-18 17:38:49","2024-01-18 18:03:43","0408200725324_CERT_AT-TO-027-2_22_TOTEM_TO0032_AÑOVER_CT.PDF","0408200725324_CERT_AT-TO-027-2_22_TOTEM_TO0032_AÑOVER_CT.PDF","Inspecciones (OCA)",NO,,,,,,,LO,6643,LO-006643,false,,,,,,false,2024-01-18,,,,,,,,,,,,
WO,3875,WO-3875,,,-,,,,SPA-AB,6033,SPA-AB06033,"System Administrator",Cerrado,"2024-01-18 17:30:44","2024-01-18 18:00:18","0414110716812_AB6033-REV_MTO_29-09-2023.PDF","0414110716812_AB6033-REV_MTO_29-09-2023.PDF","Revision (MTO)",NO,,,,,,,LO,54,LO-000054,false,,,,,,false,2024-01-18,,,,,,,,,,,,
WO,3310,WO-3310,,,-,,,,SPA-TO,46,SPA-TO00046,"System Administrator",Cerrado,"2023-11-14 19:03:13","2023-11-15 12:10:04","2810282917964_INCIDENCIA_TO0046.PDF","2810282917964_INCIDENCIA_TO0046.PDF","Revision (MTO)",NO,,,,,,,LO,6648,LO-006648,false,,,,,,false,2023-11-14,,,,,,,,,,,,
WO,2670,WO-2670,,,-,,,,SPA-BU,4225,SPA-BU04225,"System Administrator",Cerrado,"2023-11-14 18:48:33","2023-11-15 12:09:02","2112312217107_BU4225-REVISION__MTO_-20-07-2020.PDF","2112312217107_BU4225-REVISION__MTO_-20-07-2020.PDF","Revision (MTO)",NO,,,,,,,LO,696,LO-000696,false,,,,,,false,2023-11-14,,,,,,,,,,,,
WO,3881,WO-3881,,,-,,,,SPA-LE,991,SPA-LE00991,"System Administrator",Cerrado,"2024-01-18 17:30:53","2024-01-18 18:00:22",191016361219_LE0991.PDF,191016361219_LE0991.PDF,"Revision (MTO)",NO,,,,,,,LO,3428,LO-003428,false,,,,,,false,2024-01-18,,,,,,,,,,,,
WO,4332,WO-4332,,,-,,,,SPA-SE,1328,SPA-SE01328,"System Administrator",Cerrado,"2024-01-18 17:41:36","2024-01-18 18:04:58","2213513121737_01370303_ORANGE_ESPAGNE__SAU_SE1328_CT_PERIO_DESFAV.PDF","2213513121737_01370303_ORANGE_ESPAGNE__SAU_SE1328_CT_PERIO_DESFAV.PDF","Inspecciones (OCA)",NO,,,,,,,LO,5964,LO-005964,false,,,,,,false,2024-01-18,,,,,,,,,,,,
WO,4631,WO-4631,,,-,,,,,,,"DNO acceso OSP",Abierto,"2024-01-30 11:00:17","2024-01-30 11:00:17","442850  //  BX1340","REPLANTEO CON TOMA DE DATOS Y REPORTAJE FOTOGRÁFICO. No se realizaran instalaciones.  Técnico: YASSIM DELGADO ZAPATA	NIE: Y7694045F",Auditoría,NO,,,,,,,,,-,false,,,,,,false,2024-01-30,,,,,,,,,,,,
WO,3729,WO-3729,,,-,,,,SPA-AB,6390,SPA-AB06390,"System Administrator",Cerrado,"2023-11-14 19:12:58","2023-11-15 12:17:25","27100242148_AB6390-REV_MTO_25-08-2022.PDF","27100242148_AB6390-REV_MTO_25-08-2022.PDF","Revision (MTO)",NO,,,,,,,LO,81,LO-000081,false,,,,,,false,2023-11-14,,,,,,,,,,,,
WO,2288,WO-2288,,,-,,,,SPA-JX,8036,SPA-JX08036,"System Administrator",Cerrado,"2023-11-14 18:39:37","2023-11-15 12:16:49","2112304226260_JX8036-REVISION__MTO_-23-03-2020.PDF","2112304226260_JX8036-REVISION__MTO_-23-03-2020.PDF","Revision (MTO)",NO,,,,,,,LO,3312,LO-003312,false,,,,,,false,2023-11-14,,,,,,,,,,,,
WO,3805,WO-3805,,,-,,,,SPA-SG,9306,SPA-SG09306,"System Administrator",Cerrado,"2024-01-18 17:28:59","2024-01-18 17:59:33","020919166712_SG9306-DEFECTOS_CORREGIDOS.PDF","020919166712_SG9306-DEFECTOS_CORREGIDOS.PDF","Revision (MTO)",NO,,,,,,,LO,6077,LO-006077,false,,,,,,false,2024-01-18,,,,,,,,,,,,
WO,2578,WO-2578,,,-,,,,SPA-PO,6637,SPA-PO06637,"System Administrator",Cerrado,"2023-11-14 18:46:28","2023-11-15 12:06:51","2112311425981_PO6637-INSPECCION__OCA_-28-08-2020.PDF","2112311425981_PO6637-INSPECCION__OCA_-28-08-2020.PDF","Inspecciones (OCA)",NO,,,,,,28.08.2023,LO,5604,LO-005604,false,,,,,,false,2023-11-14,,,,,,,,,,,,
WO,2095,WO-2095,,,-,,,,SPA-LE,1806,SPA-LE01806,"System Administrator",Cerrado,"2023-11-14 18:34:58","2023-11-15 12:07:21","2112301921781_LE1806-REVISION__MTO_-01-08-2018.PDF","2112301921781_LE1806-REVISION__MTO_-01-08-2018.PDF","Revision (MTO)",NO,,,,,,,LO,3492,LO-003492,false,,,,,,false,2023-11-14,,,,,,,,,,,,
WO,2502,WO-2502,,,-,,,,SPA-VX,87,SPA-VX00087,"System Administrator",Cerrado,"2023-11-14 18:44:46","2023-11-15 12:12:44","2112310519814_VX0087-REVISION__MTO_-16-06-2020.DOC","2112310519814_VX0087-REVISION__MTO_-16-06-2020.DOC","Revision (MTO)",NO,,,,,,,LO,7261,LO-007261,false,,,,,,false,2023-11-14,,,,,,,,,,,,
WO,2876,WO-2876,,,-,,,,SPA-AV,8476,SPA-AV08476,"System Administrator",Cerrado,"2023-11-14 18:53:20","2023-11-15 12:16:09",2313284830856_AV8476.PDF,2313284830856_AV8476.PDF,"Revision (MTO)",NO,,,,,,,LO,159,LO-000159,false,,,,,,false,2023-11-14,,,,,,,,,,,,
WO,3808,WO-3808,,,-,,,,SPA-ZX,574,SPA-ZX00574,"System Administrator",Cerrado,"2024-01-18 17:29:04","2024-01-18 17:59:35","0413165016591_ZX0574-REV_MTO_05-07-2022.PDF","0413165016591_ZX0574-REV_MTO_05-07-2022.PDF","Revision (MTO)",NO,,,,,,,LO,7793,LO-007793,false,,,,,,false,2024-01-18,,,,,,,,,,,,
WO,2381,WO-2381,,,-,,,,,,,"System Administrator",Cerrado,"2023-11-14 18:41:50","2023-11-15 12:17:33","2112304931088_CR3425-REVISION__MTO_-11-02-2019.PDF","2112304931088_CR3425-REVISION__MTO_-11-02-2019.PDF","Revision (MTO)",NO,,,,,,,,,-,false,,,,,,false,2023-11-14,,,,,,,,,,,,
WO,3422,WO-3422,,,-,,,,SPA-GU,9134,SPA-GU09134,"System Administrator",Cerrado,"2023-11-14 19:05:48","2023-11-15 12:14:55","2710523212317_GU9134-TOTEM.PDF","2710523212317_GU9134-TOTEM.PDF","Revision (MTO)",NO,,,,,,,LO,2769,LO-002769,false,,,,,,false,2023-11-14,,,,,,,,,,,,
WO,4603,WO-4603,SAR,263,SAR-000263,SPA-CX,3862,SPA-CX03862,,,,"DNO acceso OSP",Abierto,"2024-01-29 20:41:57","2024-01-29 20:50:12","NLG 443564  CX3862","Trabajos de ingeniería consistentes en tomar medidas y fotografías de las antenas y equipos de telefonía, estos trabajos no implican riesgos ni cortes en el servicio.",Auditoría,NO,,,,,,,,,-,false,,,,,,false,2024-01-29,,,,,,,,,,,,
WO,2109,WO-2109,,,-,,,,SPA-BU,4244,SPA-BU04244,"System Administrator",Cerrado,"2023-11-14 18:35:20","2023-11-15 12:06:02","2112302017040_BU4244-REVISION__MTO_-10-08-2018.PDF","2112302017040_BU4244-REVISION__MTO_-10-08-2018.PDF","Revision (MTO)",NO,,,,,,,LO,709,LO-000709,false,,,,,,false,2023-11-14,,,,,,,,,,,,
WO,2360,WO-2360,,,-,,,,SPA-TO,1510,SPA-TO01510,"System Administrator",Cerrado,"2023-11-14 18:41:21","2023-11-15 12:20:44","2112304725385_TO1510-REVISION__MTO_-04-02-2019.PDF","2112304725385_TO1510-REVISION__MTO_-04-02-2019.PDF","Revision (MTO)",NO,,,,,,,LO,6766,LO-006766,false,,,,,,false,2023-11-14,,,,,,,,,,,,
WO,3922,WO-3922,,,-,,,,SPA-CR,3307,SPA-CR03307,"System Administrator",Cerrado,"2024-01-18 17:31:53","2024-01-18 18:00:47","0313423030245_CR3307-REV_MTO_16-03-2023.PDF","0313423030245_CR3307-REV_MTO_16-03-2023.PDF","Revision (MTO)",NO,,,,,,,LO,1787,LO-001787,false,,,,,,false,2024-01-18,,,,,,,,,,,,
WO,1968,WO-1968,,,-,,,,SPA-CS,170,SPA-CS00170,"System Administrator",Cerrado,"2023-11-14 18:31:54","2023-11-15 12:16:47","2711504027565_460_AT_0058_21-1__CS0170.PDF","2711504027565_460_AT_0058_21-1__CS0170.PDF","Inspecciones (OCA)",NO,,,,,,23.04.2024,LO,1909,LO-001909,false,,,,,,false,2023-11-14,,,,,,,,,,,,
WO,3586,WO-3586,,,-,,,,SPA-CO,6835,SPA-CO06835,"System Administrator",Cerrado,"2023-11-14 19:09:35","2023-11-15 12:10:51","3110010629280_CO6835-REVISION__MTO_-24-08-2022.PDF","3110010629280_CO6835-REVISION__MTO_-24-08-2022.PDF","Revision (MTO)",NO,,,,,,,LO,1609,LO-001609,false,,,,,,false,2023-11-14,,,,,,,,,,,,
WO,4296,WO-4296,,,-,,,,SPA-BU,4220,SPA-BU04220,"System Administrator",Cerrado,"2024-01-18 17:40:48","2024-01-18 18:04:37",0908315830115_BU4220.PDF,0908315830115_BU4220.PDF,"Inspecciones (OCA)",NO,,,,,,,LO,692,LO-000692,false,,,,,,false,2024-01-18,,,,,,,,,,,,
WO,2358,WO-2358,,,-,,,,SPA-TO,46,SPA-TO00046,"System Administrator",Cerrado,"2023-11-14 18:41:18","2023-11-15 12:11:29","2112304714964_TO0046-REVISION__MTO_-04-02-2019.PDF","2112304714964_TO0046-REVISION__MTO_-04-02-2019.PDF","Revision (MTO)",NO,,,,,,,LO,6648,LO-006648,false,,,,,,false,2023-11-14,,,,,,,,,,,,
WO,3540,WO-3540,,,-,,,,SPA-PO,6639,SPA-PO06639,"System Administrator",Cerrado,"2023-11-14 19:08:31","2023-11-15 12:06:23",0813274313561_PO6639.PDF,0813274313561_PO6639.PDF,"Revision (MTO)",NO,,,,,,,LO,5605,LO-005605,false,,,,,,false,2023-11-14,,,,,,,,,,,,
WO,3233,WO-3233,,,-,,,,SPA-VA,2179,SPA-VA02179,"System Administrator",Cerrado,"2023-11-14 19:01:26","2023-11-15 12:07:38",0213544420192_VA2179.PDF,0213544420192_VA2179.PDF,"Revision (MTO)",NO,,,,,,,LO,7034,LO-007034,false,,,,,,false,2023-11-14,,,,,,,,,,,,
WO,4122,WO-4122,,,-,,,,SPA-LE,1546,SPA-LE01546,"System Administrator",Cerrado,"2024-01-18 17:36:46","2024-01-18 18:02:51",0408471423900_LE1546.PDF,0408471423900_LE1546.PDF,"Revision (MTO)",NO,,,,,,25.09.2024,LO,3449,LO-003449,false,,,,,,false,2024-01-18,,,,,,,,,,,,
WO,4305,WO-4305,,,-,,,,SPA-BU,4241,SPA-BU04241,"System Administrator",Cerrado,"2024-01-18 17:41:00","2024-01-18 18:04:42",140826069777_BU4241.PDF,140826069777_BU4241.PDF,"Inspecciones (OCA)",NO,,,,,,,LO,707,LO-000707,false,,,,,,false,2024-01-18,,,,,,,,,,,,
WO,2435,WO-2435,,,-,,,,SPA-GU,9146,SPA-GU09146,"System Administrator",Cerrado,"2023-11-14 18:43:08","2023-11-15 12:19:04","2112305327633_GU9146-REVISION__MTO_-06-03-2019.PDF","2112305327633_GU9146-REVISION__MTO_-06-03-2019.PDF","Revision (MTO)",NO,,,,,,,LO,2778,LO-002778,false,,,,,,false,2023-11-14,,,,,,,,,,,,
WO,2490,WO-2490,,,-,,,,SPA-CS,96,SPA-CS00096,"System Administrator",Cerrado,"2023-11-14 18:44:29","2023-11-15 12:12:29","2112310411393_CS0096-REVISION__MTO_-03-06-2020.DOC","2112310411393_CS0096-REVISION__MTO_-03-06-2020.DOC","Revision (MTO)",NO,,,,,,,LO,1888,LO-001888,false,,,,,,false,2023-11-14,,,,,,,,,,,,
WO,2287,WO-2287,,,-,,,,SPA-LE,1712,SPA-LE01712,"System Administrator",Cerrado,"2023-11-14 18:39:35","2023-11-15 12:16:34","2112304211382_LE1712-REVISION__MTO_-10-06-2019.PDF","2112304211382_LE1712-REVISION__MTO_-10-06-2019.PDF","Revision (MTO)",NO,,,,,,,LO,3469,LO-003469,false,,,,,,false,2023-11-14,,,,,,,,,,,,
WO,2596,WO-2596,,,-,,,,SPA-AV,8706,SPA-AV08706,"System Administrator",Cerrado,"2023-11-14 18:46:52","2023-11-15 12:10:33","2112311717998_AV8706-INSPECCION__OCA_-12-10-2020.PDF","2112311717998_AV8706-INSPECCION__OCA_-12-10-2020.PDF","Inspecciones (OCA)",NO,,,,,,12.10.2023,LO,193,LO-000193,false,,,,,,false,2023-11-14,,,,,,,,,,,,
WO,2586,WO-2586,,,-,,,,SPA-PO,6380,SPA-PO06380,"System Administrator",Cerrado,"2023-11-14 18:46:39","2023-11-15 12:15:24","2112311424016_PO6380-INSPECCION__OCA_-27-08-2020.PDF","2112311424016_PO6380-INSPECCION__OCA_-27-08-2020.PDF","Inspecciones (OCA)",NO,,,,,,27.08.2023,LO,5569,LO-005569,false,,,,,,false,2023-11-14,,,,,,,,,,,,
WO,2818,WO-2818,,,-,,,,SPA-LU,7720,SPA-LU07720,"System Administrator",Cerrado,"2023-11-14 18:51:57","2023-11-15 12:23:26","21123429146_LU7720-INSPECCION__OCA_-24-08-2020.PDF","21123429146_LU7720-INSPECCION__OCA_-24-08-2020.PDF","Inspecciones (OCA)",NO,,,,,,24.08.2023,LO,3608,LO-003608,false,,,,,,false,2023-11-14,,,,,,,,,,,,
WO,2229,WO-2229,,,-,,,,SPA-VA,2168,SPA-VA02168,"System Administrator",Cerrado,"2023-11-14 18:38:13","2023-11-15 12:20:59","2112303423445_VA2168-REVISION__MTO_-08-10-2019.PDF","2112303423445_VA2168-REVISION__MTO_-08-10-2019.PDF","Revision (MTO)",NO,,,,,,,LO,7026,LO-007026,false,,,,,,false,2023-11-14,,,,,,,,,,,,
WO,4074,WO-4074,,,-,,,,SPA-TO,1510,SPA-TO01510,"System Administrator",Cerrado,"2024-01-18 17:35:36","2024-01-18 18:02:21","0108092526252_TO1510-REV_MAT_20_06_23.PDF","0108092526252_TO1510-REV_MAT_20_06_23.PDF","Revision (MTO)",NO,,,,,,20.06.2024,LO,6766,LO-006766,false,,,,,,false,2024-01-18,,,,,,,,,,,,
WO,1895,WO-1895,,,-,,,,SPA-JX,8120,SPA-JX08120,"System Administrator",Cerrado,"2023-11-14 18:30:13","2023-11-15 12:13:10","221323041115_OCA_LAT_JX8120_2021.PDF","221323041115_OCA_LAT_JX8120_2021.PDF","Inspecciones (OCA)",NO,,,,,,08.11.2024,LO,3317,LO-003317,false,,,,,,false,2023-11-14,,,,,,,,,,,,
WO,2042,WO-2042,,,-,,,,SPA-JX,8120,SPA-JX08120,"System Administrator",Cerrado,"2023-11-14 18:33:44","2023-11-15 12:19:30","2112300316446_JX8120-REVISION__MTO_-24-04-2019.PDF","2112300316446_JX8120-REVISION__MTO_-24-04-2019.PDF","Revision (MTO)",NO,,,,,,,LO,3317,LO-003317,false,,,,,,false,2023-11-14,,,,,,,,,,,,
WO,4147,WO-4147,,,-,,,,SPA-CX,986,SPA-CX00986,"System Administrator",Cerrado,"2024-01-18 17:37:23","2024-01-18 18:03:06",041601122198_CX0986.PDF,041601122198_CX0986.PDF,"Revision (MTO)",NO,,,,,,27.11.2024,LO,2184,LO-002184,false,,,,,,false,2024-01-18,,,,,,,,,,,,
WO,3639,WO-3639,,,-,,,,SPA-SE,2202,SPA-SE02202,"System Administrator",Cerrado,"2023-11-14 19:10:47","2023-11-15 12:13:20","1410373616256_SE2202-REVISION__MTO_-02-09-2022.PDF","1410373616256_SE2202-REVISION__MTO_-02-09-2022.PDF","Revision (MTO)",NO,,,,,,,LO,6001,LO-006001,false,,,,,,false,2023-11-14,,,,,,,,,,,,
WO,3148,WO-3148,,,-,,,,SPA-GU,9120,SPA-GU09120,"System Administrator",Cerrado,"2023-11-14 18:59:24","2023-11-15 12:11:44",1311153530625_GU9120.PDF,1311153530625_GU9120.PDF,"Inspecciones (OCA)",NO,,,,,,14.07.2024,LO,2764,LO-002764,false,,,,,,false,2023-11-14,,,,,,,,,,,,
WO,2071,WO-2071,,,-,,,,SPA-LX,57,SPA-LX00057,"System Administrator",Cerrado,"2023-11-14 18:34:25","2023-11-15 12:17:57","211230056479_LX0057-INSPECCION__OCA_-15-05-2019.PDF","211230056479_LX0057-INSPECCION__OCA_-15-05-2019.PDF","Inspecciones (OCA)",NO,,,,,,15.05.2022,LO,3673,LO-003673,false,,,,,,false,2023-11-14,,,,,,,,,,,,
WO,4549,WO-4549,SAR,208,SAR-000208,SPA-MX,924,SPA-MX00924,,,,"DNO acceso OSP",Abierto,"2024-01-29 11:43:53","2024-01-29 11:47:45","443424 - MX0924","Modernización de equipos de radio para telecomunicaciones para operador OSP. Se reliza instalación de antenas con sus tiradas de alimentaciones y fibras. configuracion de tarjetas en bastidor.",Infraestructura,NO,,,,,,,,,-,false,,,,,,false,2024-01-29,,,,,,,,,,,,
WO,3361,WO-3361,,,-,,,,SPA-CR,3307,SPA-CR03307,"System Administrator",Cerrado,"2023-11-14 19:04:24","2023-11-15 12:14:17","1909381412183_CR3307-TOTEM.PDF","1909381412183_CR3307-TOTEM.PDF","Revision (MTO)",NO,,,,,,,LO,1787,LO-001787,false,,,,,,false,2023-11-14,,,,,,,,,,,,
WO,1964,WO-1964,,,-,,,,SPA-TE,8,SPA-TE00008,"System Administrator",Cerrado,"2023-11-14 18:31:48","2023-11-15 12:08:20","1819195127997_TE0008_ALBENTOSA_INFORME_REVISION_2021.PDF","1819195127997_TE0008_ALBENTOSA_INFORME_REVISION_2021.PDF","Revision (MTO)",NO,,,,,,,LO,6398,LO-006398,false,,,,,,false,2023-11-14,,,,,,,,,,,,
WO,3256,WO-3256,,,-,,,,SPA-LE,1743,SPA-LE01743,"System Administrator",Cerrado,"2023-11-14 19:01:58","2023-11-15 12:07:59","140921341706_LE1743__LE1742.PDF","140921341706_LE1743__LE1742.PDF","Revision (MTO)",NO,,,,,,,LO,3489,LO-003489,false,,,,,,false,2023-11-14,,,,,,,,,,,,
WO,2350,WO-2350,,,-,,,,SPA-TO,411,SPA-TO00411,"System Administrator",Cerrado,"2023-11-14 18:41:07","2023-11-15 12:21:25","211230474042_TO0411-REVISION__MTO_-04-02-2019.PDF","211230474042_TO0411-REVISION__MTO_-04-02-2019.PDF","Revision (MTO)",NO,,,,,,,LO,6717,LO-006717,false,,,,,,false,2023-11-14,,,,,,,,,,,,
WO,4251,WO-4251,,,-,,,,SPA-ZA,6913,SPA-ZA06913,"System Administrator",Cerrado,"2024-01-18 17:39:48","2024-01-18 18:04:11",0608575520858_ZA6913.PDF,0608575520858_ZA6913.PDF,"Inspecciones (OCA)",NO,,,,,,,LO,7627,LO-007627,false,,,,,,false,2024-01-18,,,,,,,,,,,,
WO,1981,WO-1981,,,-,,,,SPA-VX,87,SPA-VX00087,"System Administrator",Cerrado,"2023-11-14 18:32:15","2023-11-15 12:07:43","271109142198_460_AT_0044_21-1__VX0087.PDF","271109142198_460_AT_0044_21-1__VX0087.PDF","Inspecciones (OCA)",NO,,,,,,19.04.2024,LO,7261,LO-007261,false,,,,,,false,2023-11-14,,,,,,,,,,,,
WO,3839,WO-3839,,,-,,,,SPA-HX,9404,SPA-HX09404,"System Administrator",Cerrado,"2024-01-18 17:29:50","2024-01-18 17:59:55","1109083110141_HX9404-REVISION__MTO_-01-08-2023.PDF","1109083110141_HX9404-REVISION__MTO_-01-08-2023.PDF","Revision (MTO)",NO,,,,,,,LO,2915,LO-002915,false,,,,,,false,2024-01-18,,,,,,,,,,,,
WO,1951,WO-1951,,,-,,,,SPA-AB,26,SPA-AB00026,"System Administrator",Cerrado,"2023-11-14 18:31:30","2023-11-15 12:14:17","2609520924696_AB0026_TINAJEROS_CERTIFICADO_FAVORABLE_2021.PDF","2609520924696_AB0026_TINAJEROS_CERTIFICADO_FAVORABLE_2021.PDF","Inspecciones (OCA)",NO,,,,,,09.03.2024,LO,5,LO-000005,false,,,,,,false,2023-11-14,,,,,,,,,,,,
WO,2311,WO-2311,,,-,,,,SPA-HX,9628,SPA-HX09628,"System Administrator",Cerrado,"2023-11-14 18:40:11","2023-11-15 12:15:59","211230447975_HX9628-REVISION__MTO_-09-03-2020.PDF","211230447975_HX9628-REVISION__MTO_-09-03-2020.PDF","Revision (MTO)",NO,,,,,,,LO,2961,LO-002961,false,,,,,,false,2023-11-14,,,,,,,,,,,,
WO,3458,WO-3458,,,-,,,,SPA-TO,19,SPA-TO00019,"System Administrator",Cerrado,"2023-11-14 19:06:38","2023-11-15 12:18:10","151424521562_TO00019-REV__MTO_08-06-2022.PDF","151424521562_TO00019-REV__MTO_08-06-2022.PDF","Revision (MTO)",NO,,,,,,,LO,6638,LO-006638,false,,,,,,false,2023-11-14,,,,,,,,,,,,
WO,3386,WO-3386,,,-,,,,SPA-TO,503,SPA-TO00503,"System Administrator",Cerrado,"2023-11-14 19:04:58","2023-11-15 12:09:31","1914070418549_TO0503-TOTEM.PDF","1914070418549_TO0503-TOTEM.PDF","Revision (MTO)",NO,,,,,,,LO,6719,LO-006719,false,,,,,,false,2023-11-14,,,,,,,,,,,,
WO,3420,WO-3420,,,-,,,,SPA-GU,9102,SPA-GU09102,"System Administrator",Cerrado,"2023-11-14 19:05:45","2023-11-15 12:18:56","2709045215303_GU9102-TOTEM.PDF","2709045215303_GU9102-TOTEM.PDF","Revision (MTO)",NO,,,,,,,LO,2754,LO-002754,false,,,,,,false,2023-11-14,,,,,,,,,,,,
WO,3569,WO-3569,,,-,,,,SPA-MA,2633,SPA-MA02633,"System Administrator",Cerrado,"2023-11-14 19:09:11","2023-11-15 12:06:50","2514332528378_MA2633-REVISION__MTO_-22-08-2022.PDF","2514332528378_MA2633-REVISION__MTO_-22-08-2022.PDF","Revision (MTO)",NO,,,,,,,LO,3863,LO-003863,false,,,,,,false,2023-11-14,,,,,,,,,,,,
WO,2634,WO-2634,,,-,,,,SPA-BU,4250,SPA-BU04250,"System Administrator",Cerrado,"2023-11-14 18:47:45","2023-11-15 12:10:33","21123120656_BU4250-REVISION__MTO_-20-07-2020.PDF","21123120656_BU4250-REVISION__MTO_-20-07-2020.PDF","Revision (MTO)",NO,,,,,,,LO,711,LO-000711,false,,,,,,false,2023-11-14,,,,,,,,,,,,
WO,1931,WO-1931,,,-,,,,SPA-AB,27,SPA-AB00027,"System Administrator",Cerrado,"2023-11-14 18:31:04","2023-11-15 12:11:39","0709113721140_AB0027_INFORME_REVISION_TOBARRA_2021.DOC","0709113721140_AB0027_INFORME_REVISION_TOBARRA_2021.DOC","Revision (MTO)",NO,,,,,,,LO,6,LO-000006,false,,,,,,false,2023-11-14,,,,,,,,,,,,
WO,2601,WO-2601,,,-,,,,SPA-AV,8725,SPA-AV08725,"System Administrator",Cerrado,"2023-11-14 18:46:59","2023-11-15 12:09:05","2112311722597_AV8725-INSPECCION__OCA_-09-10-2020.PDF","2112311722597_AV8725-INSPECCION__OCA_-09-10-2020.PDF","Inspecciones (OCA)",NO,,,,,,09.10.2023,LO,202,LO-000202,false,,,,,,false,2023-11-14,,,,,,,,,,,,
WO,2905,WO-2905,,,-,,,,SPA-AV,8943,SPA-AV08943,"System Administrator",Cerrado,"2023-11-14 18:53:59","2023-11-15 12:13:44",0810360126704_AV8943.PDF,0810360126704_AV8943.PDF,"Revision (MTO)",NO,,,,,,,LO,222,LO-000222,false,,,,,,false,2023-11-14,,,,,,,,,,,,
WO,3176,WO-3176,,,-,,,,SPA-GU,9188,SPA-GU09188,"System Administrator",Cerrado,"2023-11-14 19:00:06","2023-11-15 12:18:44",251314513289_GU9188.PDF,251314513289_GU9188.PDF,"Inspecciones (OCA)",NO,,,,,,15.07.2024,LO,2798,LO-002798,false,,,,,,false,2023-11-14,,,,,,,,,,,,
WO,2948,WO-2948,,,-,,,,SPA-SE,309,SPA-SE00309,"System Administrator",Cerrado,"2023-11-14 18:54:59","2023-11-15 12:20:58","2214181512795_REVISION_ANUAL_CT_SE0309_2021.PDF","2214181512795_REVISION_ANUAL_CT_SE0309_2021.PDF","Revision (MTO)",NO,,,,,,,LO,5828,LO-005828,false,,,,,,false,2023-11-14,,,,,,,,,,,,
WO,2112,WO-2112,,,-,,,,SPA-BU,4229,SPA-BU04229,"System Administrator",Cerrado,"2023-11-14 18:35:24","2023-11-15 12:07:13","2112302123779_BU4229-REVISION__MTO_-09-08-2018.PDF","2112302123779_BU4229-REVISION__MTO_-09-08-2018.PDF","Revision (MTO)",NO,,,,,,,LO,699,LO-000699,false,,,,,,false,2023-11-14,,,,,,,,,,,,
WO,3356,WO-3356,,,-,,,,SPA-CR,3205,SPA-CR03205,"System Administrator",Cerrado,"2023-11-14 19:04:17","2023-11-15 12:20:01","190934059852_CR3205-TOTEM.PDF","190934059852_CR3205-TOTEM.PDF","Revision (MTO)",NO,,,,,,,LO,1769,LO-001769,false,,,,,,false,2023-11-14,,,,,,,,,,,,
WO,3918,WO-3918,,,-,,,,SPA-CR,3220,SPA-CR03220,"System Administrator",Cerrado,"2024-01-18 17:31:48","2024-01-18 18:00:45","0313394220971_CR3220-REV_MTO_14-03-2023.PDF","0313394220971_CR3220-REV_MTO_14-03-2023.PDF","Revision (MTO)",NO,,,,,,,LO,1776,LO-001776,false,,,,,,false,2024-01-18,,,,,,,,,,,,
WO,4135,WO-4135,,,-,,,,SPA-AB,6318,SPA-AB06318,"System Administrator",Cerrado,"2024-01-18 17:37:05","2024-01-18 18:02:59","0410031929587_AB6318-REV_MTO-26-09-2023.PDF","0410031929587_AB6318-REV_MTO-26-09-2023.PDF","Revision (MTO)",NO,,,,,,26.03.1992,LO,65,LO-000065,false,,,,,,false,2024-01-18,,,,,,,,,,,,
WO,2551,WO-2551,,,-,,,,SPA-LU,8042,SPA-LU08042,"System Administrator",Cerrado,"2023-11-14 18:45:52","2023-11-15 12:05:06","2112311219539_LU8042-REVISION__MTO_-22-04-2020.PDF","2112311219539_LU8042-REVISION__MTO_-22-04-2020.PDF","Revision (MTO)",NO,,,,,,,LO,3634,LO-003634,false,,,,,,false,2023-11-14,,,,,,,,,,,,
WO,4106,WO-4106,,,-,,,,SPA-BI,634,SPA-BI00634,"System Administrator",Cerrado,"2024-01-18 17:36:23","2024-01-18 18:02:41","0408000030806_BIO634-REV_MTO_24_07_23.PDF","0408000030806_BIO634-REV_MTO_24_07_23.PDF","Revision (MTO)",NO,,,,,,24.07.2024,LO,562,LO-000562,false,,,,,,false,2024-01-18,,,,,,,,,,,,
WO,3766,WO-3766,,,-,,,,SPA-PX,15,SPA-PX00015,"System Administrator",Cerrado,"2023-11-14 19:13:51","2023-11-15 12:18:34","2110211925326_PX0015-CON_DEFECTOS.PDF","2110211925326_PX0015-CON_DEFECTOS.PDF","Revision (MTO)",NO,,,,,,,LO,5618,LO-005618,false,,,,,,false,2023-11-14,,,,,,,,,,,,
WO,2188,WO-2188,,,-,,,,SPA-SO,9824,SPA-SO09824,"System Administrator",Cerrado,"2023-11-14 18:37:15","2023-11-15 12:24:47","2112302915005_SO9824-REVISION__MTO_-10-07-2019.PDF","2112302915005_SO9824-REVISION__MTO_-10-07-2019.PDF","Revision (MTO)",NO,,,,,,,LO,6142,LO-006142,false,,,,,,false,2023-11-14,,,,,,,,,,,,
WO,3518,WO-3518,,,-,,,,SPA-CX,1761,SPA-CX01761,"System Administrator",Cerrado,"2023-11-14 19:08:00","2023-11-15 12:06:10",0411180727062_CX1761.PDF,0411180727062_CX1761.PDF,"Revision (MTO)",NO,,,,,,,LO,2223,LO-002223,false,,,,,,false,2023-11-14,,,,,,,,,,,,
WO,3302,WO-3302,,,-,,,,SPA-PO,6328,SPA-PO06328,"System Administrator",Cerrado,"2023-11-14 19:03:02","2023-11-15 12:15:47","1508415531490_PARTE_INCIDENCIA.PDF","1508415531490_PARTE_INCIDENCIA.PDF","Revision (MTO)",NO,,,,,,,LO,5555,LO-005555,false,,,,,,false,2023-11-14,,,,,,,,,,,,
WO,4485,WO-4485,SAR,143,SAR-000143,SPA-MX,80,SPA-MX00080,,,,"Noemia josilda fátima  Gomes dos santos",Abierto,"2024-01-26 12:37:37","2024-01-26 12:37:58",SPA-MX00080,"RIOSTRAS Y REPAROS",Normal,NO,,,,,,,,,-,false,,,,,,false,2024-01-26,,,,,,,,,,,,
WO,2281,WO-2281,,,-,,,,SPA-LE,1725,SPA-LE01725,"System Administrator",Cerrado,"2023-11-14 18:39:26","2023-11-15 12:16:05","2112304122816_LE1725-REVISION__MTO_-10-06-2019.PDF","2112304122816_LE1725-REVISION__MTO_-10-06-2019.PDF","Revision (MTO)",NO,,,,,,,LO,3480,LO-003480,false,,,,,,false,2023-11-14,,,,,,,,,,,,
WO,1909,WO-1909,,,-,,,,SPA-AL,9901,SPA-AL09901,"System Administrator",Cerrado,"2023-11-14 18:30:33","2023-11-15 12:16:04","2212464890_OCA_LAT_AL9901_2021.PDF","2212464890_OCA_LAT_AL9901_2021.PDF","Inspecciones (OCA)",NO,,,,,,10.11.2024,LO,134,LO-000134,false,,,,,,false,2023-11-14,,,,,,,,,,,,
WO,3350,WO-3350,,,-,,,,SPA-CR,3025,SPA-CR03025,"System Administrator",Cerrado,"2023-11-14 19:04:09","2023-11-15 12:09:49","1909232311020_CR3025-TOTEM.PDF","1909232311020_CR3025-TOTEM.PDF","Revision (MTO)",NO,,,,,,,LO,1708,LO-001708,false,,,,,,false,2023-11-14,,,,,,,,,,,,
WO,2203,WO-2203,,,-,,,,SPA-ZA,6972,SPA-ZA06972,"System Administrator",Cerrado,"2023-11-14 18:37:37","2023-11-15 12:24:43","2112303224962_ZA6972-REVISION__MTO_-08-07-2019.PDF","2112303224962_ZA6972-REVISION__MTO_-08-07-2019.PDF","Revision (MTO)",NO,,,,,,,LO,7648,LO-007648,false,,,,,,false,2023-11-14,,,,,,,,,,,,
WO,2537,WO-2537,,,-,,,,SPA-PO,7117,SPA-PO07117,"System Administrator",Cerrado,"2023-11-14 18:45:33","2023-11-15 12:07:05","2112311132080_PO7117-REVISION__MTO_-21-04-2020.PDF","2112311132080_PO7117-REVISION__MTO_-21-04-2020.PDF","Revision (MTO)",NO,,,,,,,LO,5615,LO-005615,false,,,,,,false,2023-11-14,,,,,,,,,,,,
WO,3358,WO-3358,,,-,,,,SPA-CR,3221,SPA-CR03221,"System Administrator",Cerrado,"2023-11-14 19:04:20","2023-11-15 12:09:14","1909355112111_CR3221-TOTEM.PDF","1909355112111_CR3221-TOTEM.PDF","Revision (MTO)",NO,,,,,,,LO,1777,LO-001777,false,,,,,,false,2023-11-14,,,,,,,,,,,,
WO,3823,WO-3823,,,-,,,,SPA-TO,111,SPA-TO00111,"System Administrator",Cerrado,"2024-01-18 17:29:26","2024-01-18 17:59:44","2415304628354_TO0111-REV__MTO_10-06-2022.PDF","2415304628354_TO0111-REV__MTO_10-06-2022.PDF","Revision (MTO)",NO,,,,,,,LO,6677,LO-006677,false,,,,,,false,2024-01-18,,,,,,,,,,,,
WO,2420,WO-2420,,,-,,,,SPA-SE,83,SPA-SE00083,"System Administrator",Cerrado,"2023-11-14 18:42:46","2023-11-15 12:09:36","2112305218630_SE0083-REVISION__MTO_-29-04-2020.PDF","2112305218630_SE0083-REVISION__MTO_-29-04-2020.PDF","Revision (MTO)",NO,,,,,,,LO,5775,LO-005775,false,,,,,,false,2023-11-14,,,,,,,,,,,,
WO,4372,WO-4372,,,-,,,,SPA-VI,8748,SPA-VI08748,"System Administrator",Cerrado,"2024-01-18 17:42:30","2024-01-18 18:05:22","2016462225187_AT_PVA_23-00003111-CERT-ACTA_DE_OCA.PDF","2016462225187_AT_PVA_23-00003111-CERT-ACTA_DE_OCA.PDF","Inspecciones (OCA)",NO,,,,,,,LO,7183,LO-007183,false,,,,,,false,2024-01-18,,,,,,,,,,,,
WO,3229,WO-3229,,,-,,,,SPA-VA,2150,SPA-VA02150,"System Administrator",Cerrado,"2023-11-14 19:01:21","2023-11-15 12:16:50",0213403332123_VA2150.PDF,0213403332123_VA2150.PDF,"Revision (MTO)",NO,,,,,,,LO,7016,LO-007016,false,,,,,,false,2023-11-14,,,,,,,,,,,,
WO,2882,WO-2882,,,-,,,,SPA-AV,8504,SPA-AV08504,"System Administrator",Cerrado,"2023-11-14 18:53:28","2023-11-15 12:12:20",2313243430599_AV8503.PDF,2313243430599_AV8503.PDF,"Revision (MTO)",NO,,,,,,,LO,172,LO-000172,false,,,,,,false,2023-11-14,,,,,,,,,,,,
WO,3501,WO-3501,,,-,,,,SPA-TO,1037,SPA-TO01037,"System Administrator",Cerrado,"2023-11-14 19:07:37","2023-11-15 12:08:55","1813033914413_TO1037-REV__MTO_06-06-2022.PDF","1813033914413_TO1037-REV__MTO_06-06-2022.PDF","Revision (MTO)",NO,,,,,,,LO,6760,LO-006760,false,,,,,,false,2023-11-14,,,,,,,,,,,,
WO,3710,WO-3710,,,-,,,,SPA-HU,7145,SPA-HU07145,"System Administrator",Cerrado,"2023-11-14 19:12:32","2023-11-15 12:16:54","2709170123927_HU7145-REV_MTO_07-07-2022.PDF","2709170123927_HU7145-REV_MTO_07-07-2022.PDF","Revision (MTO)",NO,,,,,,,LO,2857,LO-002857,false,,,,,,false,2023-11-14,,,,,,,,,,,,
WO,2756,WO-2756,,,-,,,,SPA-ZA,6972,SPA-ZA06972,"System Administrator",Cerrado,"2023-11-14 18:50:30","2023-11-15 12:11:56","211234242317_ZA6972-INSPECCION__OCA_-09-09-2020.PDF","211234242317_ZA6972-INSPECCION__OCA_-09-09-2020.PDF","Inspecciones (OCA)",NO,,,,,,09.09.2023,LO,7648,LO-007648,false,,,,,,false,2023-11-14,,,,,,,,,,,,
WO,4514,WO-4514,SAR,176,SAR-000176,SPA-BX,2677,SPA-BX02677,,,,"DNO acceso OSP",Abierto,"2024-01-26 21:24:35","2024-01-26 21:24:35","BX2677   444157","REVISION EQUIPOS ORANGE",Urgente,NO,,,,,,,,,-,false,,,,,,false,2024-01-26,,,,,,,,,,,,
WO,3589,WO-3589,,,-,,,,SPA-CO,7209,SPA-CO07209,"System Administrator",Cerrado,"2023-11-14 19:09:39","2023-11-15 12:25:27","0611164814374_CO7209-REVISION__MTO_-25-08-2022.PDF","0611164814374_CO7209-REVISION__MTO_-25-08-2022.PDF","Revision (MTO)",NO,,,,,,,LO,1647,LO-001647,false,,,,,,false,2023-11-14,,,,,,,,,,,,
WO,3997,WO-3997,,,-,,,,SPA-LE,1712,SPA-LE01712,"System Administrator",Cerrado,"2024-01-18 17:33:45","2024-01-18 18:01:33",1508293010725_LE1712.PDF,1508293010725_LE1712.PDF,"Revision (MTO)",NO,,,,,,04.11.2024,LO,3469,LO-003469,false,,,,,,false,2024-01-18,,,,,,,,,,,,
WO,2376,WO-2376,,,-,,,,SPA-CR,3025,SPA-CR03025,"System Administrator",Cerrado,"2023-11-14 18:41:43","2023-11-15 12:18:52","2112304918470_CR3025-REVISION__MTO_-11-02-2019.PDF","2112304918470_CR3025-REVISION__MTO_-11-02-2019.PDF","Revision (MTO)",NO,,,,,,,LO,1708,LO-001708,false,,,,,,false,2023-11-14,,,,,,,,,,,,
WO,4281,WO-4281,,,-,,,,SPA-SG,9306,SPA-SG09306,"System Administrator",Cerrado,"2024-01-18 17:40:28","2024-01-18 18:04:29",2712224012179_SG9306.PDF,2712224012179_SG9306.PDF,"Inspecciones (OCA)",NO,,,,,,,LO,6077,LO-006077,false,,,,,,false,2024-01-18,,,,,,,,,,,,
WO,4399,WO-4399,,,-,,,,,,,"Javier Santos Redin",Cerrado,"2024-01-21 12:50:27","2024-01-22 11:32:37","prueba JSR","prueba JSR",Urgente,NO,,,,,,,,,-,false,,,,,,false,2024-01-21,,,,,,,,,,,,
WO,2411,WO-2411,,,-,,,,SPA-CU,8325,SPA-CU08325,"System Administrator",Cerrado,"2023-11-14 18:42:33","2023-11-15 12:20:49","2112305231717_CU8325-REVISION__MTO_-12-03-2019.PDF","2112305231717_CU8325-REVISION__MTO_-12-03-2019.PDF","Revision (MTO)",NO,,,,,,,LO,1984,LO-001984,false,,,,,,false,2023-11-14,,,,,,,,,,,,
WO,2321,WO-2321,,,-,,,,SPA-MX,3505,SPA-MX03505,"System Administrator",Cerrado,"2023-11-14 18:40:25","2023-11-15 12:08:46","2112304418300_MX3505-REVISION__MTO_-04-02-2019.PDF","2112304418300_MX3505-REVISION__MTO_-04-02-2019.PDF","Revision (MTO)",NO,,,,,,,LO,4709,LO-004709,false,,,,,,false,2023-11-14,,,,,,,,,,,,
WO,2532,WO-2532,,,-,,,,SPA-LE,1726,SPA-LE01726,"System Administrator",Cerrado,"2023-11-14 18:45:26","2023-11-15 12:17:06","211231096478_LE1726-INSPECCION__OCA_-10-08-2020.PDF","211231096478_LE1726-INSPECCION__OCA_-10-08-2020.PDF","Inspecciones (OCA)",NO,,,,,,10.08.2023,LO,3481,LO-003481,false,,,,,,false,2023-11-14,,,,,,,,,,,,
WO,3826,WO-3826,,,-,,,,SPA-AL,9901,SPA-AL09901,"System Administrator",Cerrado,"2024-01-18 17:29:30","2024-01-18 17:59:46","0909170611708_AL9901-REVISION__MTO_-09-08-2023.PDF","0909170611708_AL9901-REVISION__MTO_-09-08-2023.PDF","Revision (MTO)",NO,,,,,,,LO,134,LO-000134,false,,,,,,false,2024-01-18,,,,,,,,,,,,
WO,2136,WO-2136,,,-,,,,SPA-AV,8504,SPA-AV08504,"System Administrator",Cerrado,"2023-11-14 18:36:01","2023-11-15 12:13:02","2112302519097_AV8504-REVISION__MTO_-08-08-2019.PDF","2112302519097_AV8504-REVISION__MTO_-08-08-2019.PDF","Revision (MTO)",NO,,,,,,,LO,172,LO-000172,false,,,,,,false,2023-11-14,,,,,,,,,,,,
WO,2413,WO-2413,,,-,,,,SPA-CU,8322,SPA-CU08322,"System Administrator",Cerrado,"2023-11-14 18:42:36","2023-11-15 12:08:18","2112305213698_CU8322-REVISION__MTO_-12-03-2019.PDF","2112305213698_CU8322-REVISION__MTO_-12-03-2019.PDF","Revision (MTO)",NO,,,,,,,LO,1981,LO-001981,false,,,,,,false,2023-11-14,,,,,,,,,,,,
WO,4249,WO-4249,,,-,,,,SPA-LE,1541,SPA-LE01541,"System Administrator",Cerrado,"2024-01-18 17:39:45","2024-01-18 18:04:10",0408172414854_LE1541.PDF,0408172414854_LE1541.PDF,"Inspecciones (OCA)",NO,,,,,,,LO,3445,LO-003445,false,,,,,,false,2024-01-18,,,,,,,,,,,,
WO,3529,WO-3529,,,-,,,,SPA-OR,9030,SPA-OR09030,"System Administrator",Cerrado,"2023-11-14 19:08:16","2023-11-15 12:06:04",0810062831451_OR9030.PDF,0810062831451_OR9030.PDF,"Revision (MTO)",NO,,,,,,,LO,5134,LO-005134,false,,,,,,false,2023-11-14,,,,,,,,,,,,
WO,2110,WO-2110,,,-,,,,SPA-BU,4242,SPA-BU04242,"System Administrator",Cerrado,"2023-11-14 18:35:21","2023-11-15 12:15:54","2112302031531_BU4242-REVISION__MTO_-10-08-2018.PDF","2112302031531_BU4242-REVISION__MTO_-10-08-2018.PDF","Revision (MTO)",NO,,,,,,,LO,708,LO-000708,false,,,,,,false,2023-11-14,,,,,,,,,,,,
WO,4027,WO-4027,,,-,,,,SPA-ZA,6944,SPA-ZA06944,"System Administrator",Cerrado,"2024-01-18 17:34:28","2024-01-18 18:01:52","160949259307_ZA6944-_CON_DEFECTOS.PDF","160949259307_ZA6944-_CON_DEFECTOS.PDF","Revision (MTO)",NO,,,,,,10.10.2024,LO,7636,LO-007636,false,,,,,,false,2024-01-18,,,,,,,,,,,,
WO,2951,WO-2951,,,-,,,,SPA-HX,9809,SPA-HX09809,"System Administrator",Cerrado,"2023-11-14 18:55:04","2023-11-15 12:07:57","221407553448_REVISION_ANUAL_CT_HX9809_2021.PDF","221407553448_REVISION_ANUAL_CT_HX9809_2021.PDF","Revision (MTO)",NO,,,,,,,LO,2995,LO-002995,false,,,,,,false,2023-11-14,,,,,,,,,,,,
WO,4492,WO-4492,SAR,149,SAR-000149,SPA-MX,344,SPA-MX00344,,,,"Noemia josilda fátima  Gomes dos santos",Abierto,"2024-01-26 13:32:44","2024-01-26 13:32:59",SPA-MX00344,"CAMBIO DE TUBOS",Normal,NO,,,,,,,,,-,false,,,,,,false,2024-01-26,,,,,,,,,,,,
WO,4551,WO-4551,,,-,,,,,,,"DNO acceso OSP",Cancelado,"2024-01-29 11:53:34","2024-01-29 12:28:03","MX6406     443911","MEDIDAS Y FUSIONES DE FIBRA ÓPRICA / PROYECTO FTTN-FTTX.",Auditoría,NO,"2024-02-05 08:00:00","2024-02-16 18:00:00",,,,,,,-,false,,,,,,false,2024-01-29,,,,,,,,,,,,
WO,2757,WO-2757,,,-,,,,SPA-ZA,6952,SPA-ZA06952,"System Administrator",Cerrado,"2023-11-14 18:50:31","2023-11-15 12:10:20","2112342421867_ZA6952-INSPECCION__OCA_-22-09-2020.PDF","2112342421867_ZA6952-INSPECCION__OCA_-22-09-2020.PDF","Inspecciones (OCA)",NO,,,,,,22.09.2023,LO,7642,LO-007642,false,,,,,,false,2023-11-14,,,,,,,,,,,,
WO,4352,WO-4352,,,-,,,,SPA-LE,1951,SPA-LE01951,"System Administrator",Cerrado,"2024-01-18 17:42:03","2024-01-18 18:05:10",0414173824545_LE1951.PDF,0414173824545_LE1951.PDF,"Inspecciones (OCA)",NO,,,,,,,LO,3502,LO-003502,false,,,,,,false,2024-01-18,,,,,,,,,,,,
WO,4386,WO-4386,,,-,,,,SPA-TO,541,SPA-TO00541,"System Administrator",Cerrado,"2024-01-18 17:42:49","2024-01-18 18:05:30","1908381631948_CERT_AT-TO-017-2_22_TOTEM_TO0541_CARRICHES_CT.PDF","1908381631948_CERT_AT-TO-017-2_22_TOTEM_TO0541_CARRICHES_CT.PDF","Inspecciones (OCA)",NO,,,,,,,LO,6744,LO-006744,false,,,,,,false,2024-01-18,,,,,,,,,,,,
WO,3303,WO-3303,,,-,,,,SPA-BA,321,SPA-BA00321,"System Administrator",Cerrado,"2023-11-14 19:03:04","2023-11-15 12:10:19","1509402327373_BA0321-VILLANUEVA_DE_LA_SERENA-20220127.DOCX","1509402327373_BA0321-VILLANUEVA_DE_LA_SERENA-20220127.DOCX","Revision (MTO)",NO,,,,,,,LO,410,LO-000410,false,,,,,,false,2023-11-14,,,,,,,,,,,,
WO,2997,WO-2997,,,-,,,,SPA-CC,6314,SPA-CC06314,"System Administrator",Cerrado,"2023-11-14 18:56:07","2023-11-15 12:14:44","2209381327911_REVISION_VISUAL_CT_CC6314_2021.PDF","2209381327911_REVISION_VISUAL_CT_CC6314_2021.PDF","Revision (MTO)",NO,,,,,,,LO,1563,LO-001563,false,,,,,,false,2023-11-14,,,,,,,,,,,,
WO,3277,WO-3277,,,-,,,,SPA-LE,1501,SPA-LE01501,"System Administrator",Cerrado,"2023-11-14 19:02:27","2023-11-15 12:13:46","191038376714_PARTE_INCIDENCIA.PDF","191038376714_PARTE_INCIDENCIA.PDF","Revision (MTO)",NO,,,,,,,LO,3437,LO-003437,false,,,,,,false,2023-11-14,,,,,,,,,,,,
WO,1983,WO-1983,,,-,,,,SPA-VX,44,SPA-VX00044,"System Administrator",Cerrado,"2023-11-14 18:32:18","2023-11-15 12:06:05","2711075615268_460_AT_0042_21-1__VX0044.PDF","2711075615268_460_AT_0042_21-1__VX0044.PDF","Inspecciones (OCA)",NO,,,,,,20.04.2024,LO,7232,LO-007232,false,,,,,,false,2023-11-14,,,,,,,,,,,,
WO,2651,WO-2651,,,-,,,,SPA-BU,4155,SPA-BU04155,"System Administrator",Cerrado,"2023-11-14 18:48:07","2023-11-15 12:09:13","2112312117013_BU4155-INSPECCION__OCA_-15-10-2020.PDF","2112312117013_BU4155-INSPECCION__OCA_-15-10-2020.PDF","Inspecciones (OCA)",NO,,,,,,15.10.2023,LO,664,LO-000664,false,,,,,,false,2023-11-14,,,,,,,,,,,,
WO,2186,WO-2186,,,-,,,,SPA-SO,9844,SPA-SO09844,"System Administrator",Cerrado,"2023-11-14 18:37:12","2023-11-15 12:13:29","211230294769_SO9844-REVISION__MTO_-10-07-2019.PDF","211230294769_SO9844-REVISION__MTO_-10-07-2019.PDF","Revision (MTO)",NO,,,,,,,LO,6151,LO-006151,false,,,,,,false,2023-11-14,,,,,,,,,,,,
WO,4357,WO-4357,,,-,,,,SPA-LE,9995,SPA-LE09995,"System Administrator",Cerrado,"2024-01-18 17:42:09","2024-01-18 18:05:13",0508260415979_LE9995.PDF,0508260415979_LE9995.PDF,"Inspecciones (OCA)",NO,,,,,,,LO,3512,LO-003512,false,,,,,,false,2024-01-18,,,,,,,,,,,,
WO,2382,WO-2382,,,-,,,,SPA-CR,3424,SPA-CR03424,"System Administrator",Cerrado,"2023-11-14 18:41:51","2023-11-15 12:07:22","211230491563_CR3424-REVISION__MTO_-11-02-2019.PDF","211230491563_CR3424-REVISION__MTO_-11-02-2019.PDF","Revision (MTO)",NO,,,,,,,LO,1801,LO-001801,false,,,,,,false,2023-11-14,,,,,,,,,,,,
WO,2643,WO-2643,,,-,,,,SPA-BU,4242,SPA-BU04242,"System Administrator",Cerrado,"2023-11-14 18:47:56","2023-11-15 12:15:04","211231208007_BU4242-INSPECCION__OCA_-06-10-2020.PDF","211231208007_BU4242-INSPECCION__OCA_-06-10-2020.PDF","Inspecciones (OCA)",NO,,,,,,06.10.2023,LO,708,LO-000708,false,,,,,,false,2023-11-14,,,,,,,,,,,,
WO,2415,WO-2415,,,-,,,,SPA-CU,8316,SPA-CU08316,"System Administrator",Cerrado,"2023-11-14 18:42:39","2023-11-15 12:17:17","2112305265_CU8316-REVISION__MTO_-12-03-2019.PDF","2112305265_CU8316-REVISION__MTO_-12-03-2019.PDF","Revision (MTO)",NO,,,,,,,LO,1978,LO-001978,false,,,,,,false,2023-11-14,,,,,,,,,,,,
WO,4108,WO-4108,,,-,,,,SPA-VI,8734,SPA-VI08734,"System Administrator",Cerrado,"2024-01-18 17:36:26","2024-01-18 18:02:42","1110131114759_VI8734-REV_MTO_24_08_23.PDF","1110131114759_VI8734-REV_MTO_24_08_23.PDF","Revision (MTO)",NO,,,,,,24.08.2024,LO,7177,LO-007177,false,,,,,,false,2024-01-18,,,,,,,,,,,,
WO,4015,WO-4015,,,-,,,,SPA-SG,9304,SPA-SG09304,"System Administrator",Cerrado,"2024-01-18 17:34:10","2024-01-18 18:01:45",2712250512603_SG9304.PDF,2712250512603_SG9304.PDF,"Revision (MTO)",NO,,,,,,07.10.2024,LO,6075,LO-006075,false,,,,,,false,2024-01-18,,,,,,,,,,,,
WO,2126,WO-2126,,,-,,,,SPA-AV,8943,SPA-AV08943,"System Administrator",Cerrado,"2023-11-14 18:35:46","2023-11-15 12:24:52","2112302431202_AV8943-REVISION__MTO_-08-08-2019.PDF","2112302431202_AV8943-REVISION__MTO_-08-08-2019.PDF","Revision (MTO)",NO,,,,,,,LO,222,LO-000222,false,,,,,,false,2023-11-14,,,,,,,,,,,,
WO,3032,WO-3032,,,-,,,,SPA-SO,9832,SPA-SO09832,"System Administrator",Cerrado,"2023-11-14 18:56:55","2023-11-15 12:09:32",1808504226364_SO9832.PDF,1808504226364_SO9832.PDF,"Revision (MTO)",NO,,,,,,,LO,6146,LO-006146,false,,,,,,false,2023-11-14,,,,,,,,,,,,
WO,2363,WO-2363,,,-,,,,SPA-TO,112,SPA-TO00112,"System Administrator",Cerrado,"2023-11-14 18:41:25","2023-11-15 12:10:10","211230489462_TO0112-REVISION__MTO_-04-02-2019.PDF","211230489462_TO0112-REVISION__MTO_-04-02-2019.PDF","Revision (MTO)",NO,,,,,,,LO,6678,LO-006678,false,,,,,,false,2023-11-14,,,,,,,,,,,,
WO,2442,WO-2442,,,-,,,,SPA-GU,9112,SPA-GU09112,"System Administrator",Cerrado,"2023-11-14 18:43:18","2023-11-15 12:14:59","2112305417461_GU9112-REVISION__MTO_-06-03-2019.PDF","2112305417461_GU9112-REVISION__MTO_-06-03-2019.PDF","Revision (MTO)",NO,,,,,,,LO,2759,LO-002759,false,,,,,,false,2023-11-14,,,,,,,,,,,,
WO,2149,WO-2149,,,-,,,,SPA-BU,4361,SPA-BU04361,"System Administrator",Cerrado,"2023-11-14 18:36:20","2023-11-15 12:07:52","2112302622012_BU4361-REVISION__MTO_-08-08-2019.PDF","2112302622012_BU4361-REVISION__MTO_-08-08-2019.PDF","Revision (MTO)",NO,,,,,,,LO,748,LO-000748,false,,,,,,false,2023-11-14,,,,,,,,,,,,
WO,3026,WO-3026,,,-,,,,SPA-SA,5750,SPA-SA05750,"System Administrator",Cerrado,"2023-11-14 18:56:47","2023-11-15 12:08:41",1810423812407_SA5750.PDF,1810423812407_SA5750.PDF,"Revision (MTO)",NO,,,,,,,LO,5706,LO-005706,false,,,,,,false,2023-11-14,,,,,,,,,,,,
WO,2228,WO-2228,,,-,,,,SPA-VA,2171,SPA-VA02171,"System Administrator",Cerrado,"2023-11-14 18:38:12","2023-11-15 12:12:52","2112303417421_VA2171-REVISION__MTO_-08-10-2019.PDF","2112303417421_VA2171-REVISION__MTO_-08-10-2019.PDF","Revision (MTO)",NO,,,,,,,LO,7028,LO-007028,false,,,,,,false,2023-11-14,,,,,,,,,,,,
WO,3783,WO-3783,,,-,,,,SPA-VA,2288,SPA-VA02288,"System Administrator",Cerrado,"2023-11-14 19:14:15","2023-11-15 12:24:40",2508475518301_VA2288.PDF,2508475518301_VA2288.PDF,"Revision (MTO)",NO,,,,,,,LO,7100,LO-007100,false,,,,,,false,2023-11-14,,,,,,,,,,,,
WO,3333,WO-3333,,,-,,,,SPA-CO,7209,SPA-CO07209,"System Administrator",Cerrado,"2023-11-14 19:03:45","2023-11-15 12:22:00","111005423846_OCA_LAT_CO7209_2022.PDF","111005423846_OCA_LAT_CO7209_2022.PDF","Inspecciones (OCA)",NO,,,,,,10.03.2025,LO,1647,LO-001647,false,,,,,,false,2023-11-14,,,,,,,,,,,,
WO,2529,WO-2529,,,-,,,,SPA-LE,651,SPA-LE00651,"System Administrator",Cerrado,"2023-11-14 18:45:22","2023-11-15 12:18:08","2112310914428_LE0651-REVISION__MTO_-23-06-2020.PDF","2112310914428_LE0651-REVISION__MTO_-23-06-2020.PDF","Revision (MTO)",NO,,,,,,,LO,3412,LO-003412,false,,,,,,false,2023-11-14,,,,,,,,,,,,
WO,4066,WO-4066,,,-,,,,SPA-TO,59,SPA-TO00059,"System Administrator",Cerrado,"2024-01-18 17:35:24","2024-01-18 18:02:16","311021407956_TO0059-REV_MAT_19_06_23.PDF","311021407956_TO0059-REV_MAT_19_06_23.PDF","Revision (MTO)",NO,,,,,,19.06.2024,LO,6656,LO-006656,false,,,,,,false,2024-01-18,,,,,,,,,,,,
WO,3408,WO-3408,,,-,,,,SPA-CU,8405,SPA-CU08405,"System Administrator",Cerrado,"2023-11-14 19:05:28","2023-11-15 12:05:44","2510270617117_CU8405-TOTEM.PDF","2510270617117_CU8405-TOTEM.PDF","Revision (MTO)",NO,,,,,,,LO,1995,LO-001995,false,,,,,,false,2023-11-14,,,,,,,,,,,,
WO,2641,WO-2641,,,-,,,,SPA-BU,4244,SPA-BU04244,"System Administrator",Cerrado,"2023-11-14 18:47:54","2023-11-15 12:22:06","2112312026124_BU4244-INSPECCION__OCA_-06-10-2020.PDF","2112312026124_BU4244-INSPECCION__OCA_-06-10-2020.PDF","Inspecciones (OCA)",NO,,,,,,06.10.2023,LO,709,LO-000709,false,,,,,,false,2023-11-14,,,,,,,,,,,,
WO,3285,WO-3285,,,-,,,,SPA-LE,1501,SPA-LE01501,"System Administrator",Cerrado,"2023-11-14 19:02:38","2023-11-15 12:20:12","021020277863_PARTE_INCIDENCIA.PDF","021020277863_PARTE_INCIDENCIA.PDF","Revision (MTO)",NO,,,,,,,LO,3437,LO-003437,false,,,,,,false,2023-11-14,,,,,,,,,,,,
WO,4311,WO-4311,,,-,,,,SPA-SG,9686,SPA-SG09686,"System Administrator",Cerrado,"2024-01-18 17:41:08","2024-01-18 18:04:46",1608383121190_SG9686.PDF,1608383121190_SG9686.PDF,"Inspecciones (OCA)",NO,,,,,,,LO,6100,LO-006100,false,,,,,,false,2024-01-18,,,,,,,,,,,,
WO,2276,WO-2276,,,-,,,,SPA-LE,1951,SPA-LE01951,"System Administrator",Cerrado,"2023-11-14 18:39:19","2023-11-15 12:15:42","211230418346_LE1951-REVISION__MTO_-10-06-2019.PDF","211230418346_LE1951-REVISION__MTO_-10-06-2019.PDF","Revision (MTO)",NO,,,,,,,LO,3502,LO-003502,false,,,,,,false,2023-11-14,,,,,,,,,,,,
WO,3442,WO-3442,,,-,,,,SPA-TO,411,SPA-TO00411,"System Administrator",Cerrado,"2023-11-14 19:06:15","2023-11-15 12:07:49","0710071025135_TO0411-TOTEM.PDF","0710071025135_TO0411-TOTEM.PDF","Revision (MTO)",NO,,,,,,,LO,6717,LO-006717,false,,,,,,false,2023-11-14,,,,,,,,,,,,
WO,4045,WO-4045,,,-,,,,SPA-ZX,519,SPA-ZX00519,"System Administrator",Cerrado,"2024-01-18 17:34:54","2024-01-18 18:02:03","0111343522481_ZX0519-REV_MTO_13_07_23.PDF","0111343522481_ZX0519-REV_MTO_13_07_23.PDF","Revision (MTO)",NO,,,,,,13.07.2024,LO,7776,LO-007776,false,,,,,,false,2024-01-18,,,,,,,,,,,,
WO,3186,WO-3186,,,-,,,,SPA-GU,9200,SPA-GU09200,"System Administrator",Cerrado,"2023-11-14 19:00:20","2023-11-15 12:15:36",2513282723427_GU9200.PDF,2513282723427_GU9200.PDF,"Inspecciones (OCA)",NO,,,,,,16.07.2024,LO,2803,LO-002803,false,,,,,,false,2023-11-14,,,,,,,,,,,,
WO,3362,WO-3362,,,-,,,,SPA-CR,3311,SPA-CR03311,"System Administrator",Cerrado,"2023-11-14 19:04:25","2023-11-15 12:13:15","1909390428470_CR3311-TOTEM.PDF","1909390428470_CR3311-TOTEM.PDF","Revision (MTO)",NO,,,,,,,LO,1790,LO-001790,false,,,,,,false,2023-11-14,,,,,,,,,,,,
WO,3829,WO-3829,,,-,,,,SPA-CO,6710,SPA-CO06710,"System Administrator",Cerrado,"2024-01-18 17:29:35","2024-01-18 17:59:48","1008555319135_CO6710-REVISION__MTO_-07-08-2023.PDF","1008555319135_CO6710-REVISION__MTO_-07-08-2023.PDF","Revision (MTO)",NO,,,,,,,LO,1597,LO-001597,false,,,,,,false,2024-01-18,,,,,,,,,,,,
WO,3956,WO-3956,,,-,,,,SPA-GU,9162,SPA-GU09162,"System Administrator",Cerrado,"2024-01-18 17:32:44","2024-01-18 18:01:08","191110199082_GU9162-REV_MTO_30-03-2023.PDF","191110199082_GU9162-REV_MTO_30-03-2023.PDF","Revision (MTO)",NO,,,,,,,LO,2787,LO-002787,false,,,,,,false,2024-01-18,,,,,,,,,,,,
WO,3880,WO-3880,,,-,,,,SPA-LE,1676,SPA-LE01676,"System Administrator",Cerrado,"2024-01-18 17:30:52","2024-01-18 18:00:21","1910062528968_LE1676-CON_DEFECTOS.PDF","1910062528968_LE1676-CON_DEFECTOS.PDF","Revision (MTO)",NO,,,,,,,LO,3463,LO-003463,false,,,,,,false,2024-01-18,,,,,,,,,,,,
WO,2480,WO-2480,,,-,,,,SPA-AB,27,SPA-AB00027,"System Administrator",Cerrado,"2023-11-14 18:44:15","2023-11-15 12:05:01","211231023690_AB0027-REVISION__MTO_-27-04-2020.DOC","211231023690_AB0027-REVISION__MTO_-27-04-2020.DOC","Revision (MTO)",NO,,,,,,,LO,6,LO-000006,false,,,,,,false,2023-11-14,,,,,,,,,,,,
WO,4385,WO-4385,,,-,,,,SPA-TO,122,SPA-TO00122,"System Administrator",Cerrado,"2024-01-18 17:42:47","2024-01-18 18:05:30","1908323130043_CERT_AT-TO-018-2_22_TOTEM_TO0122_TALAVERA_DE_LA_REINA_CT.PDF","1908323130043_CERT_AT-TO-018-2_22_TOTEM_TO0122_TALAVERA_DE_LA_REINA_CT.PDF","Inspecciones (OCA)",NO,,,,,,,LO,6685,LO-006685,false,,,,,,false,2024-01-18,,,,,,,,,,,,
WO,4430,WO-4430,SAR,51,SAR-000051,SPA-GC,9219,SPA-GC09219,,,,"Marino Barrera",Abierto,"2024-01-23 12:35:55","2024-01-23 12:38:51","Replanteo SSAA SPA-GC09219","Replanteo SSAA SPA-GC09219",Infraestructura,NO,,,,,,,,,-,false,,,,,,false,2024-01-23,,,,,,,,,,,,
